0 -10
0.01 -8.74524
0.02 -8.74199
0.03 -8.73872
0.04 -8.73544
0.05 -8.73215
0.06 -8.72885
0.07 -8.72554
0.08 -8.72221
0.09 -8.71887
0.1 -8.71552
0.11 -8.71215
0.12 -8.70878
0.13 -8.70539
0.14 -8.70199
0.15 -8.69857
0.16 -8.69515
0.17 -8.69171
0.18 -8.68826
0.19 -8.68479
0.2 -8.68132
0.21 -8.67783
0.22 -8.67432
0.23 -8.67081
0.24 -8.66728
0.25 -8.66374
0.26 -8.66019
0.27 -8.65663
0.28 -8.65305
0.29 -8.64946
0.3 -8.64586
0.31 -8.64224
0.32 -8.63862
0.33 -8.63498
0.34 -8.63132
0.35 -8.62766
0.36 -8.62398
0.37 -8.62029
0.38 -8.61658
0.39 -8.61287
0.4 -8.60914
0.41 -8.6054
0.42 -8.60164
0.43 -8.59788
0.44 -8.5941
0.45 -8.59031
0.46 -8.5865
0.47 -8.58269
0.48 -8.57886
0.49 -8.57501
0.5 -8.57116
0.51 -8.56729
0.52 -8.56341
0.53 -8.55952
0.54 -8.55561
0.55 -8.5517
0.56 -8.54777
0.57 -8.54382
0.58 -8.53987
0.59 -8.5359
0.6 -8.53192
0.61 -8.52793
0.62 -8.52392
0.63 -8.5199
0.64 -8.51587
0.65 -8.51183
0.66 -8.50778
0.67 -8.50371
0.68 -8.49963
0.69 -8.49554
0.7 -8.49144
0.71 -8.48732
0.72 -8.48319
0.73 -8.47905
0.74 -8.4749
0.75 -8.47073
0.76 -8.46655
0.77 -8.46237
0.78 -8.45816
0.79 -8.45395
0.8 -8.44973
0.81 -8.44549
0.82 -8.44124
0.83 -8.43698
0.84 -8.4327
0.85 -8.42842
0.86 -8.42412
0.87 -8.41981
0.88 -8.41549
0.89 -8.41116
0.9 -8.40682
0.91 -8.40246
0.92 -8.39809
0.93 -8.39371
0.94 -8.38932
0.95 -8.38492
0.96 -8.38051
0.97 -8.37608
0.98 -8.37165
0.99 -8.3672
1 -8.36274
1.01 -8.35827
1.02 -8.35379
1.03 -8.3493
1.04 -8.3448
1.05 -8.34028
1.06 -8.33576
1.07 -8.33122
1.08 -8.32667
1.09 -8.32211
1.1 -8.31754
1.11 -8.31296
1.12 -8.30837
1.13 -8.30377
1.14 -8.29916
1.15 -8.29454
1.16 -8.2899
1.17 -8.28526
1.18 -8.2806
1.19 -8.27594
1.2 -8.27126
1.21 -8.26658
1.22 -8.26188
1.23 -8.25718
1.24 -8.25246
1.25 -8.24773
1.26 -8.243
1.27 -8.23825
1.28 -8.23349
1.29 -8.22873
1.3 -8.22395
1.31 -8.21916
1.32 -8.21437
1.33 -8.20956
1.34 -8.20474
1.35 -8.19992
1.36 -8.19508
1.37 -8.19024
1.38 -8.18538
1.39 -8.18052
1.4 -8.17565
1.41 -8.17076
1.42 -8.16587
1.43 -8.16097
1.44 -8.15606
1.45 -8.15114
1.46 -8.14621
1.47 -8.14127
1.48 -8.13632
1.49 -8.13136
1.5 -8.1264
1.51 -8.12142
1.52 -8.11644
1.53 -8.11144
1.54 -8.10644
1.55 -8.10143
1.56 -8.09641
1.57 -8.09138
1.58 -8.08634
1.59 -8.08129
1.6 -8.07624
1.61 -8.07117
1.62 -8.06609
1.63 -8.06101
1.64 -8.05592
1.65 -8.05082
1.66 -8.04571
1.67 -8.04059
1.68 -8.03546
1.69 -8.03032
1.7 -8.02518
1.71 -8.02002
1.72 -8.01486
1.73 -8.00969
1.74 -8.0045
1.75 -7.99931
1.76 -7.99411
1.77 -7.98891
1.78 -7.98369
1.79 -7.97846
1.8 -7.97322
1.81 -7.96798
1.82 -7.96272
1.83 -7.95746
1.84 -7.95219
1.85 -7.9469
1.86 -7.94161
1.87 -7.93631
1.88 -7.931
1.89 -7.92567
1.9 -7.92034
1.91 -7.915
1.92 -7.90965
1.93 -7.90429
1.94 -7.89892
1.95 -7.89354
1.96 -7.88814
1.97 -7.88274
1.98 -7.87733
1.99 -7.87191
2 -7.86647
2.01 -7.86102
2.02 -7.85557
2.03 -7.8501
2.04 -7.84462
2.05 -7.83913
2.06 -7.83363
2.07 -7.82811
2.08 -7.82258
2.09 -7.81705
2.1 -7.81149
2.11 -7.80593
2.12 -7.80035
2.13 -7.79476
2.14 -7.78916
2.15 -7.78354
2.16 -7.77791
2.17 -7.77227
2.18 -7.76661
2.19 -7.76094
2.2 -7.75525
2.21 -7.74955
2.22 -7.74383
2.23 -7.7381
2.24 -7.73235
2.25 -7.72658
2.26 -7.7208
2.27 -7.715
2.28 -7.70919
2.29 -7.70335
2.3 -7.6975
2.31 -7.69164
2.32 -7.68575
2.33 -7.67985
2.34 -7.67392
2.35 -7.66798
2.36 -7.66202
2.37 -7.65603
2.38 -7.65003
2.39 -7.64401
2.4 -7.63796
2.41 -7.63189
2.42 -7.6258
2.43 -7.61969
2.44 -7.61356
2.45 -7.6074
2.46 -7.60121
2.47 -7.59501
2.48 -7.58878
2.49 -7.58252
2.5 -7.57624
2.51 -7.56993
2.52 -7.56359
2.53 -7.55723
2.54 -7.55084
2.55 -7.54442
2.56 -7.53797
2.57 -7.53149
2.58 -7.52498
2.59 -7.51844
2.6 -7.51187
2.61 -7.50527
2.62 -7.49864
2.63 -7.49197
2.64 -7.48527
2.65 -7.47854
2.66 -7.47177
2.67 -7.46497
2.68 -7.45813
2.69 -7.45125
2.7 -7.44434
2.71 -7.43739
2.72 -7.4304
2.73 -7.42338
2.74 -7.41631
2.75 -7.4092
2.76 -7.40206
2.77 -7.39487
2.78 -7.38764
2.79 -7.38037
2.8 -7.37305
2.81 -7.3657
2.82 -7.35829
2.83 -7.35084
2.84 -7.34335
2.85 -7.33581
2.86 -7.32823
2.87 -7.32059
2.88 -7.31291
2.89 -7.30518
2.9 -7.2974
2.91 -7.28958
2.92 -7.2817
2.93 -7.27377
2.94 -7.26579
2.95 -7.25776
2.96 -7.24968
2.97 -7.24154
2.98 -7.23335
2.99 -7.22511
3 -7.21681
3.01 -7.20846
3.02 -7.20006
3.03 -7.1916
3.04 -7.18308
3.05 -7.17451
3.06 -7.16589
3.07 -7.1572
3.08 -7.14846
3.09 -7.13967
3.1 -7.13081
3.11 -7.1219
3.12 -7.11294
3.13 -7.10391
3.14 -7.09483
3.15 -7.08569
3.16 -7.07649
3.17 -7.06724
3.18 -7.05793
3.19 -7.04856
3.2 -7.03914
3.21 -7.02966
3.22 -7.02012
3.23 -7.01052
3.24 -7.00087
3.25 -6.99117
3.26 -6.98141
3.27 -6.9716
3.28 -6.96173
3.29 -6.95181
3.3 -6.94183
3.31 -6.93181
3.32 -6.92173
3.33 -6.9116
3.34 -6.90143
3.35 -6.8912
3.36 -6.88093
3.37 -6.87061
3.38 -6.86025
3.39 -6.84984
3.4 -6.83939
3.41 -6.8289
3.42 -6.81836
3.43 -6.80779
3.44 -6.79718
3.45 -6.78653
3.46 -6.77585
3.47 -6.76514
3.48 -6.75439
3.49 -6.74362
3.5 -6.73282
3.51 -6.72199
3.52 -6.71114
3.53 -6.70026
3.54 -6.68937
3.55 -6.67846
3.56 -6.66753
3.57 -6.65659
3.58 -6.64563
3.59 -6.63467
3.6 -6.6237
3.61 -6.61272
3.62 -6.60174
3.63 -6.59077
3.64 -6.57979
3.65 -6.56882
3.66 -6.55786
3.67 -6.5469
3.68 -6.53596
3.69 -6.52503
3.7 -6.51412
3.71 -6.50323
3.72 -6.49236
3.73 -6.48152
3.74 -6.4707
3.75 -6.45992
3.76 -6.44916
3.77 -6.43844
3.78 -6.42776
3.79 -6.41712
3.8 -6.40653
3.81 -6.39597
3.82 -6.38547
3.83 -6.37502
3.84 -6.36461
3.85 -6.35427
3.86 -6.34398
3.87 -6.33375
3.88 -6.32358
3.89 -6.31348
3.9 -6.30344
3.91 -6.29348
3.92 -6.28358
3.93 -6.27375
3.94 -6.264
3.95 -6.25433
3.96 -6.24474
3.97 -6.23522
3.98 -6.22579
3.99 -6.21644
4 -6.20718
4.01 -6.198
4.02 -6.18891
4.03 -6.17991
4.04 -6.171
4.05 -6.16218
4.06 -6.15346
4.07 -6.14483
4.08 -6.13629
4.09 -6.12786
4.1 -6.11951
4.11 -6.11127
4.12 -6.10312
4.13 -6.09508
4.14 -6.08713
4.15 -6.07928
4.16 -6.07154
4.17 -6.06389
4.18 -6.05635
4.19 -6.04891
4.2 -6.04156
4.21 -6.03432
4.22 -6.02719
4.23 -6.02015
4.24 -6.01321
4.25 -6.00638
4.26 -5.99964
4.27 -5.99301
4.28 -5.98648
4.29 -5.98004
4.3 -5.97371
4.31 -5.96747
4.32 -5.96134
4.33 -5.9553
4.34 -5.94936
4.35 -5.94351
4.36 -5.93776
4.37 -5.93211
4.38 -5.92655
4.39 -5.92108
4.4 -5.9157
4.41 -5.91042
4.42 -5.90523
4.43 -5.90013
4.44 -5.89511
4.45 -5.89019
4.46 -5.88535
4.47 -5.88059
4.48 -5.87593
4.49 -5.87134
4.5 -5.86684
4.51 -5.86242
4.52 -5.85808
4.53 -5.85382
4.54 -5.84964
4.55 -5.84553
4.56 -5.8415
4.57 -5.83755
4.58 -5.83367
4.59 -5.82986
4.6 -5.82613
4.61 -5.82246
4.62 -5.81887
4.63 -5.81534
4.64 -5.81188
4.65 -5.80849
4.66 -5.80516
4.67 -5.80189
4.68 -5.79869
4.69 -5.79555
4.7 -5.79247
4.71 -5.78945
4.72 -5.78649
4.73 -5.78358
4.74 -5.78073
4.75 -5.77794
4.76 -5.7752
4.77 -5.77251
4.78 -5.76988
4.79 -5.7673
4.8 -5.76477
4.81 -5.76228
4.82 -5.75985
4.83 -5.75746
4.84 -5.75512
4.85 -5.75283
4.86 -5.75058
4.87 -5.74837
4.88 -5.74621
4.89 -5.74409
4.9 -5.74201
4.91 -5.73996
4.92 -5.73796
4.93 -5.736
4.94 -5.73408
4.95 -5.73219
4.96 -5.73034
4.97 -5.72852
4.98 -5.72674
4.99 -5.72499
5 -5.72328
5.01 -5.7216
5.02 -5.71995
5.03 -5.71833
5.04 -5.71674
5.05 -5.71519
5.06 -5.71366
5.07 -5.71216
5.08 -5.71068
5.09 -5.70924
5.1 -5.70782
5.11 -5.70643
5.12 -5.70506
5.13 -5.70372
5.14 -5.7024
5.15 -5.70111
5.16 -5.69984
5.17 -5.69859
5.18 -5.69736
5.19 -5.69616
5.2 -5.69498
5.21 -5.69381
5.22 -5.69267
5.23 -5.69155
5.24 -5.69045
5.25 -5.68936
5.26 -5.6883
5.27 -5.68725
5.28 -5.68622
5.29 -5.68521
5.3 -5.68421
5.31 -5.68323
5.32 -5.68227
5.33 -5.68132
5.34 -5.68039
5.35 -5.67947
5.36 -5.67856
5.37 -5.67767
5.38 -5.6768
5.39 -5.67593
5.4 -5.67508
5.41 -5.67425
5.42 -5.67342
5.43 -5.67261
5.44 -5.67181
5.45 -5.67102
5.46 -5.67024
5.47 -5.66948
5.48 -5.66872
5.49 -5.66797
5.5 -5.66724
5.51 -5.66651
5.52 -5.66579
5.53 -5.66509
5.54 -5.66439
5.55 -5.6637
5.56 -5.66302
5.57 -5.66234
5.58 -5.66168
5.59 -5.66102
5.6 -5.66037
5.61 -5.65973
5.62 -5.6591
5.63 -5.65847
5.64 -5.65785
5.65 -5.65723
5.66 -5.65662
5.67 -5.65602
5.68 -5.65543
5.69 -5.65484
5.7 -5.65425
5.71 -5.65367
5.72 -5.6531
5.73 -5.65253
5.74 -5.65197
5.75 -5.65141
5.76 -5.65085
5.77 -5.6503
5.78 -5.64975
5.79 -5.64921
5.8 -5.64867
5.81 -5.64814
5.82 -5.64761
5.83 -5.64708
5.84 -5.64656
5.85 -5.64604
5.86 -5.64552
5.87 -5.64501
5.88 -5.64449
5.89 -5.64398
5.9 -5.64348
5.91 -5.64297
5.92 -5.64247
5.93 -5.64197
5.94 -5.64147
5.95 -5.64098
5.96 -5.64049
5.97 -5.63999
5.98 -5.6395
5.99 -5.63901
6 -5.63853
6.01 -5.63804
6.02 -5.63756
6.03 -5.63707
6.04 -5.63659
6.05 -5.63611
6.06 -5.63563
6.07 -5.63515
6.08 -5.63467
6.09 -5.63419
6.1 -5.63371
6.11 -5.63323
6.12 -5.63276
6.13 -5.63228
6.14 -5.6318
6.15 -5.63133
6.16 -5.63085
6.17 -5.63037
6.18 -5.6299
6.19 -5.62942
6.2 -5.62895
6.21 -5.62847
6.22 -5.62799
6.23 -5.62752
6.24 -5.62704
6.25 -5.62656
6.26 -5.62608
6.27 -5.62561
6.28 -5.62513
6.29 -5.62465
6.3 -5.62417
6.31 -5.62369
6.32 -5.62321
6.33 -5.62273
6.34 -5.62225
6.35 -5.62177
6.36 -5.62128
6.37 -5.6208
6.38 -5.62032
6.39 -5.61983
6.4 -5.61935
6.41 -5.61886
6.42 -5.61838
6.43 -5.61789
6.44 -5.6174
6.45 -5.61692
6.46 -5.61643
6.47 -5.61594
6.48 -5.61545
6.49 -5.61496
6.5 -5.61447
6.51 -5.61398
6.52 -5.61349
6.53 -5.613
6.54 -5.61251
6.55 -5.61201
6.56 -5.61152
6.57 -5.61103
6.58 -5.61053
6.59 -5.61004
6.6 -5.60955
6.61 -5.60905
6.62 -5.60856
6.63 -5.60806
6.64 -5.60757
6.65 -5.60707
6.66 -5.60657
6.67 -5.60608
6.68 -5.60558
6.69 -5.60508
6.7 -5.60458
6.71 -5.60409
6.72 -5.60359
6.73 -5.60309
6.74 -5.60259
6.75 -5.60209
6.76 -5.60159
6.77 -5.60108
6.78 -5.60058
6.79 -5.60008
6.8 -5.59957
6.81 -5.59906
6.82 -5.59855
6.83 -5.59804
6.84 -5.59753
6.85 -5.59702
6.86 -5.5965
6.87 -5.59598
6.88 -5.59545
6.89 -5.59493
6.9 -5.5944
6.91 -5.59386
6.92 -5.59333
6.93 -5.59278
6.94 -5.59223
6.95 -5.59168
6.96 -5.59112
6.97 -5.59055
6.98 -5.58998
6.99 -5.5894
7 -5.58881
7.01 -5.58821
7.02 -5.58761
7.03 -5.58699
7.04 -5.58636
7.05 -5.58572
7.06 -5.58507
7.07 -5.58441
7.08 -5.58373
7.09 -5.58304
7.1 -5.58234
7.11 -5.58162
7.12 -5.58088
7.13 -5.58013
7.14 -5.57935
7.15 -5.57856
7.16 -5.57775
7.17 -5.57692
7.18 -5.57607
7.19 -5.5752
7.2 -5.57431
7.21 -5.57339
7.22 -5.57244
7.23 -5.57148
7.24 -5.57049
7.25 -5.56947
7.26 -5.56842
7.27 -5.56735
7.28 -5.56626
7.29 -5.56513
7.3 -5.56398
7.31 -5.5628
7.32 -5.56159
7.33 -5.56035
7.34 -5.55908
7.35 -5.55779
7.36 -5.55647
7.37 -5.55512
7.38 -5.55374
7.39 -5.55234
7.4 -5.55091
7.41 -5.54946
7.42 -5.54799
7.43 -5.54649
7.44 -5.54498
7.45 -5.54345
7.46 -5.5419
7.47 -5.54034
7.48 -5.53877
7.49 -5.53719
7.5 -5.5356
7.51 -5.53402
7.52 -5.53244
7.53 -5.53086
7.54 -5.5293
7.55 -5.52775
7.56 -5.52623
7.57 -5.52473
7.58 -5.52326
7.59 -5.52184
7.6 -5.52045
7.61 -5.51913
7.62 -5.51786
7.63 -5.51665
7.64 -5.51553
7.65 -5.51449
7.66 -5.51354
7.67 -5.5127
7.68 -5.51196
7.69 -5.51135
7.7 -5.51088
7.71 -5.51055
7.72 -5.51037
7.73 -5.51036
7.74 -5.51053
7.75 -5.5109
7.76 -5.51146
7.77 -5.51225
7.78 -5.51326
7.79 -5.51451
7.8 -5.51602
7.81 -5.5178
7.82 -5.51987
7.83 -5.52223
7.84 -5.5249
7.85 -5.52789
7.86 -5.53121
7.87 -5.53489
7.88 -5.53893
7.89 -5.54334
7.9 -5.54814
7.91 -5.55334
7.92 -5.55895
7.93 -5.56498
7.94 -5.57143
7.95 -5.57833
7.96 -5.58568
7.97 -5.59348
7.98 -5.60174
7.99 -5.61047
8 -5.61968
8.01 -5.62936
8.02 -5.63952
8.03 -5.65017
8.04 -5.66129
8.05 -5.6729
8.06 -5.68499
8.07 -5.69755
8.08 -5.71058
8.09 -5.72408
8.1 -5.73804
8.11 -5.75244
8.12 -5.76729
8.13 -5.78257
8.14 -5.79826
8.15 -5.81436
8.16 -5.83084
8.17 -5.84771
8.18 -5.86493
8.19 -5.88249
8.2 -5.90038
8.21 -5.91857
8.22 -5.93705
8.23 -5.95581
8.24 -5.97481
8.25 -5.99404
8.26 -6.01349
8.27 -6.03312
8.28 -6.05293
8.29 -6.0729
8.3 -6.093
8.31 -6.11321
8.32 -6.13352
8.33 -6.15392
8.34 -6.17437
8.35 -6.19487
8.36 -6.21541
8.37 -6.23596
8.38 -6.25651
8.39 -6.27705
8.4 -6.29756
8.41 -6.31804
8.42 -6.33846
8.43 -6.35883
8.44 -6.37912
8.45 -6.39934
8.46 -6.41946
8.47 -6.43949
8.48 -6.45941
8.49 -6.47923
8.5 -6.49892
8.51 -6.51849
8.52 -6.53794
8.53 -6.55725
8.54 -6.57642
8.55 -6.59545
8.56 -6.61434
8.57 -6.63309
8.58 -6.65168
8.59 -6.67012
8.6 -6.68841
8.61 -6.70655
8.62 -6.72453
8.63 -6.74235
8.64 -6.76002
8.65 -6.77752
8.66 -6.79488
8.67 -6.81207
8.68 -6.82911
8.69 -6.84599
8.7 -6.86271
8.71 -6.87927
8.72 -6.89568
8.73 -6.91194
8.74 -6.92804
8.75 -6.94399
8.76 -6.95979
8.77 -6.97543
8.78 -6.99093
8.79 -7.00627
8.8 -7.02147
8.81 -7.03653
8.82 -7.05144
8.83 -7.0662
8.84 -7.08082
8.85 -7.0953
8.86 -7.10965
8.87 -7.12385
8.88 -7.13792
8.89 -7.15185
8.9 -7.16565
8.91 -7.17931
8.92 -7.19284
8.93 -7.20625
8.94 -7.21952
8.95 -7.23267
8.96 -7.24569
8.97 -7.25859
8.98 -7.27136
8.99 -7.28402
9 -7.29655
9.01 -7.30896
9.02 -7.32126
9.03 -7.33344
9.04 -7.34551
9.05 -7.35746
9.06 -7.3693
9.07 -7.38103
9.08 -7.39265
9.09 -7.40416
9.1 -7.41556
9.11 -7.42686
9.12 -7.43806
9.13 -7.44915
9.14 -7.46013
9.15 -7.47102
9.16 -7.48181
9.17 -7.4925
9.18 -7.50309
9.19 -7.51359
9.2 -7.52399
9.21 -7.5343
9.22 -7.54451
9.23 -7.55464
9.24 -7.56467
9.25 -7.57461
9.26 -7.58447
9.27 -7.59424
9.28 -7.60392
9.29 -7.61352
9.3 -7.62303
9.31 -7.63247
9.32 -7.64182
9.33 -7.65109
9.34 -7.66028
9.35 -7.66939
9.36 -7.67842
9.37 -7.68738
9.38 -7.69626
9.39 -7.70506
9.4 -7.7138
9.41 -7.72245
9.42 -7.73104
9.43 -7.73956
9.44 -7.74801
9.45 -7.75638
9.46 -7.76469
9.47 -7.77293
9.48 -7.78111
9.49 -7.78922
9.5 -7.79726
9.51 -7.80524
9.52 -7.81316
9.53 -7.82101
9.54 -7.8288
9.55 -7.83654
9.56 -7.84421
9.57 -7.85182
9.58 -7.85937
9.59 -7.86687
9.6 -7.87431
9.61 -7.88169
9.62 -7.88902
9.63 -7.89629
9.64 -7.90351
9.65 -7.91067
9.66 -7.91778
9.67 -7.92484
9.68 -7.93185
9.69 -7.9388
9.7 -7.94571
9.71 -7.95256
9.72 -7.95937
9.73 -7.96612
9.74 -7.97283
9.75 -7.97949
9.76 -7.98611
9.77 -7.99268
9.78 -7.9992
9.79 -8.00567
9.8 -8.01211
9.81 -8.01849
9.82 -8.02484
9.83 -8.03114
9.84 -8.0374
9.85 -8.04361
9.86 -8.04978
9.87 -8.05592
9.88 -8.06201
9.89 -8.06806
9.9 -8.07407
9.91 -8.08004
9.92 -8.08597
9.93 -8.09186
9.94 -8.09771
9.95 -8.10353
9.96 -8.10931
9.97 -8.11505
9.98 -8.12075
9.99 -8.12642
10 -8.13205
10.001 -10
