0 5
0.01 3.90911
0.02 3.90945
0.03 3.9098
0.04 3.91015
0.05 3.91051
0.06 3.91086
0.07 3.91122
0.08 3.91158
0.09 3.91195
0.1 3.91231
0.11 3.91268
0.12 3.91305
0.13 3.91342
0.14 3.9138
0.15 3.91418
0.16 3.91456
0.17 3.91495
0.18 3.91533
0.19 3.91572
0.2 3.91611
0.21 3.91651
0.22 3.91691
0.23 3.91731
0.24 3.91771
0.25 3.91812
0.26 3.91853
0.27 3.91894
0.28 3.91935
0.29 3.91977
0.3 3.92019
0.31 3.92061
0.32 3.92104
0.33 3.92147
0.34 3.9219
0.35 3.92233
0.36 3.92277
0.37 3.92321
0.38 3.92366
0.39 3.9241
0.4 3.92455
0.41 3.92501
0.42 3.92546
0.43 3.92592
0.44 3.92638
0.45 3.92685
0.46 3.92732
0.47 3.92779
0.48 3.92826
0.49 3.92874
0.5 3.92922
0.51 3.92971
0.52 3.9302
0.53 3.93069
0.54 3.93118
0.55 3.93168
0.56 3.93218
0.57 3.93269
0.58 3.93319
0.59 3.93371
0.6 3.93422
0.61 3.93474
0.62 3.93526
0.63 3.93579
0.64 3.93632
0.65 3.93685
0.66 3.93739
0.67 3.93793
0.68 3.93847
0.69 3.93902
0.7 3.93957
0.71 3.94012
0.72 3.94068
0.73 3.94125
0.74 3.94181
0.75 3.94238
0.76 3.94296
0.77 3.94354
0.78 3.94412
0.79 3.9447
0.8 3.94529
0.81 3.94589
0.82 3.94649
0.83 3.94709
0.84 3.9477
0.85 3.94831
0.86 3.94892
0.87 3.94954
0.88 3.95017
0.89 3.9508
0.9 3.95143
0.91 3.95207
0.92 3.95271
0.93 3.95336
0.94 3.95401
0.95 3.95466
0.96 3.95533
0.97 3.95599
0.98 3.95666
0.99 3.95734
1 3.95802
1.01 3.9587
1.02 3.95939
1.03 3.96009
1.04 3.96078
1.05 3.96149
1.06 3.9622
1.07 3.96292
1.08 3.96364
1.09 3.96436
1.1 3.96509
1.11 3.96583
1.12 3.96657
1.13 3.96732
1.14 3.96807
1.15 3.96883
1.16 3.9696
1.17 3.97037
1.18 3.97115
1.19 3.97193
1.2 3.97272
1.21 3.97351
1.22 3.97431
1.23 3.97512
1.24 3.97593
1.25 3.97675
1.26 3.97758
1.27 3.97841
1.28 3.97925
1.29 3.9801
1.3 3.98095
1.31 3.98181
1.32 3.98268
1.33 3.98355
1.34 3.98443
1.35 3.98532
1.36 3.98621
1.37 3.98711
1.38 3.98802
1.39 3.98894
1.4 3.98986
1.41 3.99079
1.42 3.99173
1.43 3.99268
1.44 3.99364
1.45 3.9946
1.46 3.99557
1.47 3.99655
1.48 3.99754
1.49 3.99853
1.5 3.99954
1.51 4.00055
1.52 4.00157
1.53 4.0026
1.54 4.00364
1.55 4.00469
1.56 4.00575
1.57 4.00682
1.58 4.00789
1.59 4.00898
1.6 4.01007
1.61 4.01118
1.62 4.01229
1.63 4.01342
1.64 4.01455
1.65 4.0157
1.66 4.01685
1.67 4.01801
1.68 4.01919
1.69 4.02038
1.7 4.02157
1.71 4.02278
1.72 4.024
1.73 4.02523
1.74 4.02647
1.75 4.02772
1.76 4.02898
1.77 4.03026
1.78 4.03154
1.79 4.03284
1.8 4.03415
1.81 4.03547
1.82 4.03681
1.83 4.03815
1.84 4.03951
1.85 4.04088
1.86 4.04227
1.87 4.04366
1.88 4.04507
1.89 4.04649
1.9 4.04793
1.91 4.04938
1.92 4.05084
1.93 4.05232
1.94 4.05381
1.95 4.05532
1.96 4.05683
1.97 4.05837
1.98 4.05991
1.99 4.06148
2 4.06305
2.01 4.06464
2.02 4.06625
2.03 4.06787
2.04 4.06951
2.05 4.07116
2.06 4.07283
2.07 4.07451
2.08 4.07621
2.09 4.07792
2.1 4.07965
2.11 4.0814
2.12 4.08316
2.13 4.08495
2.14 4.08674
2.15 4.08856
2.16 4.09039
2.17 4.09224
2.18 4.0941
2.19 4.09599
2.2 4.09789
2.21 4.09981
2.22 4.10175
2.23 4.1037
2.24 4.10568
2.25 4.10767
2.26 4.10968
2.27 4.11171
2.28 4.11376
2.29 4.11583
2.3 4.11792
2.31 4.12003
2.32 4.12216
2.33 4.12431
2.34 4.12648
2.35 4.12867
2.36 4.13088
2.37 4.13312
2.38 4.13537
2.39 4.13765
2.4 4.13994
2.41 4.14226
2.42 4.1446
2.43 4.14697
2.44 4.14935
2.45 4.15176
2.46 4.15419
2.47 4.15665
2.48 4.15913
2.49 4.16163
2.5 4.16415
2.51 4.16671
2.52 4.16928
2.53 4.17188
2.54 4.17451
2.55 4.17716
2.56 4.17984
2.57 4.18254
2.58 4.18527
2.59 4.18802
2.6 4.19081
2.61 4.19362
2.62 4.19646
2.63 4.19932
2.64 4.20222
2.65 4.20514
2.66 4.20809
2.67 4.21107
2.68 4.21408
2.69 4.21712
2.7 4.2202
2.71 4.2233
2.72 4.22643
2.73 4.2296
2.74 4.2328
2.75 4.23603
2.76 4.23929
2.77 4.24259
2.78 4.24592
2.79 4.24928
2.8 4.25268
2.81 4.25611
2.82 4.25958
2.83 4.26309
2.84 4.26663
2.85 4.27021
2.86 4.27383
2.87 4.27748
2.88 4.28118
2.89 4.28491
2.9 4.28868
2.91 4.29249
2.92 4.29634
2.93 4.30024
2.94 4.30417
2.95 4.30815
2.96 4.31217
2.97 4.31623
2.98 4.32034
2.99 4.32449
3 4.32869
3.01 4.33293
3.02 4.33722
3.03 4.34155
3.04 4.34593
3.05 4.35036
3.06 4.35484
3.07 4.35936
3.08 4.36394
3.09 4.36856
3.1 4.37324
3.11 4.37796
3.12 4.38274
3.13 4.38757
3.14 4.39245
3.15 4.39739
3.16 4.40237
3.17 4.40742
3.18 4.41251
3.19 4.41766
3.2 4.42287
3.21 4.42813
3.22 4.43345
3.23 4.43883
3.24 4.44426
3.25 4.44975
3.26 4.45529
3.27 4.4609
3.28 4.46656
3.29 4.47228
3.3 4.47806
3.31 4.4839
3.32 4.4898
3.33 4.49576
3.34 4.50177
3.35 4.50785
3.36 4.51399
3.37 4.52018
3.38 4.52644
3.39 4.53275
3.4 4.53913
3.41 4.54556
3.42 4.55205
3.43 4.5586
3.44 4.56521
3.45 4.57188
3.46 4.57861
3.47 4.58539
3.48 4.59223
3.49 4.59912
3.5 4.60608
3.51 4.61309
3.52 4.62015
3.53 4.62726
3.54 4.63443
3.55 4.64166
3.56 4.64893
3.57 4.65625
3.58 4.66363
3.59 4.67105
3.6 4.67852
3.61 4.68603
3.62 4.69359
3.63 4.7012
3.64 4.70884
3.65 4.71653
3.66 4.72426
3.67 4.73202
3.68 4.73983
3.69 4.74766
3.7 4.75554
3.71 4.76344
3.72 4.77137
3.73 4.77933
3.74 4.78732
3.75 4.79534
3.76 4.80337
3.77 4.81143
3.78 4.81951
3.79 4.8276
3.8 4.83571
3.81 4.84384
3.82 4.85197
3.83 4.86012
3.84 4.86827
3.85 4.87643
3.86 4.88459
3.87 4.89275
3.88 4.90092
3.89 4.90908
3.9 4.91723
3.91 4.92538
3.92 4.93352
3.93 4.94166
3.94 4.94977
3.95 4.95788
3.96 4.96597
3.97 4.97404
3.98 4.98208
3.99 4.99011
4 4.99812
4.01 5.0061
4.02 5.01405
4.03 5.02197
4.04 5.02986
4.05 5.03772
4.06 5.04555
4.07 5.05334
4.08 5.0611
4.09 5.06881
4.1 5.07649
4.11 5.08413
4.12 5.09172
4.13 5.09928
4.14 5.10678
4.15 5.11425
4.16 5.12166
4.17 5.12903
4.18 5.13635
4.19 5.14362
4.2 5.15084
4.21 5.15801
4.22 5.16513
4.23 5.17219
4.24 5.17921
4.25 5.18616
4.26 5.19307
4.27 5.19992
4.28 5.20671
4.29 5.21345
4.3 5.22013
4.31 5.22676
4.32 5.23333
4.33 5.23985
4.34 5.2463
4.35 5.2527
4.36 5.25904
4.37 5.26533
4.38 5.27156
4.39 5.27773
4.4 5.28384
4.41 5.2899
4.42 5.2959
4.43 5.30184
4.44 5.30773
4.45 5.31356
4.46 5.31933
4.47 5.32505
4.48 5.33071
4.49 5.33631
4.5 5.34186
4.51 5.34736
4.52 5.3528
4.53 5.35818
4.54 5.36351
4.55 5.36879
4.56 5.37402
4.57 5.37919
4.58 5.38431
4.59 5.38938
4.6 5.39439
4.61 5.39936
4.62 5.40427
4.63 5.40914
4.64 5.41395
4.65 5.41872
4.66 5.42343
4.67 5.4281
4.68 5.43272
4.69 5.4373
4.7 5.44183
4.71 5.44631
4.72 5.45074
4.73 5.45513
4.74 5.45948
4.75 5.46378
4.76 5.46804
4.77 5.47226
4.78 5.47643
4.79 5.48056
4.8 5.48465
4.81 5.4887
4.82 5.49271
4.83 5.49667
4.84 5.5006
4.85 5.50449
4.86 5.50834
4.87 5.51215
4.88 5.51593
4.89 5.51967
4.9 5.52337
4.91 5.52704
4.92 5.53067
4.93 5.53426
4.94 5.53782
4.95 5.54135
4.96 5.54484
4.97 5.5483
4.98 5.55173
4.99 5.55512
5 5.55848
5.01 5.56182
5.02 5.56512
5.03 5.56838
5.04 5.57162
5.05 5.57483
5.06 5.57801
5.07 5.58116
5.08 5.58429
5.09 5.58738
5.1 5.59045
5.11 5.59349
5.12 5.5965
5.13 5.59949
5.14 5.60245
5.15 5.60538
5.16 5.60829
5.17 5.61117
5.18 5.61403
5.19 5.61686
5.2 5.61967
5.21 5.62246
5.22 5.62522
5.23 5.62796
5.24 5.63068
5.25 5.63337
5.26 5.63604
5.27 5.63869
5.28 5.64132
5.29 5.64393
5.3 5.64651
5.31 5.64908
5.32 5.65163
5.33 5.65415
5.34 5.65666
5.35 5.65914
5.36 5.66161
5.37 5.66406
5.38 5.66649
5.39 5.6689
5.4 5.67129
5.41 5.67367
5.42 5.67602
5.43 5.67836
5.44 5.68069
5.45 5.68299
5.46 5.68528
5.47 5.68755
5.48 5.68981
5.49 5.69205
5.5 5.69427
5.51 5.69648
5.52 5.69867
5.53 5.70085
5.54 5.70302
5.55 5.70516
5.56 5.7073
5.57 5.70942
5.58 5.71152
5.59 5.71361
5.6 5.71569
5.61 5.71776
5.62 5.71981
5.63 5.72184
5.64 5.72387
5.65 5.72588
5.66 5.72788
5.67 5.72986
5.68 5.73184
5.69 5.7338
5.7 5.73575
5.71 5.73769
5.72 5.73961
5.73 5.74153
5.74 5.74343
5.75 5.74532
5.76 5.7472
5.77 5.74907
5.78 5.75093
5.79 5.75277
5.8 5.75461
5.81 5.75644
5.82 5.75825
5.83 5.76006
5.84 5.76185
5.85 5.76364
5.86 5.76542
5.87 5.76718
5.88 5.76894
5.89 5.77068
5.9 5.77242
5.91 5.77415
5.92 5.77587
5.93 5.77758
5.94 5.77928
5.95 5.78097
5.96 5.78265
5.97 5.78433
5.98 5.786
5.99 5.78765
6 5.7893
6.01 5.79094
6.02 5.79257
6.03 5.7942
6.04 5.79582
6.05 5.79742
6.06 5.79902
6.07 5.80062
6.08 5.8022
6.09 5.80378
6.1 5.80535
6.11 5.80691
6.12 5.80846
6.13 5.81001
6.14 5.81155
6.15 5.81308
6.16 5.81461
6.17 5.81613
6.18 5.81764
6.19 5.81914
6.2 5.82064
6.21 5.82213
6.22 5.82361
6.23 5.82509
6.24 5.82655
6.25 5.82802
6.26 5.82947
6.27 5.83092
6.28 5.83236
6.29 5.8338
6.3 5.83523
6.31 5.83665
6.32 5.83807
6.33 5.83948
6.34 5.84088
6.35 5.84228
6.36 5.84367
6.37 5.84505
6.38 5.84643
6.39 5.84781
6.4 5.84917
6.41 5.85053
6.42 5.85189
6.43 5.85323
6.44 5.85457
6.45 5.85591
6.46 5.85724
6.47 5.85856
6.48 5.85988
6.49 5.8612
6.5 5.8625
6.51 5.8638
6.52 5.8651
6.53 5.86639
6.54 5.86767
6.55 5.86895
6.56 5.87022
6.57 5.87149
6.58 5.87275
6.59 5.87401
6.6 5.87526
6.61 5.87651
6.62 5.87775
6.63 5.87899
6.64 5.88022
6.65 5.88145
6.66 5.88268
6.67 5.8839
6.68 5.88511
6.69 5.88632
6.7 5.88753
6.71 5.88873
6.72 5.88993
6.73 5.89113
6.74 5.89232
6.75 5.89351
6.76 5.8947
6.77 5.89588
6.78 5.89706
6.79 5.89824
6.8 5.89942
6.81 5.9006
6.82 5.90177
6.83 5.90294
6.84 5.90412
6.85 5.90529
6.86 5.90646
6.87 5.90764
6.88 5.90881
6.89 5.90999
6.9 5.91117
6.91 5.91234
6.92 5.91353
6.93 5.91471
6.94 5.9159
6.95 5.91709
6.96 5.91829
6.97 5.91949
6.98 5.9207
6.99 5.92192
7 5.92314
7.01 5.92437
7.02 5.92561
7.03 5.92685
7.04 5.92811
7.05 5.92937
7.06 5.93065
7.07 5.93194
7.08 5.93324
7.09 5.93455
7.1 5.93588
7.11 5.93722
7.12 5.93858
7.13 5.93995
7.14 5.94134
7.15 5.94275
7.16 5.94418
7.17 5.94562
7.18 5.94708
7.19 5.94857
7.2 5.95007
7.21 5.95159
7.22 5.95314
7.23 5.95471
7.24 5.9563
7.25 5.95792
7.26 5.95956
7.27 5.96122
7.28 5.96291
7.29 5.96462
7.3 5.96636
7.31 5.96812
7.32 5.96991
7.33 5.97172
7.34 5.97356
7.35 5.97542
7.36 5.97731
7.37 5.97922
7.38 5.98115
7.39 5.98311
7.4 5.98508
7.41 5.98708
7.42 5.98909
7.43 5.99112
7.44 5.99317
7.45 5.99522
7.46 5.99729
7.47 5.99937
7.48 6.00146
7.49 6.00354
7.5 6.00563
7.51 6.00772
7.52 6.00979
7.53 6.01186
7.54 6.01391
7.55 6.01594
7.56 6.01794
7.57 6.01991
7.58 6.02184
7.59 6.02374
7.6 6.02558
7.61 6.02736
7.62 6.02908
7.63 6.03073
7.64 6.0323
7.65 6.03378
7.66 6.03517
7.67 6.03644
7.68 6.0376
7.69 6.03863
7.7 6.03953
7.71 6.04027
7.72 6.04086
7.73 6.04127
7.74 6.0415
7.75 6.04153
7.76 6.04135
7.77 6.04095
7.78 6.04032
7.79 6.03944
7.8 6.03829
7.81 6.03688
7.82 6.03517
7.83 6.03316
7.84 6.03083
7.85 6.02817
7.86 6.02517
7.87 6.02181
7.88 6.01808
7.89 6.01398
7.9 6.00947
7.91 6.00457
7.92 5.99924
7.93 5.99349
7.94 5.98731
7.95 5.98068
7.96 5.97359
7.97 5.96605
7.98 5.95805
7.99 5.94958
8 5.94063
8.01 5.93122
8.02 5.92133
8.03 5.91097
8.04 5.90013
8.05 5.88884
8.06 5.87708
8.07 5.86487
8.08 5.85222
8.09 5.83914
8.1 5.82563
8.11 5.81172
8.12 5.79742
8.13 5.78275
8.14 5.76772
8.15 5.75235
8.16 5.73666
8.17 5.72068
8.18 5.70443
8.19 5.68793
8.2 5.67121
8.21 5.65429
8.22 5.63719
8.23 5.61994
8.24 5.60257
8.25 5.5851
8.26 5.56755
8.27 5.54996
8.28 5.53234
8.29 5.51472
8.3 5.49712
8.31 5.47956
8.32 5.46207
8.33 5.44466
8.34 5.42736
8.35 5.41018
8.36 5.39314
8.37 5.37625
8.38 5.35953
8.39 5.343
8.4 5.32666
8.41 5.31053
8.42 5.29461
8.43 5.27892
8.44 5.26347
8.45 5.24825
8.46 5.23328
8.47 5.21856
8.48 5.2041
8.49 5.18989
8.5 5.17595
8.51 5.16226
8.52 5.14884
8.53 5.13568
8.54 5.12279
8.55 5.11015
8.56 5.09778
8.57 5.08566
8.58 5.0738
8.59 5.06219
8.6 5.05084
8.61 5.03973
8.62 5.02886
8.63 5.01823
8.64 5.00784
8.65 4.99768
8.66 4.98775
8.67 4.97804
8.68 4.96855
8.69 4.95927
8.7 4.9502
8.71 4.94134
8.72 4.93267
8.73 4.92421
8.74 4.91593
8.75 4.90784
8.76 4.89993
8.77 4.8922
8.78 4.88464
8.79 4.87726
8.8 4.87003
8.81 4.86297
8.82 4.85606
8.83 4.84931
8.84 4.8427
8.85 4.83624
8.86 4.82992
8.87 4.82373
8.88 4.81768
8.89 4.81176
8.9 4.80596
8.91 4.80029
8.92 4.79473
8.93 4.78929
8.94 4.78397
8.95 4.77875
8.96 4.77364
8.97 4.76864
8.98 4.76373
8.99 4.75893
9 4.75422
9.01 4.7496
9.02 4.74508
9.03 4.74064
9.04 4.73629
9.05 4.73202
9.06 4.72783
9.07 4.72373
9.08 4.7197
9.09 4.71574
9.1 4.71186
9.11 4.70805
9.12 4.70431
9.13 4.70063
9.14 4.69702
9.15 4.69348
9.16 4.69
9.17 4.68658
9.18 4.68321
9.19 4.67991
9.2 4.67666
9.21 4.67346
9.22 4.67032
9.23 4.66724
9.24 4.6642
9.25 4.66121
9.26 4.65827
9.27 4.65537
9.28 4.65253
9.29 4.64972
9.3 4.64696
9.31 4.64425
9.32 4.64157
9.33 4.63894
9.34 4.63634
9.35 4.63379
9.36 4.63127
9.37 4.62878
9.38 4.62634
9.39 4.62393
9.4 4.62155
9.41 4.61921
9.42 4.6169
9.43 4.61462
9.44 4.61237
9.45 4.61015
9.46 4.60796
9.47 4.60581
9.48 4.60368
9.49 4.60157
9.5 4.5995
9.51 4.59745
9.52 4.59543
9.53 4.59343
9.54 4.59146
9.55 4.58951
9.56 4.58759
9.57 4.58569
9.58 4.58381
9.59 4.58196
9.6 4.58012
9.61 4.57831
9.62 4.57652
9.63 4.57475
9.64 4.573
9.65 4.57127
9.66 4.56956
9.67 4.56787
9.68 4.5662
9.69 4.56454
9.7 4.56291
9.71 4.56129
9.72 4.55968
9.73 4.5581
9.74 4.55653
9.75 4.55498
9.76 4.55344
9.77 4.55192
9.78 4.55041
9.79 4.54892
9.8 4.54745
9.81 4.54598
9.82 4.54454
9.83 4.5431
9.84 4.54168
9.85 4.54028
9.86 4.53888
9.87 4.5375
9.88 4.53614
9.89 4.53478
9.9 4.53344
9.91 4.53211
9.92 4.53079
9.93 4.52949
9.94 4.52819
9.95 4.52691
9.96 4.52564
9.97 4.52438
9.98 4.52313
9.99 4.52189
10 4.52066
10.001 5
