0 0
0.01 0.637461
0.02 0.636816
0.03 0.636167
0.04 0.635516
0.05 0.634862
0.06 0.634205
0.07 0.633546
0.08 0.632883
0.09 0.632218
0.1 0.63155
0.11 0.630878
0.12 0.630204
0.13 0.629527
0.14 0.628847
0.15 0.628164
0.16 0.627478
0.17 0.626789
0.18 0.626098
0.19 0.625403
0.2 0.624705
0.21 0.624004
0.22 0.6233
0.23 0.622593
0.24 0.621883
0.25 0.62117
0.26 0.620453
0.27 0.619734
0.28 0.619012
0.29 0.618286
0.3 0.617557
0.31 0.616826
0.32 0.616091
0.33 0.615352
0.34 0.614611
0.35 0.613867
0.36 0.613119
0.37 0.612368
0.38 0.611614
0.39 0.610857
0.4 0.610096
0.41 0.609332
0.42 0.608565
0.43 0.607795
0.44 0.607021
0.45 0.606244
0.46 0.605464
0.47 0.604681
0.48 0.603894
0.49 0.603104
0.5 0.60231
0.51 0.601513
0.52 0.600713
0.53 0.59991
0.54 0.599103
0.55 0.598293
0.56 0.597479
0.57 0.596662
0.58 0.595842
0.59 0.595018
0.6 0.594191
0.61 0.59336
0.62 0.592526
0.63 0.591688
0.64 0.590847
0.65 0.590003
0.66 0.589155
0.67 0.588304
0.68 0.587449
0.69 0.586591
0.7 0.58573
0.71 0.584864
0.72 0.583996
0.73 0.583124
0.74 0.582248
0.75 0.581369
0.76 0.580487
0.77 0.579601
0.78 0.578711
0.79 0.577818
0.8 0.576922
0.81 0.576022
0.82 0.575118
0.83 0.574211
0.84 0.573301
0.85 0.572387
0.86 0.571469
0.87 0.570548
0.88 0.569624
0.89 0.568696
0.9 0.567764
0.91 0.566829
0.92 0.565891
0.93 0.564949
0.94 0.564004
0.95 0.563055
0.96 0.562103
0.97 0.561147
0.98 0.560188
0.99 0.559225
1 0.558259
1.01 0.55729
1.02 0.556317
1.03 0.555341
1.04 0.554361
1.05 0.553378
1.06 0.552391
1.07 0.551402
1.08 0.550408
1.09 0.549412
1.1 0.548412
1.11 0.547409
1.12 0.546403
1.13 0.545393
1.14 0.54438
1.15 0.543364
1.16 0.542345
1.17 0.541322
1.18 0.540297
1.19 0.539268
1.2 0.538236
1.21 0.537201
1.22 0.536163
1.23 0.535122
1.24 0.534078
1.25 0.53303
1.26 0.53198
1.27 0.530927
1.28 0.529871
1.29 0.528812
1.3 0.527751
1.31 0.526686
1.32 0.525619
1.33 0.524549
1.34 0.523476
1.35 0.522401
1.36 0.521323
1.37 0.520243
1.38 0.51916
1.39 0.518074
1.4 0.516986
1.41 0.515896
1.42 0.514803
1.43 0.513709
1.44 0.512611
1.45 0.511512
1.46 0.510411
1.47 0.509307
1.48 0.508202
1.49 0.507094
1.5 0.505985
1.51 0.504874
1.52 0.503761
1.53 0.502646
1.54 0.50153
1.55 0.500412
1.56 0.499293
1.57 0.498172
1.58 0.49705
1.59 0.495927
1.6 0.494803
1.61 0.493677
1.62 0.492551
1.63 0.491424
1.64 0.490295
1.65 0.489166
1.66 0.488037
1.67 0.486907
1.68 0.485776
1.69 0.484645
1.7 0.483514
1.71 0.482383
1.72 0.481252
1.73 0.480121
1.74 0.478989
1.75 0.477859
1.76 0.476729
1.77 0.475599
1.78 0.47447
1.79 0.473341
1.8 0.472214
1.81 0.471088
1.82 0.469963
1.83 0.468839
1.84 0.467717
1.85 0.466596
1.86 0.465477
1.87 0.46436
1.88 0.463245
1.89 0.462132
1.9 0.461021
1.91 0.459913
1.92 0.458808
1.93 0.457705
1.94 0.456606
1.95 0.455509
1.96 0.454416
1.97 0.453327
1.98 0.452241
1.99 0.451159
2 0.450081
2.01 0.449008
2.02 0.447939
2.03 0.446874
2.04 0.445815
2.05 0.44476
2.06 0.443711
2.07 0.442667
2.08 0.441628
2.09 0.440596
2.1 0.43957
2.11 0.43855
2.12 0.437536
2.13 0.43653
2.14 0.43553
2.15 0.434538
2.16 0.433553
2.17 0.432575
2.18 0.431606
2.19 0.430645
2.2 0.429692
2.21 0.428748
2.22 0.427813
2.23 0.426887
2.24 0.42597
2.25 0.425063
2.26 0.424166
2.27 0.42328
2.28 0.422404
2.29 0.421538
2.3 0.420684
2.31 0.419841
2.32 0.419009
2.33 0.418189
2.34 0.417382
2.35 0.416587
2.36 0.415804
2.37 0.415035
2.38 0.414279
2.39 0.413536
2.4 0.412808
2.41 0.412093
2.42 0.411393
2.43 0.410707
2.44 0.410037
2.45 0.409382
2.46 0.408743
2.47 0.408119
2.48 0.407512
2.49 0.406921
2.5 0.406347
2.51 0.40579
2.52 0.405251
2.53 0.404729
2.54 0.404226
2.55 0.40374
2.56 0.403274
2.57 0.402826
2.58 0.402397
2.59 0.401988
2.6 0.401598
2.61 0.401229
2.62 0.40088
2.63 0.400552
2.64 0.400244
2.65 0.399958
2.66 0.399693
2.67 0.39945
2.68 0.399229
2.69 0.39903
2.7 0.398854
2.71 0.398701
2.72 0.398571
2.73 0.398464
2.74 0.39838
2.75 0.398321
2.76 0.398285
2.77 0.398274
2.78 0.398288
2.79 0.398326
2.8 0.398389
2.81 0.398477
2.82 0.39859
2.83 0.398729
2.84 0.398894
2.85 0.399085
2.86 0.399302
2.87 0.399545
2.88 0.399814
2.89 0.40011
2.9 0.400433
2.91 0.400783
2.92 0.401159
2.93 0.401563
2.94 0.401993
2.95 0.402451
2.96 0.402937
2.97 0.403449
2.98 0.40399
2.99 0.404557
3 0.405152
3.01 0.405775
3.02 0.406425
3.03 0.407103
3.04 0.407809
3.05 0.408542
3.06 0.409302
3.07 0.41009
3.08 0.410906
3.09 0.411748
3.1 0.412618
3.11 0.413515
3.12 0.414439
3.13 0.41539
3.14 0.416367
3.15 0.417372
3.16 0.418402
3.17 0.419459
3.18 0.420542
3.19 0.42165
3.2 0.422785
3.21 0.423944
3.22 0.425129
3.23 0.426338
3.24 0.427572
3.25 0.428831
3.26 0.430113
3.27 0.431419
3.28 0.432748
3.29 0.434101
3.3 0.435476
3.31 0.436873
3.32 0.438292
3.33 0.439733
3.34 0.441195
3.35 0.442677
3.36 0.44418
3.37 0.445703
3.38 0.447246
3.39 0.448807
3.4 0.450388
3.41 0.451986
3.42 0.453603
3.43 0.455236
3.44 0.456887
3.45 0.458554
3.46 0.460237
3.47 0.461936
3.48 0.463649
3.49 0.465378
3.5 0.46712
3.51 0.468877
3.52 0.470646
3.53 0.472429
3.54 0.474224
3.55 0.476031
3.56 0.47785
3.57 0.47968
3.58 0.481521
3.59 0.483372
3.6 0.485234
3.61 0.487105
3.62 0.488985
3.63 0.490875
3.64 0.492773
3.65 0.49468
3.66 0.496595
3.67 0.498517
3.68 0.500448
3.69 0.502385
3.7 0.50433
3.71 0.506281
3.72 0.50824
3.73 0.510204
3.74 0.512176
3.75 0.514153
3.76 0.516137
3.77 0.518127
3.78 0.520123
3.79 0.522125
3.8 0.524132
3.81 0.526146
3.82 0.528166
3.83 0.530191
3.84 0.532223
3.85 0.534261
3.86 0.536305
3.87 0.538355
3.88 0.540412
3.89 0.542475
3.9 0.544545
3.91 0.546622
3.92 0.548706
3.93 0.550797
3.94 0.552896
3.95 0.555002
3.96 0.557117
3.97 0.55924
3.98 0.561372
3.99 0.563512
4 0.565662
4.01 0.567821
4.02 0.569989
4.03 0.572168
4.04 0.574358
4.05 0.576558
4.06 0.578769
4.07 0.580992
4.08 0.583227
4.09 0.585474
4.1 0.587733
4.11 0.590006
4.12 0.592292
4.13 0.594592
4.14 0.596905
4.15 0.599234
4.16 0.601577
4.17 0.603935
4.18 0.606309
4.19 0.608699
4.2 0.611105
4.21 0.613528
4.22 0.615968
4.23 0.618426
4.24 0.620901
4.25 0.623394
4.26 0.625906
4.27 0.628437
4.28 0.630987
4.29 0.633556
4.3 0.636146
4.31 0.638755
4.32 0.641384
4.33 0.644035
4.34 0.646706
4.35 0.649399
4.36 0.652113
4.37 0.654849
4.38 0.657607
4.39 0.660387
4.4 0.66319
4.41 0.666015
4.42 0.668864
4.43 0.671735
4.44 0.67463
4.45 0.677549
4.46 0.680491
4.47 0.683457
4.48 0.686447
4.49 0.689461
4.5 0.6925
4.51 0.695563
4.52 0.69865
4.53 0.701762
4.54 0.704899
4.55 0.708061
4.56 0.711247
4.57 0.714459
4.58 0.717695
4.59 0.720956
4.6 0.724243
4.61 0.727554
4.62 0.730891
4.63 0.734252
4.64 0.737639
4.65 0.741051
4.66 0.744488
4.67 0.74795
4.68 0.751436
4.69 0.754948
4.7 0.758485
4.71 0.762046
4.72 0.765632
4.73 0.769243
4.74 0.772879
4.75 0.776539
4.76 0.780223
4.77 0.783932
4.78 0.787664
4.79 0.791421
4.8 0.795202
4.81 0.799007
4.82 0.802835
4.83 0.806688
4.84 0.810563
4.85 0.814462
4.86 0.818384
4.87 0.822329
4.88 0.826297
4.89 0.830288
4.9 0.834301
4.91 0.838337
4.92 0.842395
4.93 0.846475
4.94 0.850577
4.95 0.854701
4.96 0.858846
4.97 0.863013
4.98 0.867202
4.99 0.871412
5 0.875642
5.01 0.879894
5.02 0.884166
5.03 0.888459
5.04 0.892772
5.05 0.897106
5.06 0.901459
5.07 0.905833
5.08 0.910227
5.09 0.91464
5.1 0.919072
5.11 0.923525
5.12 0.927996
5.13 0.932487
5.14 0.936997
5.15 0.941525
5.16 0.946073
5.17 0.950639
5.18 0.955224
5.19 0.959827
5.2 0.964449
5.21 0.969089
5.22 0.973747
5.23 0.978423
5.24 0.983118
5.25 0.98783
5.26 0.99256
5.27 0.997309
5.28 1.00207
5.29 1.00686
5.3 1.01166
5.31 1.01648
5.32 1.02132
5.33 1.02617
5.34 1.03104
5.35 1.03593
5.36 1.04084
5.37 1.04576
5.38 1.05071
5.39 1.05567
5.4 1.06065
5.41 1.06564
5.42 1.07065
5.43 1.07568
5.44 1.08073
5.45 1.0858
5.46 1.09088
5.47 1.09599
5.48 1.10111
5.49 1.10625
5.5 1.1114
5.51 1.11658
5.52 1.12177
5.53 1.12698
5.54 1.13221
5.55 1.13746
5.56 1.14273
5.57 1.14802
5.58 1.15333
5.59 1.15865
5.6 1.164
5.61 1.16936
5.62 1.17475
5.63 1.18015
5.64 1.18558
5.65 1.19102
5.66 1.19649
5.67 1.20198
5.68 1.20749
5.69 1.21302
5.7 1.21857
5.71 1.22414
5.72 1.22974
5.73 1.23535
5.74 1.24099
5.75 1.24666
5.76 1.25234
5.77 1.25805
5.78 1.26378
5.79 1.26954
5.8 1.27532
5.81 1.28113
5.82 1.28696
5.83 1.29281
5.84 1.29869
5.85 1.3046
5.86 1.31054
5.87 1.3165
5.88 1.32248
5.89 1.3285
5.9 1.33454
5.91 1.34061
5.92 1.34671
5.93 1.35284
5.94 1.359
5.95 1.36518
5.96 1.3714
5.97 1.37765
5.98 1.38393
5.99 1.39024
6 1.39658
6.01 1.40295
6.02 1.40936
6.03 1.4158
6.04 1.42228
6.05 1.42878
6.06 1.43533
6.07 1.4419
6.08 1.44852
6.09 1.45517
6.1 1.46185
6.11 1.46858
6.12 1.47534
6.13 1.48213
6.14 1.48897
6.15 1.49585
6.16 1.50276
6.17 1.50972
6.18 1.51671
6.19 1.52375
6.2 1.53083
6.21 1.53795
6.22 1.54511
6.23 1.55232
6.24 1.55957
6.25 1.56686
6.26 1.5742
6.27 1.58158
6.28 1.58901
6.29 1.59649
6.3 1.60401
6.31 1.61158
6.32 1.61919
6.33 1.62686
6.34 1.63457
6.35 1.64233
6.36 1.65014
6.37 1.658
6.38 1.66591
6.39 1.67387
6.4 1.68188
6.41 1.68994
6.42 1.69805
6.43 1.70622
6.44 1.71443
6.45 1.7227
6.46 1.73103
6.47 1.7394
6.48 1.74783
6.49 1.75632
6.5 1.76485
6.51 1.77344
6.52 1.78209
6.53 1.79079
6.54 1.79955
6.55 1.80836
6.56 1.81722
6.57 1.82614
6.58 1.83511
6.59 1.84414
6.6 1.85323
6.61 1.86237
6.62 1.87156
6.63 1.88081
6.64 1.89011
6.65 1.89947
6.66 1.90888
6.67 1.91835
6.68 1.92787
6.69 1.93744
6.7 1.94707
6.71 1.95675
6.72 1.96649
6.73 1.97627
6.74 1.98611
6.75 1.996
6.76 2.00594
6.77 2.01593
6.78 2.02598
6.79 2.03607
6.8 2.04622
6.81 2.05641
6.82 2.06665
6.83 2.07694
6.84 2.08728
6.85 2.09767
6.86 2.10811
6.87 2.11859
6.88 2.12912
6.89 2.13969
6.9 2.15032
6.91 2.16099
6.92 2.1717
6.93 2.18246
6.94 2.19327
6.95 2.20412
6.96 2.21502
6.97 2.22597
6.98 2.23696
6.99 2.248
7 2.25908
7.01 2.27022
7.02 2.2814
7.03 2.29263
7.04 2.30391
7.05 2.31524
7.06 2.32663
7.07 2.33807
7.08 2.34956
7.09 2.36111
7.1 2.37271
7.11 2.38438
7.12 2.3961
7.13 2.40789
7.14 2.41975
7.15 2.43167
7.16 2.44366
7.17 2.45573
7.18 2.46787
7.19 2.48009
7.2 2.49239
7.21 2.50478
7.22 2.51726
7.23 2.52983
7.24 2.5425
7.25 2.55526
7.26 2.56813
7.27 2.58111
7.28 2.5942
7.29 2.6074
7.3 2.62073
7.31 2.63418
7.32 2.64776
7.33 2.66148
7.34 2.67533
7.35 2.68933
7.36 2.70348
7.37 2.71778
7.38 2.73223
7.39 2.74685
7.4 2.76163
7.41 2.77659
7.42 2.79171
7.43 2.80702
7.44 2.82251
7.45 2.83819
7.46 2.85405
7.47 2.87011
7.48 2.88637
7.49 2.90282
7.5 2.91948
7.51 2.93633
7.52 2.9534
7.53 2.97067
7.54 2.98815
7.55 3.00583
7.56 3.02372
7.57 3.04183
7.58 3.06013
7.59 3.07865
7.6 3.09736
7.61 3.11628
7.62 3.13539
7.63 3.1547
7.64 3.1742
7.65 3.19388
7.66 3.21374
7.67 3.23378
7.68 3.25399
7.69 3.27435
7.7 3.29487
7.71 3.31553
7.72 3.33633
7.73 3.35725
7.74 3.37829
7.75 3.39944
7.76 3.42069
7.77 3.44202
7.78 3.46343
7.79 3.4849
7.8 3.50642
7.81 3.52798
7.82 3.54957
7.83 3.57118
7.84 3.59279
7.85 3.61439
7.86 3.63597
7.87 3.65751
7.88 3.67901
7.89 3.70046
7.9 3.72183
7.91 3.74312
7.92 3.76432
7.93 3.78541
7.94 3.80639
7.95 3.82724
7.96 3.84796
7.97 3.86853
7.98 3.88894
7.99 3.90918
8 3.92925
8.01 3.94913
8.02 3.96881
8.03 3.98829
8.04 4.00756
8.05 4.02661
8.06 4.04543
8.07 4.06401
8.08 4.08235
8.09 4.10044
8.1 4.11826
8.11 4.13581
8.12 4.15309
8.13 4.17009
8.14 4.18679
8.15 4.2032
8.16 4.2193
8.17 4.23509
8.18 4.25056
8.19 4.2657
8.2 4.28052
8.21 4.295
8.22 4.30913
8.23 4.32292
8.24 4.33635
8.25 4.34943
8.26 4.36214
8.27 4.37449
8.28 4.38646
8.29 4.39807
8.3 4.4093
8.31 4.42016
8.32 4.43064
8.33 4.44074
8.34 4.45046
8.35 4.45981
8.36 4.46878
8.37 4.47737
8.38 4.4856
8.39 4.49345
8.4 4.50093
8.41 4.50805
8.42 4.51481
8.43 4.52122
8.44 4.52727
8.45 4.53298
8.46 4.53835
8.47 4.54339
8.48 4.5481
8.49 4.55248
8.5 4.55655
8.51 4.56031
8.52 4.56377
8.53 4.56694
8.54 4.56982
8.55 4.57241
8.56 4.57473
8.57 4.57679
8.58 4.57859
8.59 4.58014
8.6 4.58144
8.61 4.5825
8.62 4.58334
8.63 4.58395
8.64 4.58435
8.65 4.58453
8.66 4.58452
8.67 4.58431
8.68 4.58391
8.69 4.58332
8.7 4.58257
8.71 4.58164
8.72 4.58054
8.73 4.57929
8.74 4.57789
8.75 4.57634
8.76 4.57465
8.77 4.57282
8.78 4.57086
8.79 4.56878
8.8 4.56658
8.81 4.56426
8.82 4.56183
8.83 4.55929
8.84 4.55665
8.85 4.55391
8.86 4.55107
8.87 4.54815
8.88 4.54514
8.89 4.54204
8.9 4.53887
8.91 4.53562
8.92 4.5323
8.93 4.5289
8.94 4.52544
8.95 4.52192
8.96 4.51834
8.97 4.5147
8.98 4.511
8.99 4.50725
9 4.50345
9.01 4.4996
9.02 4.4957
9.03 4.49177
9.04 4.48778
9.05 4.48376
9.06 4.47971
9.07 4.47561
9.08 4.47148
9.09 4.46732
9.1 4.46313
9.11 4.45891
9.12 4.45466
9.13 4.45038
9.14 4.44608
9.15 4.44175
9.16 4.4374
9.17 4.43303
9.18 4.42864
9.19 4.42423
9.2 4.4198
9.21 4.41535
9.22 4.41088
9.23 4.4064
9.24 4.40191
9.25 4.3974
9.26 4.39288
9.27 4.38834
9.28 4.3838
9.29 4.37924
9.3 4.37467
9.31 4.37009
9.32 4.3655
9.33 4.36091
9.34 4.3563
9.35 4.35169
9.36 4.34707
9.37 4.34244
9.38 4.3378
9.39 4.33316
9.4 4.32851
9.41 4.32386
9.42 4.3192
9.43 4.31454
9.44 4.30987
9.45 4.3052
9.46 4.30052
9.47 4.29584
9.48 4.29116
9.49 4.28647
9.5 4.28178
9.51 4.27709
9.52 4.27239
9.53 4.26769
9.54 4.26299
9.55 4.25829
9.56 4.25358
9.57 4.24887
9.58 4.24416
9.59 4.23945
9.6 4.23474
9.61 4.23003
9.62 4.22531
9.63 4.22059
9.64 4.21588
9.65 4.21116
9.66 4.20644
9.67 4.20172
9.68 4.197
9.69 4.19228
9.7 4.18756
9.71 4.18284
9.72 4.17812
9.73 4.17339
9.74 4.16867
9.75 4.16395
9.76 4.15923
9.77 4.15451
9.78 4.14979
9.79 4.14507
9.8 4.14035
9.81 4.13564
9.82 4.13092
9.83 4.12621
9.84 4.12149
9.85 4.11678
9.86 4.11207
9.87 4.10736
9.88 4.10265
9.89 4.09794
9.9 4.09324
9.91 4.08853
9.92 4.08383
9.93 4.07914
9.94 4.07444
9.95 4.06975
9.96 4.06505
9.97 4.06037
9.98 4.05568
9.99 4.051
10 4.04632
10.001 0
