0 -10
0.01 -8.3735
0.02 -8.36711
0.03 -8.36071
0.04 -8.35429
0.05 -8.34786
0.06 -8.34141
0.07 -8.33495
0.08 -8.32848
0.09 -8.322
0.1 -8.3155
0.11 -8.30898
0.12 -8.30246
0.13 -8.29592
0.14 -8.28937
0.15 -8.2828
0.16 -8.27623
0.17 -8.26964
0.18 -8.26304
0.19 -8.25642
0.2 -8.24979
0.21 -8.24316
0.22 -8.2365
0.23 -8.22984
0.24 -8.22317
0.25 -8.21648
0.26 -8.20978
0.27 -8.20307
0.28 -8.19635
0.29 -8.18961
0.3 -8.18287
0.31 -8.17611
0.32 -8.16934
0.33 -8.16256
0.34 -8.15576
0.35 -8.14896
0.36 -8.14214
0.37 -8.13531
0.38 -8.12847
0.39 -8.12161
0.4 -8.11474
0.41 -8.10786
0.42 -8.10097
0.43 -8.09407
0.44 -8.08715
0.45 -8.08022
0.46 -8.07327
0.47 -8.06631
0.48 -8.05934
0.49 -8.05236
0.5 -8.04535
0.51 -8.03834
0.52 -8.03131
0.53 -8.02427
0.54 -8.01721
0.55 -8.01013
0.56 -8.00304
0.57 -7.99593
0.58 -7.98881
0.59 -7.98166
0.6 -7.9745
0.61 -7.96733
0.62 -7.96013
0.63 -7.95291
0.64 -7.94568
0.65 -7.93843
0.66 -7.93115
0.67 -7.92386
0.68 -7.91654
0.69 -7.9092
0.7 -7.90184
0.71 -7.89446
0.72 -7.88705
0.73 -7.87962
0.74 -7.87216
0.75 -7.86467
0.76 -7.85717
0.77 -7.84963
0.78 -7.84206
0.79 -7.83447
0.8 -7.82685
0.81 -7.8192
0.82 -7.81152
0.83 -7.8038
0.84 -7.79605
0.85 -7.78827
0.86 -7.78046
0.87 -7.77261
0.88 -7.76473
0.89 -7.75681
0.9 -7.74885
0.91 -7.74085
0.92 -7.73281
0.93 -7.72474
0.94 -7.71662
0.95 -7.70846
0.96 -7.70026
0.97 -7.69201
0.98 -7.68372
0.99 -7.67538
1 -7.66699
1.01 -7.65856
1.02 -7.65008
1.03 -7.64155
1.04 -7.63297
1.05 -7.62433
1.06 -7.61564
1.07 -7.6069
1.08 -7.59811
1.09 -7.58925
1.1 -7.58035
1.11 -7.57138
1.12 -7.56235
1.13 -7.55327
1.14 -7.54412
1.15 -7.53492
1.16 -7.52565
1.17 -7.51632
1.18 -7.50692
1.19 -7.49746
1.2 -7.48793
1.21 -7.47834
1.22 -7.46868
1.23 -7.45895
1.24 -7.44915
1.25 -7.43928
1.26 -7.42935
1.27 -7.41934
1.28 -7.40926
1.29 -7.39911
1.3 -7.38889
1.31 -7.37859
1.32 -7.36822
1.33 -7.35778
1.34 -7.34726
1.35 -7.33667
1.36 -7.32601
1.37 -7.31527
1.38 -7.30446
1.39 -7.29358
1.4 -7.28262
1.41 -7.27158
1.42 -7.26047
1.43 -7.24929
1.44 -7.23804
1.45 -7.22671
1.46 -7.21531
1.47 -7.20384
1.48 -7.1923
1.49 -7.18069
1.5 -7.16901
1.51 -7.15726
1.52 -7.14545
1.53 -7.13357
1.54 -7.12162
1.55 -7.10961
1.56 -7.09753
1.57 -7.0854
1.58 -7.07321
1.59 -7.06095
1.6 -7.04865
1.61 -7.03628
1.62 -7.02387
1.63 -7.01141
1.64 -6.99889
1.65 -6.98633
1.66 -6.97373
1.67 -6.96109
1.68 -6.9484
1.69 -6.93568
1.7 -6.92293
1.71 -6.91014
1.72 -6.89733
1.73 -6.88449
1.74 -6.87163
1.75 -6.85875
1.76 -6.84585
1.77 -6.83293
1.78 -6.82001
1.79 -6.80708
1.8 -6.79415
1.81 -6.78121
1.82 -6.76828
1.83 -6.75535
1.84 -6.74243
1.85 -6.72953
1.86 -6.71664
1.87 -6.70377
1.88 -6.69092
1.89 -6.67811
1.9 -6.66532
1.91 -6.65256
1.92 -6.63985
1.93 -6.62717
1.94 -6.61454
1.95 -6.60196
1.96 -6.58942
1.97 -6.57695
1.98 -6.56453
1.99 -6.55217
2 -6.53988
2.01 -6.52765
2.02 -6.5155
2.03 -6.50342
2.04 -6.49142
2.05 -6.4795
2.06 -6.46766
2.07 -6.45591
2.08 -6.44424
2.09 -6.43267
2.1 -6.4212
2.11 -6.40982
2.12 -6.39854
2.13 -6.38736
2.14 -6.37628
2.15 -6.36531
2.16 -6.35445
2.17 -6.3437
2.18 -6.33306
2.19 -6.32253
2.2 -6.31212
2.21 -6.30183
2.22 -6.29165
2.23 -6.28159
2.24 -6.27165
2.25 -6.26183
2.26 -6.25214
2.27 -6.24256
2.28 -6.23312
2.29 -6.22379
2.3 -6.21459
2.31 -6.20552
2.32 -6.19657
2.33 -6.18775
2.34 -6.17905
2.35 -6.17048
2.36 -6.16203
2.37 -6.15371
2.38 -6.14552
2.39 -6.13745
2.4 -6.12951
2.41 -6.12169
2.42 -6.11399
2.43 -6.10642
2.44 -6.09897
2.45 -6.09164
2.46 -6.08444
2.47 -6.07735
2.48 -6.07038
2.49 -6.06354
2.5 -6.0568
2.51 -6.05019
2.52 -6.04369
2.53 -6.0373
2.54 -6.03103
2.55 -6.02487
2.56 -6.01882
2.57 -6.01287
2.58 -6.00704
2.59 -6.00131
2.6 -5.99569
2.61 -5.99017
2.62 -5.98475
2.63 -5.97943
2.64 -5.97422
2.65 -5.9691
2.66 -5.96407
2.67 -5.95914
2.68 -5.95431
2.69 -5.94957
2.7 -5.94491
2.71 -5.94035
2.72 -5.93587
2.73 -5.93148
2.74 -5.92718
2.75 -5.92296
2.76 -5.91882
2.77 -5.91476
2.78 -5.91077
2.79 -5.90687
2.8 -5.90304
2.81 -5.89929
2.82 -5.89561
2.83 -5.892
2.84 -5.88846
2.85 -5.88499
2.86 -5.88159
2.87 -5.87826
2.88 -5.87499
2.89 -5.87178
2.9 -5.86864
2.91 -5.86555
2.92 -5.86253
2.93 -5.85956
2.94 -5.85666
2.95 -5.85381
2.96 -5.85101
2.97 -5.84827
2.98 -5.84558
2.99 -5.84294
3 -5.84036
3.01 -5.83782
3.02 -5.83533
3.03 -5.83289
3.04 -5.83049
3.05 -5.82814
3.06 -5.82584
3.07 -5.82358
3.08 -5.82136
3.09 -5.81918
3.1 -5.81704
3.11 -5.81494
3.12 -5.81288
3.13 -5.81086
3.14 -5.80888
3.15 -5.80693
3.16 -5.80501
3.17 -5.80314
3.18 -5.80129
3.19 -5.79948
3.2 -5.7977
3.21 -5.79595
3.22 -5.79423
3.23 -5.79254
3.24 -5.79089
3.25 -5.78926
3.26 -5.78765
3.27 -5.78608
3.28 -5.78453
3.29 -5.78301
3.3 -5.78152
3.31 -5.78004
3.32 -5.7786
3.33 -5.77717
3.34 -5.77577
3.35 -5.7744
3.36 -5.77304
3.37 -5.77171
3.38 -5.77039
3.39 -5.7691
3.4 -5.76783
3.41 -5.76658
3.42 -5.76534
3.43 -5.76413
3.44 -5.76293
3.45 -5.76175
3.46 -5.76059
3.47 -5.75944
3.48 -5.75831
3.49 -5.7572
3.5 -5.7561
3.51 -5.75502
3.52 -5.75396
3.53 -5.7529
3.54 -5.75187
3.55 -5.75084
3.56 -5.74983
3.57 -5.74883
3.58 -5.74785
3.59 -5.74688
3.6 -5.74592
3.61 -5.74497
3.62 -5.74403
3.63 -5.74311
3.64 -5.74219
3.65 -5.74129
3.66 -5.7404
3.67 -5.73951
3.68 -5.73864
3.69 -5.73778
3.7 -5.73692
3.71 -5.73608
3.72 -5.73524
3.73 -5.73442
3.74 -5.7336
3.75 -5.73279
3.76 -5.73199
3.77 -5.73119
3.78 -5.73041
3.79 -5.72963
3.8 -5.72885
3.81 -5.72809
3.82 -5.72733
3.83 -5.72658
3.84 -5.72584
3.85 -5.7251
3.86 -5.72437
3.87 -5.72364
3.88 -5.72292
3.89 -5.7222
3.9 -5.72149
3.91 -5.72079
3.92 -5.72009
3.93 -5.7194
3.94 -5.71871
3.95 -5.71802
3.96 -5.71734
3.97 -5.71667
3.98 -5.716
3.99 -5.71533
4 -5.71467
4.01 -5.71401
4.02 -5.71335
4.03 -5.7127
4.04 -5.71206
4.05 -5.71141
4.06 -5.71077
4.07 -5.71013
4.08 -5.7095
4.09 -5.70887
4.1 -5.70824
4.11 -5.70761
4.12 -5.70699
4.13 -5.70637
4.14 -5.70575
4.15 -5.70514
4.16 -5.70452
4.17 -5.70391
4.18 -5.70331
4.19 -5.7027
4.2 -5.70209
4.21 -5.70149
4.22 -5.70089
4.23 -5.70029
4.24 -5.6997
4.25 -5.6991
4.26 -5.69851
4.27 -5.69792
4.28 -5.69732
4.29 -5.69673
4.3 -5.69615
4.31 -5.69556
4.32 -5.69497
4.33 -5.69439
4.34 -5.69381
4.35 -5.69322
4.36 -5.69264
4.37 -5.69206
4.38 -5.69148
4.39 -5.6909
4.4 -5.69032
4.41 -5.68974
4.42 -5.68917
4.43 -5.68859
4.44 -5.68801
4.45 -5.68744
4.46 -5.68686
4.47 -5.68629
4.48 -5.68571
4.49 -5.68514
4.5 -5.68456
4.51 -5.68399
4.52 -5.68341
4.53 -5.68284
4.54 -5.68226
4.55 -5.68169
4.56 -5.68111
4.57 -5.68054
4.58 -5.67996
4.59 -5.67939
4.6 -5.67882
4.61 -5.67824
4.62 -5.67766
4.63 -5.67709
4.64 -5.67651
4.65 -5.67594
4.66 -5.67536
4.67 -5.67478
4.68 -5.6742
4.69 -5.67363
4.7 -5.67305
4.71 -5.67247
4.72 -5.67189
4.73 -5.67131
4.74 -5.67073
4.75 -5.67014
4.76 -5.66956
4.77 -5.66898
4.78 -5.66839
4.79 -5.66781
4.8 -5.66722
4.81 -5.66664
4.82 -5.66605
4.83 -5.66546
4.84 -5.66487
4.85 -5.66429
4.86 -5.66369
4.87 -5.6631
4.88 -5.66251
4.89 -5.66192
4.9 -5.66132
4.91 -5.66073
4.92 -5.66013
4.93 -5.65954
4.94 -5.65894
4.95 -5.65834
4.96 -5.65774
4.97 -5.65714
4.98 -5.65653
4.99 -5.65593
5 -5.65533
5.01 -5.65472
5.02 -5.65411
5.03 -5.6535
5.04 -5.6529
5.05 -5.65229
5.06 -5.65167
5.07 -5.65106
5.08 -5.65045
5.09 -5.64983
5.1 -5.64922
5.11 -5.6486
5.12 -5.64798
5.13 -5.64736
5.14 -5.64674
5.15 -5.64612
5.16 -5.6455
5.17 -5.64487
5.18 -5.64425
5.19 -5.64362
5.2 -5.64299
5.21 -5.64236
5.22 -5.64173
5.23 -5.6411
5.24 -5.64047
5.25 -5.63983
5.26 -5.6392
5.27 -5.63856
5.28 -5.63792
5.29 -5.63728
5.3 -5.63664
5.31 -5.636
5.32 -5.63536
5.33 -5.63472
5.34 -5.63407
5.35 -5.63343
5.36 -5.63278
5.37 -5.63213
5.38 -5.63148
5.39 -5.63083
5.4 -5.63018
5.41 -5.62953
5.42 -5.62888
5.43 -5.62822
5.44 -5.62757
5.45 -5.62691
5.46 -5.62625
5.47 -5.6256
5.48 -5.62494
5.49 -5.62428
5.5 -5.62361
5.51 -5.62295
5.52 -5.62229
5.53 -5.62163
5.54 -5.62096
5.55 -5.62029
5.56 -5.61963
5.57 -5.61896
5.58 -5.61829
5.59 -5.61762
5.6 -5.61695
5.61 -5.61628
5.62 -5.61561
5.63 -5.61494
5.64 -5.61426
5.65 -5.61359
5.66 -5.61291
5.67 -5.61224
5.68 -5.61156
5.69 -5.61088
5.7 -5.61021
5.71 -5.60953
5.72 -5.60885
5.73 -5.60817
5.74 -5.60749
5.75 -5.60681
5.76 -5.60613
5.77 -5.60544
5.78 -5.60476
5.79 -5.60408
5.8 -5.60339
5.81 -5.60271
5.82 -5.60202
5.83 -5.60134
5.84 -5.60065
5.85 -5.59996
5.86 -5.59927
5.87 -5.59859
5.88 -5.5979
5.89 -5.59721
5.9 -5.59652
5.91 -5.59582
5.92 -5.59513
5.93 -5.59444
5.94 -5.59375
5.95 -5.59305
5.96 -5.59236
5.97 -5.59166
5.98 -5.59096
5.99 -5.59027
6 -5.58957
6.01 -5.58887
6.02 -5.58817
6.03 -5.58746
6.04 -5.58676
6.05 -5.58606
6.06 -5.58535
6.07 -5.58465
6.08 -5.58394
6.09 -5.58323
6.1 -5.58252
6.11 -5.5818
6.12 -5.58109
6.13 -5.58037
6.14 -5.57966
6.15 -5.57894
6.16 -5.57821
6.17 -5.57749
6.18 -5.57676
6.19 -5.57604
6.2 -5.57531
6.21 -5.57457
6.22 -5.57384
6.23 -5.5731
6.24 -5.57236
6.25 -5.57161
6.26 -5.57086
6.27 -5.57011
6.28 -5.56936
6.29 -5.5686
6.3 -5.56783
6.31 -5.56707
6.32 -5.5663
6.33 -5.56552
6.34 -5.56474
6.35 -5.56396
6.36 -5.56317
6.37 -5.56238
6.38 -5.56158
6.39 -5.56077
6.4 -5.55996
6.41 -5.55915
6.42 -5.55832
6.43 -5.5575
6.44 -5.55666
6.45 -5.55582
6.46 -5.55497
6.47 -5.55412
6.48 -5.55325
6.49 -5.55238
6.5 -5.5515
6.51 -5.55062
6.52 -5.54972
6.53 -5.54882
6.54 -5.54791
6.55 -5.54699
6.56 -5.54605
6.57 -5.54511
6.58 -5.54416
6.59 -5.54321
6.6 -5.54224
6.61 -5.54125
6.62 -5.54026
6.63 -5.53926
6.64 -5.53825
6.65 -5.53722
6.66 -5.53619
6.67 -5.53514
6.68 -5.53408
6.69 -5.533
6.7 -5.53192
6.71 -5.53082
6.72 -5.52971
6.73 -5.52858
6.74 -5.52744
6.75 -5.52629
6.76 -5.52512
6.77 -5.52394
6.78 -5.52275
6.79 -5.52154
6.8 -5.52032
6.81 -5.51908
6.82 -5.51783
6.83 -5.51656
6.84 -5.51527
6.85 -5.51398
6.86 -5.51266
6.87 -5.51133
6.88 -5.50999
6.89 -5.50863
6.9 -5.50726
6.91 -5.50587
6.92 -5.50446
6.93 -5.50304
6.94 -5.5016
6.95 -5.50015
6.96 -5.49869
6.97 -5.4972
6.98 -5.49571
6.99 -5.4942
7 -5.49267
7.01 -5.49113
7.02 -5.48958
7.03 -5.48801
7.04 -5.48644
7.05 -5.48484
7.06 -5.48324
7.07 -5.48162
7.08 -5.47999
7.09 -5.47835
7.1 -5.4767
7.11 -5.47504
7.12 -5.47338
7.13 -5.4717
7.14 -5.47001
7.15 -5.46832
7.16 -5.46662
7.17 -5.46492
7.18 -5.46321
7.19 -5.4615
7.2 -5.45979
7.21 -5.45807
7.22 -5.45635
7.23 -5.45464
7.24 -5.45293
7.25 -5.45122
7.26 -5.44951
7.27 -5.44781
7.28 -5.44612
7.29 -5.44444
7.3 -5.44277
7.31 -5.44111
7.32 -5.43947
7.33 -5.43784
7.34 -5.43623
7.35 -5.43464
7.36 -5.43307
7.37 -5.43153
7.38 -5.43001
7.39 -5.42852
7.4 -5.42706
7.41 -5.42563
7.42 -5.42424
7.43 -5.42289
7.44 -5.42157
7.45 -5.4203
7.46 -5.41907
7.47 -5.41789
7.48 -5.41677
7.49 -5.41569
7.5 -5.41468
7.51 -5.41372
7.52 -5.41283
7.53 -5.412
7.54 -5.41124
7.55 -5.41055
7.56 -5.40994
7.57 -5.40941
7.58 -5.40896
7.59 -5.40859
7.6 -5.40832
7.61 -5.40813
7.62 -5.40804
7.63 -5.40806
7.64 -5.40817
7.65 -5.40839
7.66 -5.40872
7.67 -5.40917
7.68 -5.40973
7.69 -5.41041
7.7 -5.41122
7.71 -5.41215
7.72 -5.41322
7.73 -5.41442
7.74 -5.41575
7.75 -5.41723
7.76 -5.41886
7.77 -5.42063
7.78 -5.42255
7.79 -5.42463
7.8 -5.42687
7.81 -5.42926
7.82 -5.43182
7.83 -5.43454
7.84 -5.43743
7.85 -5.4405
7.86 -5.44373
7.87 -5.44714
7.88 -5.45073
7.89 -5.4545
7.9 -5.45845
7.91 -5.46258
7.92 -5.4669
7.93 -5.4714
7.94 -5.47608
7.95 -5.48096
7.96 -5.48602
7.97 -5.49127
7.98 -5.49671
7.99 -5.50234
8 -5.50815
8.01 -5.51415
8.02 -5.52034
8.03 -5.52672
8.04 -5.53328
8.05 -5.54003
8.06 -5.54696
8.07 -5.55407
8.08 -5.56137
8.09 -5.56883
8.1 -5.57648
8.11 -5.5843
8.12 -5.59229
8.13 -5.60044
8.14 -5.60876
8.15 -5.61725
8.16 -5.62589
8.17 -5.63469
8.18 -5.64364
8.19 -5.65273
8.2 -5.66198
8.21 -5.67136
8.22 -5.68088
8.23 -5.69053
8.24 -5.70031
8.25 -5.71022
8.26 -5.72024
8.27 -5.73038
8.28 -5.74064
8.29 -5.75099
8.3 -5.76146
8.31 -5.77202
8.32 -5.78267
8.33 -5.79341
8.34 -5.80424
8.35 -5.81515
8.36 -5.82613
8.37 -5.83719
8.38 -5.84831
8.39 -5.8595
8.4 -5.87074
8.41 -5.88204
8.42 -5.89339
8.43 -5.90479
8.44 -5.91623
8.45 -5.9277
8.46 -5.93921
8.47 -5.95076
8.48 -5.96233
8.49 -5.97392
8.5 -5.98553
8.51 -5.99716
8.52 -6.0088
8.53 -6.02046
8.54 -6.03212
8.55 -6.04378
8.56 -6.05545
8.57 -6.06712
8.58 -6.07878
8.59 -6.09043
8.6 -6.10208
8.61 -6.11371
8.62 -6.12533
8.63 -6.13693
8.64 -6.14852
8.65 -6.16009
8.66 -6.17163
8.67 -6.18315
8.68 -6.19464
8.69 -6.20611
8.7 -6.21755
8.71 -6.22896
8.72 -6.24033
8.73 -6.25167
8.74 -6.26298
8.75 -6.27426
8.76 -6.28549
8.77 -6.29669
8.78 -6.30785
8.79 -6.31898
8.8 -6.33006
8.81 -6.3411
8.82 -6.3521
8.83 -6.36305
8.84 -6.37397
8.85 -6.38484
8.86 -6.39566
8.87 -6.40644
8.88 -6.41718
8.89 -6.42787
8.9 -6.43851
8.91 -6.44911
8.92 -6.45966
8.93 -6.47017
8.94 -6.48063
8.95 -6.49104
8.96 -6.5014
8.97 -6.51172
8.98 -6.52199
8.99 -6.53221
9 -6.54239
9.01 -6.55251
9.02 -6.56259
9.03 -6.57262
9.04 -6.58261
9.05 -6.59254
9.06 -6.60243
9.07 -6.61227
9.08 -6.62206
9.09 -6.63181
9.1 -6.64151
9.11 -6.65116
9.12 -6.66076
9.13 -6.67032
9.14 -6.67983
9.15 -6.68929
9.16 -6.69871
9.17 -6.70808
9.18 -6.7174
9.19 -6.72668
9.2 -6.73591
9.21 -6.7451
9.22 -6.75424
9.23 -6.76333
9.24 -6.77238
9.25 -6.78139
9.26 -6.79035
9.27 -6.79926
9.28 -6.80813
9.29 -6.81696
9.3 -6.82574
9.31 -6.83448
9.32 -6.84318
9.33 -6.85183
9.34 -6.86044
9.35 -6.86901
9.36 -6.87753
9.37 -6.88602
9.38 -6.89446
9.39 -6.90285
9.4 -6.91121
9.41 -6.91953
9.42 -6.9278
9.43 -6.93604
9.44 -6.94423
9.45 -6.95238
9.46 -6.9605
9.47 -6.96857
9.48 -6.97661
9.49 -6.9846
9.5 -6.99256
9.51 -7.00048
9.52 -7.00836
9.53 -7.0162
9.54 -7.024
9.55 -7.03177
9.56 -7.0395
9.57 -7.04719
9.58 -7.05484
9.59 -7.06246
9.6 -7.07005
9.61 -7.07759
9.62 -7.0851
9.63 -7.09258
9.64 -7.10002
9.65 -7.10743
9.66 -7.1148
9.67 -7.12213
9.68 -7.12944
9.69 -7.13671
9.7 -7.14394
9.71 -7.15115
9.72 -7.15832
9.73 -7.16545
9.74 -7.17256
9.75 -7.17963
9.76 -7.18667
9.77 -7.19368
9.78 -7.20066
9.79 -7.2076
9.8 -7.21452
9.81 -7.2214
9.82 -7.22826
9.83 -7.23508
9.84 -7.24188
9.85 -7.24864
9.86 -7.25538
9.87 -7.26208
9.88 -7.26876
9.89 -7.27541
9.9 -7.28203
9.91 -7.28862
9.92 -7.29519
9.93 -7.30173
9.94 -7.30823
9.95 -7.31472
9.96 -7.32117
9.97 -7.3276
9.98 -7.334
9.99 -7.34038
10 -7.34673
10.001 -10
