0 0
0.01 0.271037
0.02 0.269581
0.03 0.268128
0.04 0.266678
0.05 0.265231
0.06 0.263786
0.07 0.262345
0.08 0.260908
0.09 0.259474
0.1 0.258044
0.11 0.256618
0.12 0.255196
0.13 0.253778
0.14 0.252365
0.15 0.250956
0.16 0.249553
0.17 0.248154
0.18 0.24676
0.19 0.245372
0.2 0.24399
0.21 0.242613
0.22 0.241243
0.23 0.239879
0.24 0.238521
0.25 0.237169
0.26 0.235825
0.27 0.234488
0.28 0.233158
0.29 0.231836
0.3 0.230521
0.31 0.229214
0.32 0.227916
0.33 0.226626
0.34 0.225345
0.35 0.224074
0.36 0.222811
0.37 0.221558
0.38 0.220314
0.39 0.219081
0.4 0.217858
0.41 0.216646
0.42 0.215444
0.43 0.214254
0.44 0.213076
0.45 0.211909
0.46 0.210754
0.47 0.209611
0.48 0.208481
0.49 0.207365
0.5 0.206261
0.51 0.205171
0.52 0.204096
0.53 0.203034
0.54 0.201987
0.55 0.200955
0.56 0.199939
0.57 0.198938
0.58 0.197953
0.59 0.196984
0.6 0.196033
0.61 0.195098
0.62 0.194181
0.63 0.193281
0.64 0.1924
0.65 0.191538
0.66 0.190694
0.67 0.18987
0.68 0.189065
0.69 0.188281
0.7 0.187517
0.71 0.186774
0.72 0.186052
0.73 0.185352
0.74 0.184674
0.75 0.184019
0.76 0.183387
0.77 0.182778
0.78 0.182192
0.79 0.181631
0.8 0.181094
0.81 0.180583
0.82 0.180096
0.83 0.179635
0.84 0.179201
0.85 0.178793
0.86 0.178412
0.87 0.178058
0.88 0.177732
0.89 0.177435
0.9 0.177165
0.91 0.176925
0.92 0.176714
0.93 0.176533
0.94 0.176381
0.95 0.176261
0.96 0.176171
0.97 0.176112
0.98 0.176084
0.99 0.176089
1 0.176125
1.01 0.176194
1.02 0.176296
1.03 0.176431
1.04 0.176599
1.05 0.176801
1.06 0.177038
1.07 0.177308
1.08 0.177613
1.09 0.177952
1.1 0.178327
1.11 0.178737
1.12 0.179182
1.13 0.179663
1.14 0.180179
1.15 0.180732
1.16 0.18132
1.17 0.181945
1.18 0.182606
1.19 0.183303
1.2 0.184037
1.21 0.184807
1.22 0.185614
1.23 0.186457
1.24 0.187337
1.25 0.188253
1.26 0.189206
1.27 0.190195
1.28 0.19122
1.29 0.192282
1.3 0.193379
1.31 0.194512
1.32 0.195681
1.33 0.196885
1.34 0.198125
1.35 0.199399
1.36 0.200707
1.37 0.20205
1.38 0.203427
1.39 0.204837
1.4 0.206281
1.41 0.207757
1.42 0.209265
1.43 0.210805
1.44 0.212376
1.45 0.213978
1.46 0.215609
1.47 0.217271
1.48 0.218961
1.49 0.220679
1.5 0.222425
1.51 0.224197
1.52 0.225996
1.53 0.22782
1.54 0.229668
1.55 0.231541
1.56 0.233436
1.57 0.235353
1.58 0.237292
1.59 0.239251
1.6 0.24123
1.61 0.243227
1.62 0.245242
1.63 0.247273
1.64 0.249321
1.65 0.251383
1.66 0.253459
1.67 0.255548
1.68 0.257649
1.69 0.259761
1.7 0.261883
1.71 0.264013
1.72 0.266152
1.73 0.268298
1.74 0.27045
1.75 0.272606
1.76 0.274767
1.77 0.276931
1.78 0.279098
1.79 0.281265
1.8 0.283433
1.81 0.285601
1.82 0.287767
1.83 0.289931
1.84 0.292092
1.85 0.29425
1.86 0.296402
1.87 0.29855
1.88 0.300692
1.89 0.302827
1.9 0.304955
1.91 0.307075
1.92 0.309187
1.93 0.31129
1.94 0.313384
1.95 0.315468
1.96 0.317542
1.97 0.319605
1.98 0.321658
1.99 0.323699
2 0.32573
2.01 0.327748
2.02 0.329756
2.03 0.331751
2.04 0.333735
2.05 0.335707
2.06 0.337667
2.07 0.339616
2.08 0.341553
2.09 0.343478
2.1 0.345393
2.11 0.347296
2.12 0.349189
2.13 0.351071
2.14 0.352943
2.15 0.354805
2.16 0.356658
2.17 0.358501
2.18 0.360337
2.19 0.362164
2.2 0.363983
2.21 0.365796
2.22 0.367602
2.23 0.369401
2.24 0.371196
2.25 0.372985
2.26 0.37477
2.27 0.376551
2.28 0.37833
2.29 0.380106
2.3 0.381879
2.31 0.383652
2.32 0.385424
2.33 0.387196
2.34 0.388969
2.35 0.390743
2.36 0.392519
2.37 0.394298
2.38 0.39608
2.39 0.397865
2.4 0.399655
2.41 0.40145
2.42 0.40325
2.43 0.405057
2.44 0.40687
2.45 0.408691
2.46 0.410519
2.47 0.412355
2.48 0.414201
2.49 0.416056
2.5 0.41792
2.51 0.419795
2.52 0.42168
2.53 0.423577
2.54 0.425485
2.55 0.427405
2.56 0.429337
2.57 0.431282
2.58 0.43324
2.59 0.435211
2.6 0.437196
2.61 0.439195
2.62 0.441208
2.63 0.443235
2.64 0.445277
2.65 0.447334
2.66 0.449406
2.67 0.451493
2.68 0.453596
2.69 0.455714
2.7 0.457847
2.71 0.459997
2.72 0.462162
2.73 0.464343
2.74 0.46654
2.75 0.468754
2.76 0.470983
2.77 0.473228
2.78 0.47549
2.79 0.477768
2.8 0.480062
2.81 0.482372
2.82 0.484698
2.83 0.48704
2.84 0.489398
2.85 0.491771
2.86 0.494161
2.87 0.496566
2.88 0.498987
2.89 0.501423
2.9 0.503875
2.91 0.506342
2.92 0.508824
2.93 0.511321
2.94 0.513833
2.95 0.51636
2.96 0.518901
2.97 0.521456
2.98 0.524026
2.99 0.52661
3 0.529207
3.01 0.531819
3.02 0.534444
3.03 0.537082
3.04 0.539733
3.05 0.542398
3.06 0.545075
3.07 0.547765
3.08 0.550467
3.09 0.553181
3.1 0.555908
3.11 0.558646
3.12 0.561396
3.13 0.564158
3.14 0.566931
3.15 0.569715
3.16 0.57251
3.17 0.575316
3.18 0.578132
3.19 0.580959
3.2 0.583796
3.21 0.586643
3.22 0.589499
3.23 0.592366
3.24 0.595242
3.25 0.598127
3.26 0.601022
3.27 0.603925
3.28 0.606838
3.29 0.609759
3.3 0.612689
3.31 0.615627
3.32 0.618573
3.33 0.621528
3.34 0.62449
3.35 0.627461
3.36 0.630439
3.37 0.633424
3.38 0.636418
3.39 0.639418
3.4 0.642426
3.41 0.645441
3.42 0.648463
3.43 0.651492
3.44 0.654528
3.45 0.65757
3.46 0.660619
3.47 0.663675
3.48 0.666737
3.49 0.669805
3.5 0.67288
3.51 0.675961
3.52 0.679048
3.53 0.682142
3.54 0.685241
3.55 0.688346
3.56 0.691457
3.57 0.694574
3.58 0.697697
3.59 0.700826
3.6 0.70396
3.61 0.707101
3.62 0.710246
3.63 0.713398
3.64 0.716555
3.65 0.719718
3.66 0.722886
3.67 0.72606
3.68 0.729239
3.69 0.732424
3.7 0.735615
3.71 0.738811
3.72 0.742012
3.73 0.745219
3.74 0.748432
3.75 0.75165
3.76 0.754874
3.77 0.758103
3.78 0.761338
3.79 0.764579
3.8 0.767825
3.81 0.771077
3.82 0.774335
3.83 0.777598
3.84 0.780867
3.85 0.784142
3.86 0.787423
3.87 0.790709
3.88 0.794002
3.89 0.797301
3.9 0.800605
3.91 0.803916
3.92 0.807232
3.93 0.810555
3.94 0.813885
3.95 0.81722
3.96 0.820562
3.97 0.82391
3.98 0.827265
3.99 0.830626
4 0.833994
4.01 0.837368
4.02 0.840749
4.03 0.844137
4.04 0.847532
4.05 0.850934
4.06 0.854343
4.07 0.857759
4.08 0.861183
4.09 0.864613
4.1 0.868051
4.11 0.871496
4.12 0.874949
4.13 0.87841
4.14 0.881878
4.15 0.885354
4.16 0.888838
4.17 0.89233
4.18 0.89583
4.19 0.899338
4.2 0.902854
4.21 0.906379
4.22 0.909912
4.23 0.913454
4.24 0.917004
4.25 0.920563
4.26 0.924131
4.27 0.927708
4.28 0.931294
4.29 0.934889
4.3 0.938494
4.31 0.942107
4.32 0.945731
4.33 0.949364
4.34 0.953006
4.35 0.956659
4.36 0.960321
4.37 0.963993
4.38 0.967676
4.39 0.971368
4.4 0.975071
4.41 0.978785
4.42 0.982509
4.43 0.986244
4.44 0.989989
4.45 0.993746
4.46 0.997513
4.47 1.00129
4.48 1.00508
4.49 1.00888
4.5 1.0127
4.51 1.01652
4.52 1.02036
4.53 1.02421
4.54 1.02807
4.55 1.03194
4.56 1.03582
4.57 1.03972
4.58 1.04363
4.59 1.04755
4.6 1.05149
4.61 1.05544
4.62 1.0594
4.63 1.06337
4.64 1.06736
4.65 1.07136
4.66 1.07537
4.67 1.0794
4.68 1.08344
4.69 1.0875
4.7 1.09157
4.71 1.09565
4.72 1.09975
4.73 1.10386
4.74 1.10799
4.75 1.11213
4.76 1.11628
4.77 1.12046
4.78 1.12464
4.79 1.12884
4.8 1.13306
4.81 1.13729
4.82 1.14154
4.83 1.1458
4.84 1.15008
4.85 1.15438
4.86 1.15869
4.87 1.16302
4.88 1.16736
4.89 1.17172
4.9 1.1761
4.91 1.18049
4.92 1.1849
4.93 1.18933
4.94 1.19378
4.95 1.19824
4.96 1.20272
4.97 1.20722
4.98 1.21173
4.99 1.21626
5 1.22081
5.01 1.22538
5.02 1.22997
5.03 1.23458
5.04 1.2392
5.05 1.24384
5.06 1.2485
5.07 1.25318
5.08 1.25788
5.09 1.2626
5.1 1.26734
5.11 1.27209
5.12 1.27687
5.13 1.28166
5.14 1.28648
5.15 1.29131
5.16 1.29617
5.17 1.30104
5.18 1.30594
5.19 1.31085
5.2 1.31579
5.21 1.32075
5.22 1.32572
5.23 1.33072
5.24 1.33574
5.25 1.34078
5.26 1.34584
5.27 1.35092
5.28 1.35602
5.29 1.36114
5.3 1.36629
5.31 1.37146
5.32 1.37664
5.33 1.38185
5.34 1.38708
5.35 1.39234
5.36 1.39761
5.37 1.40291
5.38 1.40823
5.39 1.41357
5.4 1.41893
5.41 1.42432
5.42 1.42973
5.43 1.43515
5.44 1.44061
5.45 1.44608
5.46 1.45158
5.47 1.4571
5.48 1.46264
5.49 1.46821
5.5 1.47379
5.51 1.4794
5.52 1.48503
5.53 1.49069
5.54 1.49637
5.55 1.50207
5.56 1.50779
5.57 1.51354
5.58 1.51931
5.59 1.5251
5.6 1.53091
5.61 1.53675
5.62 1.54261
5.63 1.54849
5.64 1.55439
5.65 1.56032
5.66 1.56627
5.67 1.57224
5.68 1.57823
5.69 1.58425
5.7 1.59029
5.71 1.59635
5.72 1.60243
5.73 1.60853
5.74 1.61466
5.75 1.62081
5.76 1.62698
5.77 1.63317
5.78 1.63938
5.79 1.64561
5.8 1.65187
5.81 1.65815
5.82 1.66444
5.83 1.67076
5.84 1.6771
5.85 1.68346
5.86 1.68984
5.87 1.69624
5.88 1.70267
5.89 1.70911
5.9 1.71557
5.91 1.72205
5.92 1.72855
5.93 1.73507
5.94 1.74161
5.95 1.74817
5.96 1.75475
5.97 1.76135
5.98 1.76796
5.99 1.7746
6 1.78125
6.01 1.78792
6.02 1.79461
6.03 1.80132
6.04 1.80805
6.05 1.81479
6.06 1.82155
6.07 1.82833
6.08 1.83513
6.09 1.84194
6.1 1.84877
6.11 1.85562
6.12 1.86248
6.13 1.86936
6.14 1.87626
6.15 1.88317
6.16 1.8901
6.17 1.89705
6.18 1.90401
6.19 1.91099
6.2 1.91799
6.21 1.925
6.22 1.93203
6.23 1.93907
6.24 1.94613
6.25 1.95321
6.26 1.9603
6.27 1.96741
6.28 1.97454
6.29 1.98168
6.3 1.98884
6.31 1.99602
6.32 2.00321
6.33 2.01042
6.34 2.01765
6.35 2.02489
6.36 2.03215
6.37 2.03944
6.38 2.04673
6.39 2.05405
6.4 2.06139
6.41 2.06874
6.42 2.07612
6.43 2.08352
6.44 2.09093
6.45 2.09837
6.46 2.10583
6.47 2.11331
6.48 2.12081
6.49 2.12833
6.5 2.13588
6.51 2.14346
6.52 2.15105
6.53 2.15868
6.54 2.16633
6.55 2.174
6.56 2.18171
6.57 2.18944
6.58 2.1972
6.59 2.20499
6.6 2.21281
6.61 2.22066
6.62 2.22855
6.63 2.23647
6.64 2.24442
6.65 2.25241
6.66 2.26044
6.67 2.2685
6.68 2.2766
6.69 2.28475
6.7 2.29293
6.71 2.30115
6.72 2.30942
6.73 2.31773
6.74 2.32609
6.75 2.3345
6.76 2.34295
6.77 2.35145
6.78 2.36001
6.79 2.36861
6.8 2.37727
6.81 2.38598
6.82 2.39475
6.83 2.40358
6.84 2.41246
6.85 2.42141
6.86 2.43041
6.87 2.43948
6.88 2.44862
6.89 2.45782
6.9 2.46709
6.91 2.47642
6.92 2.48583
6.93 2.49531
6.94 2.50486
6.95 2.51448
6.96 2.52418
6.97 2.53396
6.98 2.54382
6.99 2.55375
7 2.56377
7.01 2.57387
7.02 2.58406
7.03 2.59433
7.04 2.60469
7.05 2.61513
7.06 2.62566
7.07 2.63629
7.08 2.64701
7.09 2.65781
7.1 2.66872
7.11 2.67972
7.12 2.69081
7.13 2.702
7.14 2.71329
7.15 2.72468
7.16 2.73617
7.17 2.74775
7.18 2.75944
7.19 2.77123
7.2 2.78313
7.21 2.79513
7.22 2.80723
7.23 2.81943
7.24 2.83174
7.25 2.84416
7.26 2.85668
7.27 2.8693
7.28 2.88203
7.29 2.89487
7.3 2.90781
7.31 2.92086
7.32 2.93401
7.33 2.94727
7.34 2.96063
7.35 2.9741
7.36 2.98766
7.37 3.00134
7.38 3.01511
7.39 3.02898
7.4 3.04296
7.41 3.05703
7.42 3.07121
7.43 3.08547
7.44 3.09984
7.45 3.1143
7.46 3.12885
7.47 3.14349
7.48 3.15822
7.49 3.17304
7.5 3.18795
7.51 3.20294
7.52 3.21801
7.53 3.23316
7.54 3.24839
7.55 3.2637
7.56 3.27907
7.57 3.29452
7.58 3.31004
7.59 3.32562
7.6 3.34126
7.61 3.35696
7.62 3.37272
7.63 3.38853
7.64 3.40439
7.65 3.42031
7.66 3.43626
7.67 3.45226
7.68 3.46829
7.69 3.48436
7.7 3.50045
7.71 3.51658
7.72 3.53273
7.73 3.5489
7.74 3.56509
7.75 3.58128
7.76 3.59749
7.77 3.6137
7.78 3.62992
7.79 3.64613
7.8 3.66233
7.81 3.67852
7.82 3.6947
7.83 3.71086
7.84 3.727
7.85 3.74311
7.86 3.75918
7.87 3.77523
7.88 3.79123
7.89 3.80719
7.9 3.8231
7.91 3.83895
7.92 3.85475
7.93 3.87049
7.94 3.88617
7.95 3.90177
7.96 3.9173
7.97 3.93275
7.98 3.94812
7.99 3.96339
8 3.97858
8.01 3.99367
8.02 4.00866
8.03 4.02355
8.04 4.03833
8.05 4.05299
8.06 4.06753
8.07 4.08196
8.08 4.09626
8.09 4.11042
8.1 4.12446
8.11 4.13835
8.12 4.1521
8.13 4.16571
8.14 4.17917
8.15 4.19247
8.16 4.20561
8.17 4.2186
8.18 4.23142
8.19 4.24407
8.2 4.25656
8.21 4.26887
8.22 4.281
8.23 4.29295
8.24 4.30473
8.25 4.31631
8.26 4.32771
8.27 4.33892
8.28 4.34994
8.29 4.36076
8.3 4.37139
8.31 4.38183
8.32 4.39206
8.33 4.40209
8.34 4.41192
8.35 4.42155
8.36 4.43098
8.37 4.4402
8.38 4.44922
8.39 4.45803
8.4 4.46663
8.41 4.47503
8.42 4.48323
8.43 4.49121
8.44 4.499
8.45 4.50657
8.46 4.51394
8.47 4.52111
8.48 4.52807
8.49 4.53484
8.5 4.54139
8.51 4.54775
8.52 4.55391
8.53 4.55987
8.54 4.56564
8.55 4.5712
8.56 4.57658
8.57 4.58176
8.58 4.58675
8.59 4.59156
8.6 4.59617
8.61 4.6006
8.62 4.60485
8.63 4.60892
8.64 4.6128
8.65 4.61652
8.66 4.62005
8.67 4.62342
8.68 4.62661
8.69 4.62963
8.7 4.63249
8.71 4.63519
8.72 4.63773
8.73 4.6401
8.74 4.64233
8.75 4.64439
8.76 4.64631
8.77 4.64808
8.78 4.6497
8.79 4.65117
8.8 4.65251
8.81 4.6537
8.82 4.65476
8.83 4.65569
8.84 4.65648
8.85 4.65714
8.86 4.65768
8.87 4.65809
8.88 4.65838
8.89 4.65855
8.9 4.6586
8.91 4.65853
8.92 4.65835
8.93 4.65806
8.94 4.65766
8.95 4.65716
8.96 4.65655
8.97 4.65584
8.98 4.65503
8.99 4.65412
9 4.65311
9.01 4.65201
9.02 4.65082
9.03 4.64953
9.04 4.64816
9.05 4.64671
9.06 4.64517
9.07 4.64354
9.08 4.64184
9.09 4.64006
9.1 4.6382
9.11 4.63626
9.12 4.63426
9.13 4.63218
9.14 4.63003
9.15 4.62781
9.16 4.62552
9.17 4.62317
9.18 4.62075
9.19 4.61827
9.2 4.61573
9.21 4.61314
9.22 4.61048
9.23 4.60776
9.24 4.60499
9.25 4.60217
9.26 4.59929
9.27 4.59636
9.28 4.59338
9.29 4.59035
9.3 4.58728
9.31 4.58415
9.32 4.58098
9.33 4.57777
9.34 4.57451
9.35 4.57121
9.36 4.56786
9.37 4.56448
9.38 4.56105
9.39 4.55759
9.4 4.55409
9.41 4.55055
9.42 4.54697
9.43 4.54336
9.44 4.53972
9.45 4.53604
9.46 4.53233
9.47 4.52858
9.48 4.52481
9.49 4.521
9.5 4.51716
9.51 4.5133
9.52 4.5094
9.53 4.50548
9.54 4.50153
9.55 4.49755
9.56 4.49354
9.57 4.48951
9.58 4.48546
9.59 4.48138
9.6 4.47727
9.61 4.47315
9.62 4.46899
9.63 4.46482
9.64 4.46062
9.65 4.45641
9.66 4.45217
9.67 4.44791
9.68 4.44363
9.69 4.43933
9.7 4.43501
9.71 4.43067
9.72 4.42631
9.73 4.42193
9.74 4.41754
9.75 4.41313
9.76 4.4087
9.77 4.40425
9.78 4.39979
9.79 4.39531
9.8 4.39081
9.81 4.3863
9.82 4.38178
9.83 4.37723
9.84 4.37268
9.85 4.36811
9.86 4.36352
9.87 4.35892
9.88 4.35431
9.89 4.34968
9.9 4.34504
9.91 4.34039
9.92 4.33572
9.93 4.33105
9.94 4.32636
9.95 4.32165
9.96 4.31694
9.97 4.31221
9.98 4.30748
9.99 4.30273
10 4.29797
10.001 0
