0 5
0.01 4.13952
0.02 4.14104
0.03 4.14258
0.04 4.14412
0.05 4.14567
0.06 4.14723
0.07 4.1488
0.08 4.15037
0.09 4.15195
0.1 4.15354
0.11 4.15514
0.12 4.15675
0.13 4.15837
0.14 4.16
0.15 4.16163
0.16 4.16328
0.17 4.16493
0.18 4.1666
0.19 4.16827
0.2 4.16995
0.21 4.17165
0.22 4.17335
0.23 4.17507
0.24 4.17679
0.25 4.17853
0.26 4.18027
0.27 4.18203
0.28 4.1838
0.29 4.18558
0.3 4.18737
0.31 4.18917
0.32 4.19099
0.33 4.19282
0.34 4.19465
0.35 4.1965
0.36 4.19837
0.37 4.20024
0.38 4.20213
0.39 4.20403
0.4 4.20595
0.41 4.20788
0.42 4.20982
0.43 4.21177
0.44 4.21374
0.45 4.21573
0.46 4.21772
0.47 4.21974
0.48 4.22176
0.49 4.2238
0.5 4.22586
0.51 4.22793
0.52 4.23001
0.53 4.23211
0.54 4.23423
0.55 4.23636
0.56 4.23851
0.57 4.24067
0.58 4.24285
0.59 4.24505
0.6 4.24726
0.61 4.24949
0.62 4.25173
0.63 4.25399
0.64 4.25627
0.65 4.25857
0.66 4.26088
0.67 4.26322
0.68 4.26557
0.69 4.26793
0.7 4.27032
0.71 4.27272
0.72 4.27514
0.73 4.27759
0.74 4.28005
0.75 4.28252
0.76 4.28502
0.77 4.28754
0.78 4.29008
0.79 4.29263
0.8 4.29521
0.81 4.29781
0.82 4.30043
0.83 4.30306
0.84 4.30572
0.85 4.3084
0.86 4.31111
0.87 4.31383
0.88 4.31657
0.89 4.31934
0.9 4.32213
0.91 4.32494
0.92 4.32778
0.93 4.33064
0.94 4.33352
0.95 4.33643
0.96 4.33936
0.97 4.34231
0.98 4.34529
0.99 4.34829
1 4.35132
1.01 4.35438
1.02 4.35746
1.03 4.36057
1.04 4.3637
1.05 4.36686
1.06 4.37005
1.07 4.37327
1.08 4.37652
1.09 4.3798
1.1 4.3831
1.11 4.38644
1.12 4.3898
1.13 4.3932
1.14 4.39662
1.15 4.40008
1.16 4.40358
1.17 4.4071
1.18 4.41066
1.19 4.41425
1.2 4.41788
1.21 4.42154
1.22 4.42524
1.23 4.42897
1.24 4.43274
1.25 4.43655
1.26 4.44039
1.27 4.44427
1.28 4.4482
1.29 4.45216
1.3 4.45616
1.31 4.46021
1.32 4.46429
1.33 4.46842
1.34 4.47259
1.35 4.4768
1.36 4.48106
1.37 4.48536
1.38 4.48971
1.39 4.49411
1.4 4.49855
1.41 4.50303
1.42 4.50757
1.43 4.51215
1.44 4.51679
1.45 4.52147
1.46 4.5262
1.47 4.53098
1.48 4.53582
1.49 4.5407
1.5 4.54564
1.51 4.55063
1.52 4.55567
1.53 4.56076
1.54 4.56591
1.55 4.57112
1.56 4.57637
1.57 4.58169
1.58 4.58705
1.59 4.59248
1.6 4.59795
1.61 4.60349
1.62 4.60907
1.63 4.61472
1.64 4.62042
1.65 4.62617
1.66 4.63198
1.67 4.63785
1.68 4.64377
1.69 4.64975
1.7 4.65578
1.71 4.66186
1.72 4.668
1.73 4.67419
1.74 4.68044
1.75 4.68674
1.76 4.69309
1.77 4.69949
1.78 4.70594
1.79 4.71244
1.8 4.71899
1.81 4.72558
1.82 4.73223
1.83 4.73891
1.84 4.74565
1.85 4.75242
1.86 4.75924
1.87 4.7661
1.88 4.773
1.89 4.77993
1.9 4.7869
1.91 4.79391
1.92 4.80095
1.93 4.80802
1.94 4.81512
1.95 4.82225
1.96 4.8294
1.97 4.83658
1.98 4.84378
1.99 4.851
2 4.85824
2.01 4.8655
2.02 4.87277
2.03 4.88005
2.04 4.88735
2.05 4.89465
2.06 4.90196
2.07 4.90927
2.08 4.91659
2.09 4.9239
2.1 4.93122
2.11 4.93853
2.12 4.94583
2.13 4.95313
2.14 4.96041
2.15 4.96768
2.16 4.97494
2.17 4.98218
2.18 4.98941
2.19 4.99661
2.2 5.00379
2.21 5.01095
2.22 5.01808
2.23 5.02519
2.24 5.03226
2.25 5.03931
2.26 5.04632
2.27 5.05329
2.28 5.06024
2.29 5.06714
2.3 5.07401
2.31 5.08084
2.32 5.08762
2.33 5.09436
2.34 5.10106
2.35 5.10772
2.36 5.11433
2.37 5.12089
2.38 5.1274
2.39 5.13387
2.4 5.14028
2.41 5.14665
2.42 5.15297
2.43 5.15923
2.44 5.16544
2.45 5.1716
2.46 5.1777
2.47 5.18375
2.48 5.18974
2.49 5.19568
2.5 5.20157
2.51 5.2074
2.52 5.21317
2.53 5.21889
2.54 5.22456
2.55 5.23016
2.56 5.23571
2.57 5.24121
2.58 5.24665
2.59 5.25203
2.6 5.25735
2.61 5.26262
2.62 5.26784
2.63 5.273
2.64 5.2781
2.65 5.28315
2.66 5.28814
2.67 5.29308
2.68 5.29796
2.69 5.30279
2.7 5.30757
2.71 5.31229
2.72 5.31696
2.73 5.32157
2.74 5.32614
2.75 5.33065
2.76 5.33511
2.77 5.33952
2.78 5.34388
2.79 5.34819
2.8 5.35245
2.81 5.35666
2.82 5.36082
2.83 5.36493
2.84 5.369
2.85 5.37301
2.86 5.37699
2.87 5.38091
2.88 5.38479
2.89 5.38862
2.9 5.39241
2.91 5.39616
2.92 5.39986
2.93 5.40352
2.94 5.40714
2.95 5.41071
2.96 5.41424
2.97 5.41774
2.98 5.42119
2.99 5.4246
3 5.42797
3.01 5.4313
3.02 5.4346
3.03 5.43785
3.04 5.44107
3.05 5.44426
3.06 5.4474
3.07 5.45051
3.08 5.45359
3.09 5.45663
3.1 5.45963
3.11 5.4626
3.12 5.46554
3.13 5.46844
3.14 5.47132
3.15 5.47416
3.16 5.47696
3.17 5.47974
3.18 5.48249
3.19 5.4852
3.2 5.48789
3.21 5.49055
3.22 5.49317
3.23 5.49577
3.24 5.49834
3.25 5.50089
3.26 5.5034
3.27 5.50589
3.28 5.50835
3.29 5.51079
3.3 5.5132
3.31 5.51558
3.32 5.51794
3.33 5.52028
3.34 5.52259
3.35 5.52488
3.36 5.52714
3.37 5.52938
3.38 5.5316
3.39 5.53379
3.4 5.53596
3.41 5.53811
3.42 5.54024
3.43 5.54235
3.44 5.54444
3.45 5.5465
3.46 5.54855
3.47 5.55057
3.48 5.55258
3.49 5.55457
3.5 5.55653
3.51 5.55848
3.52 5.56041
3.53 5.56232
3.54 5.56422
3.55 5.56609
3.56 5.56795
3.57 5.56979
3.58 5.57162
3.59 5.57343
3.6 5.57522
3.61 5.57699
3.62 5.57875
3.63 5.58049
3.64 5.58222
3.65 5.58393
3.66 5.58563
3.67 5.58731
3.68 5.58898
3.69 5.59064
3.7 5.59227
3.71 5.5939
3.72 5.59551
3.73 5.59711
3.74 5.59869
3.75 5.60026
3.76 5.60182
3.77 5.60337
3.78 5.6049
3.79 5.60642
3.8 5.60793
3.81 5.60943
3.82 5.61091
3.83 5.61238
3.84 5.61384
3.85 5.61529
3.86 5.61673
3.87 5.61816
3.88 5.61957
3.89 5.62098
3.9 5.62237
3.91 5.62375
3.92 5.62513
3.93 5.62649
3.94 5.62784
3.95 5.62919
3.96 5.63052
3.97 5.63185
3.98 5.63316
3.99 5.63446
4 5.63576
4.01 5.63705
4.02 5.63832
4.03 5.63959
4.04 5.64085
4.05 5.6421
4.06 5.64334
4.07 5.64458
4.08 5.6458
4.09 5.64702
4.1 5.64823
4.11 5.64943
4.12 5.65062
4.13 5.65181
4.14 5.65299
4.15 5.65416
4.16 5.65532
4.17 5.65647
4.18 5.65762
4.19 5.65876
4.2 5.65989
4.21 5.66102
4.22 5.66214
4.23 5.66325
4.24 5.66436
4.25 5.66545
4.26 5.66655
4.27 5.66763
4.28 5.66871
4.29 5.66978
4.3 5.67085
4.31 5.67191
4.32 5.67296
4.33 5.674
4.34 5.67504
4.35 5.67608
4.36 5.67711
4.37 5.67813
4.38 5.67915
4.39 5.68016
4.4 5.68116
4.41 5.68216
4.42 5.68315
4.43 5.68414
4.44 5.68512
4.45 5.6861
4.46 5.68707
4.47 5.68804
4.48 5.689
4.49 5.68995
4.5 5.6909
4.51 5.69185
4.52 5.69279
4.53 5.69372
4.54 5.69465
4.55 5.69558
4.56 5.6965
4.57 5.69741
4.58 5.69832
4.59 5.69922
4.6 5.70012
4.61 5.70102
4.62 5.70191
4.63 5.70279
4.64 5.70367
4.65 5.70455
4.66 5.70542
4.67 5.70628
4.68 5.70715
4.69 5.708
4.7 5.70886
4.71 5.7097
4.72 5.71055
4.73 5.71139
4.74 5.71222
4.75 5.71305
4.76 5.71387
4.77 5.7147
4.78 5.71551
4.79 5.71632
4.8 5.71713
4.81 5.71794
4.82 5.71874
4.83 5.71953
4.84 5.72032
4.85 5.72111
4.86 5.72189
4.87 5.72267
4.88 5.72344
4.89 5.72421
4.9 5.72497
4.91 5.72573
4.92 5.72649
4.93 5.72724
4.94 5.72799
4.95 5.72874
4.96 5.72948
4.97 5.73021
4.98 5.73094
4.99 5.73167
5 5.73239
5.01 5.73311
5.02 5.73383
5.03 5.73454
5.04 5.73525
5.05 5.73595
5.06 5.73665
5.07 5.73734
5.08 5.73803
5.09 5.73872
5.1 5.7394
5.11 5.74008
5.12 5.74075
5.13 5.74142
5.14 5.74209
5.15 5.74275
5.16 5.7434
5.17 5.74406
5.18 5.74471
5.19 5.74535
5.2 5.74599
5.21 5.74663
5.22 5.74726
5.23 5.74789
5.24 5.74851
5.25 5.74913
5.26 5.74975
5.27 5.75036
5.28 5.75097
5.29 5.75157
5.3 5.75217
5.31 5.75277
5.32 5.75336
5.33 5.75394
5.34 5.75453
5.35 5.75511
5.36 5.75568
5.37 5.75625
5.38 5.75682
5.39 5.75738
5.4 5.75793
5.41 5.75849
5.42 5.75904
5.43 5.75958
5.44 5.76012
5.45 5.76066
5.46 5.76119
5.47 5.76172
5.48 5.76224
5.49 5.76276
5.5 5.76328
5.51 5.76379
5.52 5.7643
5.53 5.7648
5.54 5.7653
5.55 5.76579
5.56 5.76628
5.57 5.76677
5.58 5.76725
5.59 5.76773
5.6 5.7682
5.61 5.76867
5.62 5.76914
5.63 5.7696
5.64 5.77005
5.65 5.77051
5.66 5.77096
5.67 5.7714
5.68 5.77184
5.69 5.77228
5.7 5.77271
5.71 5.77314
5.72 5.77356
5.73 5.77398
5.74 5.7744
5.75 5.77481
5.76 5.77522
5.77 5.77563
5.78 5.77603
5.79 5.77643
5.8 5.77682
5.81 5.77721
5.82 5.7776
5.83 5.77798
5.84 5.77836
5.85 5.77874
5.86 5.77911
5.87 5.77948
5.88 5.77984
5.89 5.7802
5.9 5.78056
5.91 5.78092
5.92 5.78127
5.93 5.78162
5.94 5.78197
5.95 5.78231
5.96 5.78265
5.97 5.78299
5.98 5.78332
5.99 5.78365
6 5.78398
6.01 5.78431
6.02 5.78463
6.03 5.78495
6.04 5.78527
6.05 5.78559
6.06 5.7859
6.07 5.78622
6.08 5.78653
6.09 5.78684
6.1 5.78714
6.11 5.78745
6.12 5.78775
6.13 5.78806
6.14 5.78836
6.15 5.78866
6.16 5.78896
6.17 5.78925
6.18 5.78955
6.19 5.78985
6.2 5.79014
6.21 5.79044
6.22 5.79073
6.23 5.79102
6.24 5.79132
6.25 5.79161
6.26 5.79191
6.27 5.7922
6.28 5.7925
6.29 5.79279
6.3 5.79309
6.31 5.79338
6.32 5.79368
6.33 5.79398
6.34 5.79428
6.35 5.79458
6.36 5.79488
6.37 5.79518
6.38 5.79549
6.39 5.7958
6.4 5.7961
6.41 5.79642
6.42 5.79673
6.43 5.79705
6.44 5.79736
6.45 5.79768
6.46 5.79801
6.47 5.79834
6.48 5.79867
6.49 5.799
6.5 5.79933
6.51 5.79967
6.52 5.80002
6.53 5.80037
6.54 5.80072
6.55 5.80107
6.56 5.80143
6.57 5.80179
6.58 5.80216
6.59 5.80253
6.6 5.80291
6.61 5.80329
6.62 5.80368
6.63 5.80407
6.64 5.80446
6.65 5.80486
6.66 5.80527
6.67 5.80568
6.68 5.80609
6.69 5.80651
6.7 5.80694
6.71 5.80737
6.72 5.8078
6.73 5.80824
6.74 5.80869
6.75 5.80914
6.76 5.8096
6.77 5.81006
6.78 5.81052
6.79 5.81099
6.8 5.81147
6.81 5.81195
6.82 5.81244
6.83 5.81293
6.84 5.81343
6.85 5.81393
6.86 5.81443
6.87 5.81494
6.88 5.81545
6.89 5.81597
6.9 5.81649
6.91 5.81701
6.92 5.81753
6.93 5.81806
6.94 5.81859
6.95 5.81913
6.96 5.81966
6.97 5.8202
6.98 5.82073
6.99 5.82127
7 5.82181
7.01 5.82235
7.02 5.82288
7.03 5.82342
7.04 5.82395
7.05 5.82448
7.06 5.825
7.07 5.82553
7.08 5.82604
7.09 5.82656
7.1 5.82706
7.11 5.82756
7.12 5.82805
7.13 5.82853
7.14 5.829
7.15 5.82946
7.16 5.82991
7.17 5.83034
7.18 5.83077
7.19 5.83117
7.2 5.83156
7.21 5.83193
7.22 5.83228
7.23 5.83261
7.24 5.83291
7.25 5.8332
7.26 5.83345
7.27 5.83368
7.28 5.83388
7.29 5.83405
7.3 5.83419
7.31 5.83429
7.32 5.83435
7.33 5.83438
7.34 5.83436
7.35 5.8343
7.36 5.8342
7.37 5.83404
7.38 5.83384
7.39 5.83358
7.4 5.83327
7.41 5.8329
7.42 5.83247
7.43 5.83198
7.44 5.83142
7.45 5.83079
7.46 5.83008
7.47 5.8293
7.48 5.82845
7.49 5.82751
7.5 5.82648
7.51 5.82537
7.52 5.82416
7.53 5.82286
7.54 5.82146
7.55 5.81995
7.56 5.81834
7.57 5.81662
7.58 5.81479
7.59 5.81284
7.6 5.81077
7.61 5.80857
7.62 5.80625
7.63 5.80379
7.64 5.8012
7.65 5.79846
7.66 5.79559
7.67 5.79256
7.68 5.78939
7.69 5.78606
7.7 5.78257
7.71 5.77892
7.72 5.77511
7.73 5.77113
7.74 5.76697
7.75 5.76265
7.76 5.75814
7.77 5.75345
7.78 5.74858
7.79 5.74352
7.8 5.73828
7.81 5.73284
7.82 5.72721
7.83 5.72139
7.84 5.71537
7.85 5.70915
7.86 5.70273
7.87 5.69612
7.88 5.6893
7.89 5.68228
7.9 5.67506
7.91 5.66764
7.92 5.66001
7.93 5.65219
7.94 5.64417
7.95 5.63595
7.96 5.62753
7.97 5.61892
7.98 5.61012
7.99 5.60113
8 5.59195
8.01 5.58259
8.02 5.57304
8.03 5.56333
8.04 5.55343
8.05 5.54338
8.06 5.53315
8.07 5.52277
8.08 5.51224
8.09 5.50156
8.1 5.49073
8.11 5.47978
8.12 5.46869
8.13 5.45747
8.14 5.44614
8.15 5.4347
8.16 5.42315
8.17 5.41151
8.18 5.39978
8.19 5.38796
8.2 5.37607
8.21 5.36411
8.22 5.35208
8.23 5.34
8.24 5.32788
8.25 5.31572
8.26 5.30352
8.27 5.29129
8.28 5.27905
8.29 5.2668
8.3 5.25454
8.31 5.24228
8.32 5.23003
8.33 5.2178
8.34 5.20559
8.35 5.1934
8.36 5.18125
8.37 5.16914
8.38 5.15707
8.39 5.14506
8.4 5.1331
8.41 5.1212
8.42 5.10936
8.43 5.0976
8.44 5.08591
8.45 5.0743
8.46 5.06277
8.47 5.05133
8.48 5.03998
8.49 5.02872
8.5 5.01756
8.51 5.0065
8.52 4.99554
8.53 4.98469
8.54 4.97394
8.55 4.96331
8.56 4.95279
8.57 4.94238
8.58 4.93208
8.59 4.92191
8.6 4.91185
8.61 4.90191
8.62 4.89209
8.63 4.88239
8.64 4.87281
8.65 4.86336
8.66 4.85403
8.67 4.84482
8.68 4.83573
8.69 4.82677
8.7 4.81793
8.71 4.80921
8.72 4.80062
8.73 4.79214
8.74 4.78379
8.75 4.77556
8.76 4.76745
8.77 4.75946
8.78 4.75159
8.79 4.74384
8.8 4.7362
8.81 4.72868
8.82 4.72128
8.83 4.71399
8.84 4.70681
8.85 4.69974
8.86 4.69279
8.87 4.68594
8.88 4.6792
8.89 4.67257
8.9 4.66604
8.91 4.65962
8.92 4.6533
8.93 4.64708
8.94 4.64096
8.95 4.63494
8.96 4.62901
8.97 4.62319
8.98 4.61745
8.99 4.61181
9 4.60626
9.01 4.60079
9.02 4.59542
9.03 4.59013
9.04 4.58493
9.05 4.57981
9.06 4.57478
9.07 4.56982
9.08 4.56495
9.09 4.56015
9.1 4.55543
9.11 4.55079
9.12 4.54622
9.13 4.54172
9.14 4.53729
9.15 4.53294
9.16 4.52865
9.17 4.52443
9.18 4.52028
9.19 4.5162
9.2 4.51217
9.21 4.50821
9.22 4.50431
9.23 4.50048
9.24 4.4967
9.25 4.49298
9.26 4.48931
9.27 4.4857
9.28 4.48215
9.29 4.47865
9.3 4.47521
9.31 4.47181
9.32 4.46847
9.33 4.46517
9.34 4.46193
9.35 4.45873
9.36 4.45558
9.37 4.45248
9.38 4.44942
9.39 4.4464
9.4 4.44343
9.41 4.4405
9.42 4.43761
9.43 4.43476
9.44 4.43196
9.45 4.42919
9.46 4.42646
9.47 4.42377
9.48 4.42111
9.49 4.41849
9.5 4.41591
9.51 4.41336
9.52 4.41085
9.53 4.40837
9.54 4.40592
9.55 4.40351
9.56 4.40112
9.57 4.39877
9.58 4.39645
9.59 4.39416
9.6 4.39189
9.61 4.38966
9.62 4.38745
9.63 4.38528
9.64 4.38313
9.65 4.381
9.66 4.3789
9.67 4.37683
9.68 4.37478
9.69 4.37276
9.7 4.37076
9.71 4.36878
9.72 4.36683
9.73 4.3649
9.74 4.363
9.75 4.36111
9.76 4.35925
9.77 4.35741
9.78 4.35558
9.79 4.35378
9.8 4.352
9.81 4.35024
9.82 4.3485
9.83 4.34678
9.84 4.34507
9.85 4.34339
9.86 4.34172
9.87 4.34007
9.88 4.33844
9.89 4.33682
9.9 4.33523
9.91 4.33364
9.92 4.33208
9.93 4.33053
9.94 4.32899
9.95 4.32748
9.96 4.32597
9.97 4.32448
9.98 4.32301
9.99 4.32155
10 4.3201
10.001 5
