0 0
0.01 0.640476
0.02 0.639452
0.03 0.638424
0.04 0.637391
0.05 0.636352
0.06 0.635309
0.07 0.634261
0.08 0.633208
0.09 0.63215
0.1 0.631087
0.11 0.630019
0.12 0.628946
0.13 0.627869
0.14 0.626786
0.15 0.625698
0.16 0.624605
0.17 0.623508
0.18 0.622405
0.19 0.621297
0.2 0.620185
0.21 0.619067
0.22 0.617944
0.23 0.616816
0.24 0.615683
0.25 0.614546
0.26 0.613403
0.27 0.612255
0.28 0.611102
0.29 0.609944
0.3 0.608781
0.31 0.607613
0.32 0.60644
0.33 0.605262
0.34 0.604079
0.35 0.602891
0.36 0.601698
0.37 0.600501
0.38 0.599298
0.39 0.59809
0.4 0.596877
0.41 0.595659
0.42 0.594437
0.43 0.593209
0.44 0.591977
0.45 0.59074
0.46 0.589498
0.47 0.588251
0.48 0.586999
0.49 0.585743
0.5 0.584482
0.51 0.583216
0.52 0.581945
0.53 0.58067
0.54 0.57939
0.55 0.578106
0.56 0.576817
0.57 0.575523
0.58 0.574225
0.59 0.572923
0.6 0.571616
0.61 0.570305
0.62 0.568989
0.63 0.567669
0.64 0.566345
0.65 0.565017
0.66 0.563684
0.67 0.562348
0.68 0.561007
0.69 0.559663
0.7 0.558314
0.71 0.556962
0.72 0.555606
0.73 0.554246
0.74 0.552883
0.75 0.551516
0.76 0.550145
0.77 0.548771
0.78 0.547394
0.79 0.546013
0.8 0.544629
0.81 0.543242
0.82 0.541852
0.83 0.540459
0.84 0.539063
0.85 0.537665
0.86 0.536264
0.87 0.53486
0.88 0.533454
0.89 0.532045
0.9 0.530634
0.91 0.529221
0.92 0.527807
0.93 0.52639
0.94 0.524971
0.95 0.523551
0.96 0.522129
0.97 0.520706
0.98 0.519281
0.99 0.517856
1 0.516429
1.01 0.515002
1.02 0.513573
1.03 0.512145
1.04 0.510716
1.05 0.509286
1.06 0.507857
1.07 0.506427
1.08 0.504998
1.09 0.50357
1.1 0.502142
1.11 0.500714
1.12 0.499288
1.13 0.497863
1.14 0.496439
1.15 0.495017
1.16 0.493596
1.17 0.492177
1.18 0.490761
1.19 0.489346
1.2 0.487935
1.21 0.486526
1.22 0.48512
1.23 0.483717
1.24 0.482318
1.25 0.480922
1.26 0.479531
1.27 0.478143
1.28 0.47676
1.29 0.475382
1.3 0.474008
1.31 0.47264
1.32 0.471277
1.33 0.46992
1.34 0.468568
1.35 0.467223
1.36 0.465885
1.37 0.464553
1.38 0.463228
1.39 0.461911
1.4 0.460601
1.41 0.459299
1.42 0.458005
1.43 0.45672
1.44 0.455444
1.45 0.454177
1.46 0.45292
1.47 0.451672
1.48 0.450434
1.49 0.449207
1.5 0.44799
1.51 0.446784
1.52 0.44559
1.53 0.444408
1.54 0.443237
1.55 0.442079
1.56 0.440934
1.57 0.439802
1.58 0.438683
1.59 0.437578
1.6 0.436487
1.61 0.43541
1.62 0.434348
1.63 0.433301
1.64 0.432269
1.65 0.431254
1.66 0.430254
1.67 0.429271
1.68 0.428305
1.69 0.427355
1.7 0.426424
1.71 0.42551
1.72 0.424614
1.73 0.423737
1.74 0.422878
1.75 0.422039
1.76 0.421219
1.77 0.420418
1.78 0.419638
1.79 0.418878
1.8 0.418139
1.81 0.417421
1.82 0.416724
1.83 0.416049
1.84 0.415396
1.85 0.414764
1.86 0.414155
1.87 0.413569
1.88 0.413005
1.89 0.412465
1.9 0.411948
1.91 0.411454
1.92 0.410984
1.93 0.410538
1.94 0.410117
1.95 0.409719
1.96 0.409346
1.97 0.408998
1.98 0.408674
1.99 0.408375
2 0.408101
2.01 0.407852
2.02 0.407629
2.03 0.40743
2.04 0.407256
2.05 0.407108
2.06 0.406985
2.07 0.406887
2.08 0.406814
2.09 0.406766
2.1 0.406743
2.11 0.406745
2.12 0.406772
2.13 0.406823
2.14 0.406899
2.15 0.406999
2.16 0.407123
2.17 0.40727
2.18 0.407441
2.19 0.407635
2.2 0.407852
2.21 0.408092
2.22 0.408353
2.23 0.408636
2.24 0.408941
2.25 0.409266
2.26 0.409612
2.27 0.409977
2.28 0.410362
2.29 0.410765
2.3 0.411187
2.31 0.411626
2.32 0.412083
2.33 0.412555
2.34 0.413043
2.35 0.413546
2.36 0.414063
2.37 0.414594
2.38 0.415137
2.39 0.415692
2.4 0.416258
2.41 0.416834
2.42 0.41742
2.43 0.418014
2.44 0.418616
2.45 0.419225
2.46 0.41984
2.47 0.42046
2.48 0.421084
2.49 0.421711
2.5 0.422341
2.51 0.422972
2.52 0.423604
2.53 0.424236
2.54 0.424867
2.55 0.425496
2.56 0.426122
2.57 0.426744
2.58 0.427362
2.59 0.427975
2.6 0.428583
2.61 0.429183
2.62 0.429777
2.63 0.430363
2.64 0.43094
2.65 0.431509
2.66 0.432068
2.67 0.432617
2.68 0.433156
2.69 0.433684
2.7 0.434201
2.71 0.434707
2.72 0.435202
2.73 0.435685
2.74 0.436157
2.75 0.436618
2.76 0.437067
2.77 0.437504
2.78 0.437931
2.79 0.438347
2.8 0.438753
2.81 0.439148
2.82 0.439534
2.83 0.439911
2.84 0.440279
2.85 0.44064
2.86 0.440994
2.87 0.441342
2.88 0.441684
2.89 0.442022
2.9 0.442356
2.91 0.442688
2.92 0.443018
2.93 0.443348
2.94 0.443678
2.95 0.444011
2.96 0.444346
2.97 0.444686
2.98 0.445031
2.99 0.445383
3 0.445744
3.01 0.446113
3.02 0.446494
3.03 0.446886
3.04 0.447292
3.05 0.447712
3.06 0.448149
3.07 0.448602
3.08 0.449074
3.09 0.449566
3.1 0.45008
3.11 0.450615
3.12 0.451174
3.13 0.451758
3.14 0.452367
3.15 0.453004
3.16 0.453668
3.17 0.454362
3.18 0.455086
3.19 0.455841
3.2 0.456628
3.21 0.457449
3.22 0.458303
3.23 0.459191
3.24 0.460116
3.25 0.461076
3.26 0.462073
3.27 0.463108
3.28 0.464181
3.29 0.465292
3.3 0.466443
3.31 0.467634
3.32 0.468864
3.33 0.470135
3.34 0.471447
3.35 0.4728
3.36 0.474194
3.37 0.475629
3.38 0.477107
3.39 0.478626
3.4 0.480188
3.41 0.481791
3.42 0.483437
3.43 0.485124
3.44 0.486854
3.45 0.488625
3.46 0.490438
3.47 0.492293
3.48 0.49419
3.49 0.496128
3.5 0.498107
3.51 0.500127
3.52 0.502187
3.53 0.504288
3.54 0.506428
3.55 0.508609
3.56 0.510828
3.57 0.513086
3.58 0.515383
3.59 0.517718
3.6 0.520091
3.61 0.5225
3.62 0.524947
3.63 0.527429
3.64 0.529947
3.65 0.532501
3.66 0.535089
3.67 0.537711
3.68 0.540367
3.69 0.543056
3.7 0.545778
3.71 0.548531
3.72 0.551316
3.73 0.554132
3.74 0.556979
3.75 0.559855
3.76 0.56276
3.77 0.565694
3.78 0.568656
3.79 0.571646
3.8 0.574662
3.81 0.577705
3.82 0.580774
3.83 0.583868
3.84 0.586987
3.85 0.590129
3.86 0.593296
3.87 0.596486
3.88 0.599698
3.89 0.602932
3.9 0.606188
3.91 0.609464
3.92 0.612762
3.93 0.616079
3.94 0.619415
3.95 0.622771
3.96 0.626145
3.97 0.629538
3.98 0.632948
3.99 0.636375
4 0.639819
4.01 0.643279
4.02 0.646756
4.03 0.650247
4.04 0.653754
4.05 0.657276
4.06 0.660812
4.07 0.664361
4.08 0.667925
4.09 0.671502
4.1 0.675092
4.11 0.678694
4.12 0.682309
4.13 0.685936
4.14 0.689574
4.15 0.693224
4.16 0.696886
4.17 0.700558
4.18 0.704241
4.19 0.707934
4.2 0.711638
4.21 0.715351
4.22 0.719075
4.23 0.722808
4.24 0.72655
4.25 0.730302
4.26 0.734063
4.27 0.737832
4.28 0.741611
4.29 0.745398
4.3 0.749194
4.31 0.752998
4.32 0.756811
4.33 0.760632
4.34 0.764461
4.35 0.768298
4.36 0.772143
4.37 0.775996
4.38 0.779857
4.39 0.783725
4.4 0.787602
4.41 0.791486
4.42 0.795378
4.43 0.799278
4.44 0.803186
4.45 0.807101
4.46 0.811024
4.47 0.814955
4.48 0.818894
4.49 0.82284
4.5 0.826795
4.51 0.830757
4.52 0.834728
4.53 0.838706
4.54 0.842693
4.55 0.846688
4.56 0.850691
4.57 0.854703
4.58 0.858723
4.59 0.862751
4.6 0.866789
4.61 0.870835
4.62 0.87489
4.63 0.878954
4.64 0.883028
4.65 0.88711
4.66 0.891203
4.67 0.895304
4.68 0.899416
4.69 0.903537
4.7 0.907669
4.71 0.911811
4.72 0.915963
4.73 0.920126
4.74 0.9243
4.75 0.928484
4.76 0.93268
4.77 0.936888
4.78 0.941106
4.79 0.945337
4.8 0.94958
4.81 0.953835
4.82 0.958102
4.83 0.962382
4.84 0.966675
4.85 0.970981
4.86 0.9753
4.87 0.979633
4.88 0.98398
4.89 0.988341
4.9 0.992716
4.91 0.997106
4.92 1.00151
4.93 1.00593
4.94 1.01037
4.95 1.01482
4.96 1.01928
4.97 1.02377
4.98 1.02827
4.99 1.03278
5 1.03732
5.01 1.04187
5.02 1.04644
5.03 1.05102
5.04 1.05563
5.05 1.06025
5.06 1.0649
5.07 1.06956
5.08 1.07424
5.09 1.07894
5.1 1.08366
5.11 1.08841
5.12 1.09317
5.13 1.09796
5.14 1.10276
5.15 1.10759
5.16 1.11244
5.17 1.11731
5.18 1.12221
5.19 1.12713
5.2 1.13207
5.21 1.13704
5.22 1.14203
5.23 1.14705
5.24 1.15209
5.25 1.15716
5.26 1.16225
5.27 1.16737
5.28 1.17252
5.29 1.17769
5.3 1.18289
5.31 1.18812
5.32 1.19338
5.33 1.19866
5.34 1.20398
5.35 1.20932
5.36 1.2147
5.37 1.2201
5.38 1.22554
5.39 1.231
5.4 1.2365
5.41 1.24203
5.42 1.24759
5.43 1.25318
5.44 1.25881
5.45 1.26447
5.46 1.27017
5.47 1.2759
5.48 1.28166
5.49 1.28746
5.5 1.29329
5.51 1.29916
5.52 1.30507
5.53 1.31101
5.54 1.31699
5.55 1.32301
5.56 1.32906
5.57 1.33515
5.58 1.34128
5.59 1.34745
5.6 1.35366
5.61 1.35991
5.62 1.3662
5.63 1.37253
5.64 1.3789
5.65 1.38531
5.66 1.39177
5.67 1.39826
5.68 1.4048
5.69 1.41137
5.7 1.418
5.71 1.42466
5.72 1.43137
5.73 1.43812
5.74 1.44491
5.75 1.45175
5.76 1.45863
5.77 1.46556
5.78 1.47253
5.79 1.47955
5.8 1.48661
5.81 1.49372
5.82 1.50087
5.83 1.50807
5.84 1.51531
5.85 1.5226
5.86 1.52993
5.87 1.53731
5.88 1.54474
5.89 1.55221
5.9 1.55973
5.91 1.56729
5.92 1.5749
5.93 1.58256
5.94 1.59026
5.95 1.59801
5.96 1.6058
5.97 1.61364
5.98 1.62153
5.99 1.62946
6 1.63743
6.01 1.64545
6.02 1.65352
6.03 1.66163
6.04 1.66978
6.05 1.67798
6.06 1.68623
6.07 1.69451
6.08 1.70284
6.09 1.71121
6.1 1.71963
6.11 1.72809
6.12 1.73659
6.13 1.74513
6.14 1.75372
6.15 1.76234
6.16 1.77101
6.17 1.77971
6.18 1.78846
6.19 1.79724
6.2 1.80607
6.21 1.81493
6.22 1.82384
6.23 1.83278
6.24 1.84176
6.25 1.85077
6.26 1.85983
6.27 1.86892
6.28 1.87804
6.29 1.88721
6.3 1.89641
6.31 1.90564
6.32 1.91492
6.33 1.92422
6.34 1.93357
6.35 1.94294
6.36 1.95236
6.37 1.96181
6.38 1.97129
6.39 1.98081
6.4 1.99037
6.41 1.99996
6.42 2.00959
6.43 2.01925
6.44 2.02895
6.45 2.03869
6.46 2.04846
6.47 2.05828
6.48 2.06813
6.49 2.07802
6.5 2.08795
6.51 2.09792
6.52 2.10793
6.53 2.11799
6.54 2.12809
6.55 2.13823
6.56 2.14842
6.57 2.15865
6.58 2.16894
6.59 2.17927
6.6 2.18965
6.61 2.20008
6.62 2.21057
6.63 2.22111
6.64 2.23171
6.65 2.24236
6.66 2.25308
6.67 2.26385
6.68 2.27469
6.69 2.28559
6.7 2.29657
6.71 2.3076
6.72 2.31871
6.73 2.32989
6.74 2.34115
6.75 2.35248
6.76 2.36389
6.77 2.37538
6.78 2.38695
6.79 2.39861
6.8 2.41035
6.81 2.42218
6.82 2.4341
6.83 2.44611
6.84 2.45821
6.85 2.47041
6.86 2.48271
6.87 2.4951
6.88 2.5076
6.89 2.5202
6.9 2.5329
6.91 2.5457
6.92 2.55861
6.93 2.57163
6.94 2.58476
6.95 2.59799
6.96 2.61134
6.97 2.6248
6.98 2.63837
6.99 2.65205
7 2.66584
7.01 2.67975
7.02 2.69377
7.03 2.7079
7.04 2.72215
7.05 2.73651
7.06 2.75097
7.07 2.76555
7.08 2.78024
7.09 2.79504
7.1 2.80995
7.11 2.82496
7.12 2.84008
7.13 2.8553
7.14 2.87062
7.15 2.88604
7.16 2.90155
7.17 2.91716
7.18 2.93286
7.19 2.94865
7.2 2.96453
7.21 2.98048
7.22 2.99652
7.23 3.01263
7.24 3.02881
7.25 3.04506
7.26 3.06138
7.27 3.07775
7.28 3.09418
7.29 3.11066
7.3 3.12719
7.31 3.14376
7.32 3.16037
7.33 3.17701
7.34 3.19368
7.35 3.21038
7.36 3.22709
7.37 3.24382
7.38 3.26055
7.39 3.27729
7.4 3.29403
7.41 3.31077
7.42 3.32749
7.43 3.3442
7.44 3.36089
7.45 3.37756
7.46 3.39419
7.47 3.41079
7.48 3.42735
7.49 3.44387
7.5 3.46034
7.51 3.47676
7.52 3.49312
7.53 3.50942
7.54 3.52566
7.55 3.54183
7.56 3.55793
7.57 3.57395
7.58 3.5899
7.59 3.60576
7.6 3.62154
7.61 3.63722
7.62 3.65282
7.63 3.66832
7.64 3.68373
7.65 3.69904
7.66 3.71424
7.67 3.72935
7.68 3.74434
7.69 3.75923
7.7 3.77401
7.71 3.78868
7.72 3.80323
7.73 3.81767
7.74 3.83199
7.75 3.8462
7.76 3.86029
7.77 3.87425
7.78 3.8881
7.79 3.90183
7.8 3.91543
7.81 3.92891
7.82 3.94226
7.83 3.95549
7.84 3.96859
7.85 3.98157
7.86 3.99442
7.87 4.00713
7.88 4.01973
7.89 4.03219
7.9 4.04452
7.91 4.05671
7.92 4.06878
7.93 4.08072
7.94 4.09252
7.95 4.10418
7.96 4.11572
7.97 4.12711
7.98 4.13838
7.99 4.1495
8 4.16049
8.01 4.17133
8.02 4.18204
8.03 4.19261
8.04 4.20304
8.05 4.21333
8.06 4.22347
8.07 4.23347
8.08 4.24333
8.09 4.25304
8.1 4.26261
8.11 4.27203
8.12 4.2813
8.13 4.29042
8.14 4.2994
8.15 4.30822
8.16 4.3169
8.17 4.32542
8.18 4.33379
8.19 4.34201
8.2 4.35008
8.21 4.35799
8.22 4.36576
8.23 4.37336
8.24 4.38081
8.25 4.38811
8.26 4.39526
8.27 4.40224
8.28 4.40908
8.29 4.41576
8.3 4.42228
8.31 4.42865
8.32 4.43486
8.33 4.44092
8.34 4.44683
8.35 4.45258
8.36 4.45818
8.37 4.46363
8.38 4.46892
8.39 4.47407
8.4 4.47906
8.41 4.4839
8.42 4.4886
8.43 4.49315
8.44 4.49755
8.45 4.5018
8.46 4.50591
8.47 4.50988
8.48 4.51371
8.49 4.51739
8.5 4.52094
8.51 4.52435
8.52 4.52762
8.53 4.53076
8.54 4.53376
8.55 4.53664
8.56 4.53938
8.57 4.542
8.58 4.54448
8.59 4.54685
8.6 4.54909
8.61 4.55121
8.62 4.55321
8.63 4.55509
8.64 4.55686
8.65 4.55851
8.66 4.56005
8.67 4.56148
8.68 4.56281
8.69 4.56403
8.7 4.56514
8.71 4.56615
8.72 4.56706
8.73 4.56787
8.74 4.56858
8.75 4.5692
8.76 4.56973
8.77 4.57017
8.78 4.57052
8.79 4.57078
8.8 4.57095
8.81 4.57104
8.82 4.57106
8.83 4.57099
8.84 4.57084
8.85 4.57062
8.86 4.57032
8.87 4.56995
8.88 4.56951
8.89 4.569
8.9 4.56842
8.91 4.56778
8.92 4.56707
8.93 4.5663
8.94 4.56547
8.95 4.56458
8.96 4.56364
8.97 4.56263
8.98 4.56157
8.99 4.56046
9 4.5593
9.01 4.55809
9.02 4.55682
9.03 4.55552
9.04 4.55416
9.05 4.55276
9.06 4.55131
9.07 4.54983
9.08 4.5483
9.09 4.54673
9.1 4.54512
9.11 4.54348
9.12 4.54179
9.13 4.54008
9.14 4.53833
9.15 4.53654
9.16 4.53472
9.17 4.53287
9.18 4.53099
9.19 4.52909
9.2 4.52715
9.21 4.52518
9.22 4.52319
9.23 4.52117
9.24 4.51913
9.25 4.51706
9.26 4.51497
9.27 4.51285
9.28 4.51072
9.29 4.50856
9.3 4.50638
9.31 4.50418
9.32 4.50196
9.33 4.49972
9.34 4.49746
9.35 4.49519
9.36 4.4929
9.37 4.49059
9.38 4.48826
9.39 4.48592
9.4 4.48357
9.41 4.4812
9.42 4.47881
9.43 4.47642
9.44 4.474
9.45 4.47158
9.46 4.46914
9.47 4.46669
9.48 4.46423
9.49 4.46176
9.5 4.45927
9.51 4.45677
9.52 4.45427
9.53 4.45175
9.54 4.44923
9.55 4.44669
9.56 4.44414
9.57 4.44159
9.58 4.43903
9.59 4.43645
9.6 4.43387
9.61 4.43128
9.62 4.42869
9.63 4.42608
9.64 4.42347
9.65 4.42085
9.66 4.41822
9.67 4.41559
9.68 4.41295
9.69 4.4103
9.7 4.40764
9.71 4.40498
9.72 4.40232
9.73 4.39964
9.74 4.39696
9.75 4.39428
9.76 4.39159
9.77 4.38889
9.78 4.38619
9.79 4.38348
9.8 4.38077
9.81 4.37805
9.82 4.37532
9.83 4.3726
9.84 4.36986
9.85 4.36712
9.86 4.36438
9.87 4.36163
9.88 4.35888
9.89 4.35613
9.9 4.35337
9.91 4.3506
9.92 4.34783
9.93 4.34506
9.94 4.34228
9.95 4.3395
9.96 4.33672
9.97 4.33393
9.98 4.33113
9.99 4.32834
10 4.32554
10.001 0
