0 -10
0.01 -8.67832
0.02 -8.67422
0.03 -8.6701
0.04 -8.66596
0.05 -8.66181
0.06 -8.65763
0.07 -8.65344
0.08 -8.64923
0.09 -8.645
0.1 -8.64075
0.11 -8.63649
0.12 -8.6322
0.13 -8.6279
0.14 -8.62358
0.15 -8.61923
0.16 -8.61488
0.17 -8.6105
0.18 -8.6061
0.19 -8.60169
0.2 -8.59725
0.21 -8.5928
0.22 -8.58833
0.23 -8.58384
0.24 -8.57933
0.25 -8.5748
0.26 -8.57026
0.27 -8.56569
0.28 -8.56111
0.29 -8.55651
0.3 -8.55189
0.31 -8.54725
0.32 -8.5426
0.33 -8.53792
0.34 -8.53323
0.35 -8.52851
0.36 -8.52378
0.37 -8.51903
0.38 -8.51427
0.39 -8.50948
0.4 -8.50468
0.41 -8.49985
0.42 -8.49501
0.43 -8.49015
0.44 -8.48528
0.45 -8.48038
0.46 -8.47547
0.47 -8.47054
0.48 -8.46559
0.49 -8.46062
0.5 -8.45564
0.51 -8.45063
0.52 -8.44561
0.53 -8.44058
0.54 -8.43552
0.55 -8.43045
0.56 -8.42535
0.57 -8.42025
0.58 -8.41512
0.59 -8.40998
0.6 -8.40482
0.61 -8.39964
0.62 -8.39444
0.63 -8.38923
0.64 -8.384
0.65 -8.37875
0.66 -8.37349
0.67 -8.36821
0.68 -8.36291
0.69 -8.3576
0.7 -8.35227
0.71 -8.34692
0.72 -8.34156
0.73 -8.33618
0.74 -8.33079
0.75 -8.32538
0.76 -8.31995
0.77 -8.3145
0.78 -8.30904
0.79 -8.30357
0.8 -8.29808
0.81 -8.29257
0.82 -8.28705
0.83 -8.28151
0.84 -8.27596
0.85 -8.27039
0.86 -8.2648
0.87 -8.2592
0.88 -8.25359
0.89 -8.24796
0.9 -8.24231
0.91 -8.23665
0.92 -8.23098
0.93 -8.22529
0.94 -8.21958
0.95 -8.21386
0.96 -8.20813
0.97 -8.20238
0.98 -8.19662
0.99 -8.19084
1 -8.18504
1.01 -8.17924
1.02 -8.17342
1.03 -8.16758
1.04 -8.16173
1.05 -8.15587
1.06 -8.14999
1.07 -8.14409
1.08 -8.13819
1.09 -8.13227
1.1 -8.12633
1.11 -8.12038
1.12 -8.11441
1.13 -8.10844
1.14 -8.10244
1.15 -8.09644
1.16 -8.09041
1.17 -8.08438
1.18 -8.07833
1.19 -8.07226
1.2 -8.06618
1.21 -8.06009
1.22 -8.05398
1.23 -8.04785
1.24 -8.04171
1.25 -8.03556
1.26 -8.02939
1.27 -8.02321
1.28 -8.01701
1.29 -8.01079
1.3 -8.00456
1.31 -7.99831
1.32 -7.99205
1.33 -7.98577
1.34 -7.97947
1.35 -7.97316
1.36 -7.96683
1.37 -7.96048
1.38 -7.95412
1.39 -7.94774
1.4 -7.94134
1.41 -7.93492
1.42 -7.92848
1.43 -7.92203
1.44 -7.91555
1.45 -7.90906
1.46 -7.90255
1.47 -7.89601
1.48 -7.88946
1.49 -7.88288
1.5 -7.87629
1.51 -7.86967
1.52 -7.86303
1.53 -7.85637
1.54 -7.84968
1.55 -7.84297
1.56 -7.83624
1.57 -7.82948
1.58 -7.8227
1.59 -7.81589
1.6 -7.80905
1.61 -7.80219
1.62 -7.7953
1.63 -7.78838
1.64 -7.78144
1.65 -7.77446
1.66 -7.76746
1.67 -7.76042
1.68 -7.75336
1.69 -7.74626
1.7 -7.73913
1.71 -7.73197
1.72 -7.72477
1.73 -7.71754
1.74 -7.71027
1.75 -7.70296
1.76 -7.69562
1.77 -7.68824
1.78 -7.68082
1.79 -7.67336
1.8 -7.66586
1.81 -7.65832
1.82 -7.65074
1.83 -7.64311
1.84 -7.63544
1.85 -7.62773
1.86 -7.61997
1.87 -7.61216
1.88 -7.60431
1.89 -7.5964
1.9 -7.58845
1.91 -7.58044
1.92 -7.57239
1.93 -7.56428
1.94 -7.55612
1.95 -7.5479
1.96 -7.53963
1.97 -7.5313
1.98 -7.52292
1.99 -7.51447
2 -7.50597
2.01 -7.49741
2.02 -7.48878
2.03 -7.4801
2.04 -7.47135
2.05 -7.46253
2.06 -7.45366
2.07 -7.44471
2.08 -7.4357
2.09 -7.42662
2.1 -7.41748
2.11 -7.40826
2.12 -7.39898
2.13 -7.38962
2.14 -7.38019
2.15 -7.37069
2.16 -7.36112
2.17 -7.35148
2.18 -7.34176
2.19 -7.33196
2.2 -7.32209
2.21 -7.31215
2.22 -7.30213
2.23 -7.29203
2.24 -7.28186
2.25 -7.2716
2.26 -7.26128
2.27 -7.25087
2.28 -7.24039
2.29 -7.22983
2.3 -7.21919
2.31 -7.20847
2.32 -7.19768
2.33 -7.18681
2.34 -7.17586
2.35 -7.16484
2.36 -7.15374
2.37 -7.14257
2.38 -7.13132
2.39 -7.12
2.4 -7.1086
2.41 -7.09714
2.42 -7.0856
2.43 -7.07399
2.44 -7.06231
2.45 -7.05057
2.46 -7.03876
2.47 -7.02688
2.48 -7.01494
2.49 -7.00294
2.5 -6.99088
2.51 -6.97877
2.52 -6.96659
2.53 -6.95437
2.54 -6.94209
2.55 -6.92977
2.56 -6.9174
2.57 -6.90498
2.58 -6.89252
2.59 -6.88003
2.6 -6.8675
2.61 -6.85494
2.62 -6.84234
2.63 -6.82973
2.64 -6.81708
2.65 -6.80442
2.66 -6.79175
2.67 -6.77906
2.68 -6.76636
2.69 -6.75365
2.7 -6.74095
2.71 -6.72824
2.72 -6.71555
2.73 -6.70286
2.74 -6.69018
2.75 -6.67753
2.76 -6.66489
2.77 -6.65229
2.78 -6.63971
2.79 -6.62716
2.8 -6.61466
2.81 -6.6022
2.82 -6.58978
2.83 -6.57742
2.84 -6.56511
2.85 -6.55286
2.86 -6.54067
2.87 -6.52855
2.88 -6.51651
2.89 -6.50453
2.9 -6.49264
2.91 -6.48083
2.92 -6.46911
2.93 -6.45748
2.94 -6.44594
2.95 -6.4345
2.96 -6.42316
2.97 -6.41192
2.98 -6.40079
2.99 -6.38977
3 -6.37887
3.01 -6.36808
3.02 -6.35741
3.03 -6.34686
3.04 -6.33644
3.05 -6.32614
3.06 -6.31597
3.07 -6.30592
3.08 -6.29601
3.09 -6.28624
3.1 -6.2766
3.11 -6.26709
3.12 -6.25772
3.13 -6.24849
3.14 -6.2394
3.15 -6.23045
3.16 -6.22165
3.17 -6.21298
3.18 -6.20445
3.19 -6.19607
3.2 -6.18783
3.21 -6.17973
3.22 -6.17177
3.23 -6.16395
3.24 -6.15628
3.25 -6.14875
3.26 -6.14135
3.27 -6.1341
3.28 -6.12698
3.29 -6.12
3.3 -6.11316
3.31 -6.10645
3.32 -6.09988
3.33 -6.09343
3.34 -6.08713
3.35 -6.08095
3.36 -6.0749
3.37 -6.06897
3.38 -6.06318
3.39 -6.0575
3.4 -6.05195
3.41 -6.04652
3.42 -6.04121
3.43 -6.03602
3.44 -6.03094
3.45 -6.02597
3.46 -6.02112
3.47 -6.01638
3.48 -6.01174
3.49 -6.00721
3.5 -6.00279
3.51 -5.99846
3.52 -5.99424
3.53 -5.99012
3.54 -5.98609
3.55 -5.98216
3.56 -5.97832
3.57 -5.97457
3.58 -5.97091
3.59 -5.96733
3.6 -5.96385
3.61 -5.96044
3.62 -5.95712
3.63 -5.95388
3.64 -5.95071
3.65 -5.94762
3.66 -5.94461
3.67 -5.94167
3.68 -5.9388
3.69 -5.936
3.7 -5.93327
3.71 -5.93061
3.72 -5.92801
3.73 -5.92547
3.74 -5.92299
3.75 -5.92058
3.76 -5.91822
3.77 -5.91592
3.78 -5.91368
3.79 -5.91149
3.8 -5.90935
3.81 -5.90727
3.82 -5.90523
3.83 -5.90325
3.84 -5.90131
3.85 -5.89942
3.86 -5.89757
3.87 -5.89577
3.88 -5.89402
3.89 -5.8923
3.9 -5.89062
3.91 -5.88899
3.92 -5.88739
3.93 -5.88583
3.94 -5.88431
3.95 -5.88282
3.96 -5.88136
3.97 -5.87994
3.98 -5.87856
3.99 -5.8772
4 -5.87588
4.01 -5.87458
4.02 -5.87332
4.03 -5.87208
4.04 -5.87087
4.05 -5.86969
4.06 -5.86853
4.07 -5.8674
4.08 -5.86629
4.09 -5.86521
4.1 -5.86415
4.11 -5.86311
4.12 -5.8621
4.13 -5.86111
4.14 -5.86013
4.15 -5.85918
4.16 -5.85824
4.17 -5.85733
4.18 -5.85643
4.19 -5.85555
4.2 -5.85469
4.21 -5.85384
4.22 -5.85301
4.23 -5.8522
4.24 -5.8514
4.25 -5.85062
4.26 -5.84985
4.27 -5.84909
4.28 -5.84835
4.29 -5.84762
4.3 -5.8469
4.31 -5.84619
4.32 -5.8455
4.33 -5.84482
4.34 -5.84415
4.35 -5.84349
4.36 -5.84284
4.37 -5.84219
4.38 -5.84156
4.39 -5.84094
4.4 -5.84033
4.41 -5.83972
4.42 -5.83913
4.43 -5.83854
4.44 -5.83796
4.45 -5.83739
4.46 -5.83682
4.47 -5.83626
4.48 -5.83571
4.49 -5.83516
4.5 -5.83462
4.51 -5.83409
4.52 -5.83356
4.53 -5.83304
4.54 -5.83252
4.55 -5.83201
4.56 -5.8315
4.57 -5.831
4.58 -5.8305
4.59 -5.83
4.6 -5.82951
4.61 -5.82902
4.62 -5.82854
4.63 -5.82806
4.64 -5.82758
4.65 -5.82711
4.66 -5.82664
4.67 -5.82617
4.68 -5.8257
4.69 -5.82524
4.7 -5.82478
4.71 -5.82432
4.72 -5.82386
4.73 -5.82341
4.74 -5.82295
4.75 -5.8225
4.76 -5.82205
4.77 -5.8216
4.78 -5.82115
4.79 -5.8207
4.8 -5.82026
4.81 -5.81981
4.82 -5.81937
4.83 -5.81892
4.84 -5.81848
4.85 -5.81803
4.86 -5.81759
4.87 -5.81715
4.88 -5.8167
4.89 -5.81626
4.9 -5.81581
4.91 -5.81537
4.92 -5.81493
4.93 -5.81448
4.94 -5.81403
4.95 -5.81359
4.96 -5.81314
4.97 -5.81269
4.98 -5.81224
4.99 -5.81179
5 -5.81134
5.01 -5.81089
5.02 -5.81044
5.03 -5.80998
5.04 -5.80953
5.05 -5.80907
5.06 -5.80861
5.07 -5.80815
5.08 -5.80768
5.09 -5.80722
5.1 -5.80675
5.11 -5.80629
5.12 -5.80582
5.13 -5.80534
5.14 -5.80487
5.15 -5.80439
5.16 -5.80392
5.17 -5.80343
5.18 -5.80295
5.19 -5.80247
5.2 -5.80198
5.21 -5.80149
5.22 -5.801
5.23 -5.8005
5.24 -5.8
5.25 -5.7995
5.26 -5.799
5.27 -5.79849
5.28 -5.79799
5.29 -5.79747
5.3 -5.79696
5.31 -5.79644
5.32 -5.79592
5.33 -5.7954
5.34 -5.79487
5.35 -5.79434
5.36 -5.79381
5.37 -5.79328
5.38 -5.79274
5.39 -5.7922
5.4 -5.79165
5.41 -5.79111
5.42 -5.79055
5.43 -5.79
5.44 -5.78944
5.45 -5.78888
5.46 -5.78832
5.47 -5.78775
5.48 -5.78718
5.49 -5.78661
5.5 -5.78603
5.51 -5.78545
5.52 -5.78486
5.53 -5.78428
5.54 -5.78369
5.55 -5.78309
5.56 -5.78249
5.57 -5.78189
5.58 -5.78129
5.59 -5.78068
5.6 -5.78007
5.61 -5.77946
5.62 -5.77884
5.63 -5.77822
5.64 -5.77759
5.65 -5.77697
5.66 -5.77633
5.67 -5.7757
5.68 -5.77506
5.69 -5.77442
5.7 -5.77378
5.71 -5.77313
5.72 -5.77248
5.73 -5.77183
5.74 -5.77117
5.75 -5.77051
5.76 -5.76985
5.77 -5.76919
5.78 -5.76852
5.79 -5.76785
5.8 -5.76718
5.81 -5.7665
5.82 -5.76582
5.83 -5.76514
5.84 -5.76445
5.85 -5.76377
5.86 -5.76308
5.87 -5.76239
5.88 -5.76169
5.89 -5.76099
5.9 -5.7603
5.91 -5.75959
5.92 -5.75889
5.93 -5.75818
5.94 -5.75748
5.95 -5.75676
5.96 -5.75605
5.97 -5.75534
5.98 -5.75462
5.99 -5.7539
6 -5.75318
6.01 -5.75246
6.02 -5.75173
6.03 -5.75101
6.04 -5.75028
6.05 -5.74955
6.06 -5.74882
6.07 -5.74808
6.08 -5.74735
6.09 -5.74661
6.1 -5.74587
6.11 -5.74513
6.12 -5.74438
6.13 -5.74364
6.14 -5.74289
6.15 -5.74214
6.16 -5.74139
6.17 -5.74064
6.18 -5.73988
6.19 -5.73912
6.2 -5.73836
6.21 -5.7376
6.22 -5.73683
6.23 -5.73606
6.24 -5.73529
6.25 -5.73452
6.26 -5.73374
6.27 -5.73296
6.28 -5.73217
6.29 -5.73138
6.3 -5.73059
6.31 -5.72979
6.32 -5.72899
6.33 -5.72818
6.34 -5.72737
6.35 -5.72655
6.36 -5.72573
6.37 -5.7249
6.38 -5.72406
6.39 -5.72322
6.4 -5.72237
6.41 -5.72152
6.42 -5.72065
6.43 -5.71978
6.44 -5.7189
6.45 -5.71801
6.46 -5.71711
6.47 -5.7162
6.48 -5.71528
6.49 -5.71435
6.5 -5.71341
6.51 -5.71245
6.52 -5.71149
6.53 -5.71051
6.54 -5.70952
6.55 -5.70851
6.56 -5.70749
6.57 -5.70646
6.58 -5.70541
6.59 -5.70435
6.6 -5.70326
6.61 -5.70217
6.62 -5.70105
6.63 -5.69992
6.64 -5.69877
6.65 -5.6976
6.66 -5.69641
6.67 -5.6952
6.68 -5.69397
6.69 -5.69272
6.7 -5.69145
6.71 -5.69016
6.72 -5.68885
6.73 -5.68751
6.74 -5.68616
6.75 -5.68478
6.76 -5.68337
6.77 -5.68195
6.78 -5.6805
6.79 -5.67903
6.8 -5.67754
6.81 -5.67602
6.82 -5.67448
6.83 -5.67291
6.84 -5.67133
6.85 -5.66972
6.86 -5.66808
6.87 -5.66643
6.88 -5.66475
6.89 -5.66305
6.9 -5.66133
6.91 -5.65959
6.92 -5.65782
6.93 -5.65604
6.94 -5.65424
6.95 -5.65243
6.96 -5.65059
6.97 -5.64874
6.98 -5.64688
6.99 -5.645
7 -5.64311
7.01 -5.6412
7.02 -5.63929
7.03 -5.63737
7.04 -5.63544
7.05 -5.63351
7.06 -5.63158
7.07 -5.62964
7.08 -5.62771
7.09 -5.62578
7.1 -5.62385
7.11 -5.62193
7.12 -5.62003
7.13 -5.61813
7.14 -5.61625
7.15 -5.61439
7.16 -5.61255
7.17 -5.61073
7.18 -5.60894
7.19 -5.60718
7.2 -5.60545
7.21 -5.60376
7.22 -5.60211
7.23 -5.6005
7.24 -5.59893
7.25 -5.59742
7.26 -5.59596
7.27 -5.59456
7.28 -5.59321
7.29 -5.59194
7.3 -5.59073
7.31 -5.58959
7.32 -5.58853
7.33 -5.58755
7.34 -5.58666
7.35 -5.58585
7.36 -5.58514
7.37 -5.58452
7.38 -5.584
7.39 -5.58359
7.4 -5.58329
7.41 -5.5831
7.42 -5.58303
7.43 -5.58308
7.44 -5.58325
7.45 -5.58356
7.46 -5.58399
7.47 -5.58457
7.48 -5.58528
7.49 -5.58614
7.5 -5.58715
7.51 -5.58831
7.52 -5.58962
7.53 -5.5911
7.54 -5.59274
7.55 -5.59454
7.56 -5.59651
7.57 -5.59866
7.58 -5.60098
7.59 -5.60348
7.6 -5.60615
7.61 -5.60902
7.62 -5.61207
7.63 -5.61531
7.64 -5.61873
7.65 -5.62236
7.66 -5.62617
7.67 -5.63019
7.68 -5.6344
7.69 -5.63881
7.7 -5.64342
7.71 -5.64824
7.72 -5.65326
7.73 -5.65849
7.74 -5.66392
7.75 -5.66955
7.76 -5.67539
7.77 -5.68144
7.78 -5.68769
7.79 -5.69415
7.8 -5.70082
7.81 -5.70769
7.82 -5.71477
7.83 -5.72204
7.84 -5.72953
7.85 -5.73721
7.86 -5.74509
7.87 -5.75317
7.88 -5.76145
7.89 -5.76992
7.9 -5.77858
7.91 -5.78744
7.92 -5.79648
7.93 -5.8057
7.94 -5.81511
7.95 -5.8247
7.96 -5.83446
7.97 -5.8444
7.98 -5.8545
7.99 -5.86477
8 -5.87521
8.01 -5.8858
8.02 -5.89655
8.03 -5.90744
8.04 -5.91849
8.05 -5.92968
8.06 -5.941
8.07 -5.95247
8.08 -5.96406
8.09 -5.97577
8.1 -5.98761
8.11 -5.99956
8.12 -6.01163
8.13 -6.0238
8.14 -6.03608
8.15 -6.04846
8.16 -6.06093
8.17 -6.07348
8.18 -6.08613
8.19 -6.09885
8.2 -6.11165
8.21 -6.12452
8.22 -6.13745
8.23 -6.15045
8.24 -6.1635
8.25 -6.17661
8.26 -6.18977
8.27 -6.20297
8.28 -6.21621
8.29 -6.22949
8.3 -6.2428
8.31 -6.25614
8.32 -6.26951
8.33 -6.28289
8.34 -6.2963
8.35 -6.30971
8.36 -6.32314
8.37 -6.33657
8.38 -6.35001
8.39 -6.36344
8.4 -6.37687
8.41 -6.3903
8.42 -6.40371
8.43 -6.41712
8.44 -6.43051
8.45 -6.44388
8.46 -6.45723
8.47 -6.47056
8.48 -6.48386
8.49 -6.49713
8.5 -6.51038
8.51 -6.52359
8.52 -6.53676
8.53 -6.54991
8.54 -6.56301
8.55 -6.57607
8.56 -6.58909
8.57 -6.60206
8.58 -6.61499
8.59 -6.62788
8.6 -6.64071
8.61 -6.6535
8.62 -6.66623
8.63 -6.67891
8.64 -6.69154
8.65 -6.70411
8.66 -6.71662
8.67 -6.72908
8.68 -6.74148
8.69 -6.75381
8.7 -6.76609
8.71 -6.77831
8.72 -6.79047
8.73 -6.80256
8.74 -6.81459
8.75 -6.82655
8.76 -6.83845
8.77 -6.85029
8.78 -6.86206
8.79 -6.87376
8.8 -6.88539
8.81 -6.89696
8.82 -6.90846
8.83 -6.91989
8.84 -6.93126
8.85 -6.94255
8.86 -6.95378
8.87 -6.96493
8.88 -6.97602
8.89 -6.98703
8.9 -6.99798
8.91 -7.00886
8.92 -7.01966
8.93 -7.0304
8.94 -7.04106
8.95 -7.05166
8.96 -7.06218
8.97 -7.07264
8.98 -7.08302
8.99 -7.09333
9 -7.10358
9.01 -7.11375
9.02 -7.12385
9.03 -7.13389
9.04 -7.14385
9.05 -7.15374
9.06 -7.16357
9.07 -7.17332
9.08 -7.18301
9.09 -7.19263
9.1 -7.20217
9.11 -7.21165
9.12 -7.22107
9.13 -7.23041
9.14 -7.23969
9.15 -7.2489
9.16 -7.25804
9.17 -7.26712
9.18 -7.27613
9.19 -7.28507
9.2 -7.29395
9.21 -7.30276
9.22 -7.31151
9.23 -7.3202
9.24 -7.32882
9.25 -7.33737
9.26 -7.34587
9.27 -7.3543
9.28 -7.36267
9.29 -7.37098
9.3 -7.37922
9.31 -7.38741
9.32 -7.39553
9.33 -7.4036
9.34 -7.4116
9.35 -7.41955
9.36 -7.42743
9.37 -7.43526
9.38 -7.44303
9.39 -7.45075
9.4 -7.45841
9.41 -7.46601
9.42 -7.47355
9.43 -7.48104
9.44 -7.48848
9.45 -7.49586
9.46 -7.50319
9.47 -7.51046
9.48 -7.51768
9.49 -7.52485
9.5 -7.53197
9.51 -7.53904
9.52 -7.54605
9.53 -7.55302
9.54 -7.55993
9.55 -7.5668
9.56 -7.57362
9.57 -7.58039
9.58 -7.58711
9.59 -7.59378
9.6 -7.60041
9.61 -7.60699
9.62 -7.61352
9.63 -7.62001
9.64 -7.62646
9.65 -7.63286
9.66 -7.63922
9.67 -7.64553
9.68 -7.6518
9.69 -7.65803
9.7 -7.66421
9.71 -7.67035
9.72 -7.67646
9.73 -7.68252
9.74 -7.68854
9.75 -7.69452
9.76 -7.70046
9.77 -7.70637
9.78 -7.71223
9.79 -7.71806
9.8 -7.72385
9.81 -7.7296
9.82 -7.73532
9.83 -7.74099
9.84 -7.74664
9.85 -7.75224
9.86 -7.75781
9.87 -7.76335
9.88 -7.76885
9.89 -7.77432
9.9 -7.77975
9.91 -7.78516
9.92 -7.79052
9.93 -7.79586
9.94 -7.80116
9.95 -7.80643
9.96 -7.81167
9.97 -7.81688
9.98 -7.82206
9.99 -7.8272
10 -7.83232
10.001 -10
