0 5
0.01 3.90901
0.02 3.90949
0.03 3.90998
0.04 3.91048
0.05 3.91098
0.06 3.91148
0.07 3.91199
0.08 3.91251
0.09 3.91303
0.1 3.91356
0.11 3.91409
0.12 3.91462
0.13 3.91517
0.14 3.91571
0.15 3.91627
0.16 3.91683
0.17 3.91739
0.18 3.91796
0.19 3.91853
0.2 3.91912
0.21 3.9197
0.22 3.92029
0.23 3.92089
0.24 3.9215
0.25 3.92211
0.26 3.92272
0.27 3.92335
0.28 3.92398
0.29 3.92461
0.3 3.92525
0.31 3.9259
0.32 3.92655
0.33 3.92721
0.34 3.92788
0.35 3.92856
0.36 3.92924
0.37 3.92992
0.38 3.93062
0.39 3.93132
0.4 3.93202
0.41 3.93274
0.42 3.93346
0.43 3.93419
0.44 3.93493
0.45 3.93567
0.46 3.93642
0.47 3.93718
0.48 3.93794
0.49 3.93872
0.5 3.9395
0.51 3.94028
0.52 3.94108
0.53 3.94188
0.54 3.9427
0.55 3.94351
0.56 3.94434
0.57 3.94518
0.58 3.94602
0.59 3.94688
0.6 3.94774
0.61 3.94861
0.62 3.94948
0.63 3.95037
0.64 3.95127
0.65 3.95217
0.66 3.95308
0.67 3.954
0.68 3.95494
0.69 3.95588
0.7 3.95683
0.71 3.95778
0.72 3.95875
0.73 3.95973
0.74 3.96072
0.75 3.96172
0.76 3.96272
0.77 3.96374
0.78 3.96477
0.79 3.96581
0.8 3.96685
0.81 3.96791
0.82 3.96898
0.83 3.97006
0.84 3.97115
0.85 3.97225
0.86 3.97336
0.87 3.97449
0.88 3.97562
0.89 3.97677
0.9 3.97792
0.91 3.97909
0.92 3.98027
0.93 3.98146
0.94 3.98267
0.95 3.98388
0.96 3.98511
0.97 3.98635
0.98 3.9876
0.99 3.98887
1 3.99014
1.01 3.99144
1.02 3.99274
1.03 3.99405
1.04 3.99538
1.05 3.99673
1.06 3.99808
1.07 3.99945
1.08 4.00084
1.09 4.00223
1.1 4.00365
1.11 4.00507
1.12 4.00651
1.13 4.00797
1.14 4.00944
1.15 4.01092
1.16 4.01242
1.17 4.01393
1.18 4.01546
1.19 4.01701
1.2 4.01857
1.21 4.02015
1.22 4.02174
1.23 4.02335
1.24 4.02497
1.25 4.02661
1.26 4.02827
1.27 4.02995
1.28 4.03164
1.29 4.03335
1.3 4.03508
1.31 4.03682
1.32 4.03858
1.33 4.04036
1.34 4.04216
1.35 4.04398
1.36 4.04581
1.37 4.04767
1.38 4.04954
1.39 4.05143
1.4 4.05334
1.41 4.05527
1.42 4.05722
1.43 4.05919
1.44 4.06119
1.45 4.0632
1.46 4.06523
1.47 4.06729
1.48 4.06936
1.49 4.07146
1.5 4.07358
1.51 4.07572
1.52 4.07788
1.53 4.08006
1.54 4.08227
1.55 4.08451
1.56 4.08676
1.57 4.08904
1.58 4.09134
1.59 4.09367
1.6 4.09602
1.61 4.0984
1.62 4.1008
1.63 4.10323
1.64 4.10568
1.65 4.10816
1.66 4.11067
1.67 4.11321
1.68 4.11577
1.69 4.11836
1.7 4.12098
1.71 4.12362
1.72 4.1263
1.73 4.12901
1.74 4.13174
1.75 4.13451
1.76 4.1373
1.77 4.14013
1.78 4.14299
1.79 4.14589
1.8 4.14881
1.81 4.15177
1.82 4.15476
1.83 4.15779
1.84 4.16085
1.85 4.16395
1.86 4.16708
1.87 4.17025
1.88 4.17346
1.89 4.17671
1.9 4.17999
1.91 4.18331
1.92 4.18668
1.93 4.19008
1.94 4.19353
1.95 4.19701
1.96 4.20054
1.97 4.20412
1.98 4.20774
1.99 4.2114
2 4.21511
2.01 4.21886
2.02 4.22267
2.03 4.22652
2.04 4.23042
2.05 4.23437
2.06 4.23837
2.07 4.24242
2.08 4.24653
2.09 4.25069
2.1 4.2549
2.11 4.25917
2.12 4.26349
2.13 4.26788
2.14 4.27232
2.15 4.27682
2.16 4.28138
2.17 4.286
2.18 4.29069
2.19 4.29543
2.2 4.30025
2.21 4.30512
2.22 4.31007
2.23 4.31508
2.24 4.32016
2.25 4.32531
2.26 4.33053
2.27 4.33583
2.28 4.34119
2.29 4.34663
2.3 4.35214
2.31 4.35773
2.32 4.3634
2.33 4.36914
2.34 4.37497
2.35 4.38087
2.36 4.38685
2.37 4.39292
2.38 4.39906
2.39 4.40529
2.4 4.41161
2.41 4.41801
2.42 4.42449
2.43 4.43106
2.44 4.43772
2.45 4.44446
2.46 4.45129
2.47 4.45821
2.48 4.46522
2.49 4.47232
2.5 4.4795
2.51 4.48678
2.52 4.49414
2.53 4.5016
2.54 4.50914
2.55 4.51678
2.56 4.5245
2.57 4.53231
2.58 4.54021
2.59 4.54819
2.6 4.55627
2.61 4.56443
2.62 4.57267
2.63 4.581
2.64 4.58941
2.65 4.59791
2.66 4.60648
2.67 4.61514
2.68 4.62387
2.69 4.63268
2.7 4.64157
2.71 4.65052
2.72 4.65955
2.73 4.66864
2.74 4.6778
2.75 4.68703
2.76 4.69631
2.77 4.70565
2.78 4.71505
2.79 4.7245
2.8 4.734
2.81 4.74355
2.82 4.75314
2.83 4.76277
2.84 4.77244
2.85 4.78214
2.86 4.79187
2.87 4.80163
2.88 4.81141
2.89 4.82121
2.9 4.83103
2.91 4.84085
2.92 4.85069
2.93 4.86053
2.94 4.87037
2.95 4.88021
2.96 4.89004
2.97 4.89987
2.98 4.90967
2.99 4.91947
3 4.92923
3.01 4.93898
3.02 4.9487
3.03 4.95838
3.04 4.96803
3.05 4.97764
3.06 4.98721
3.07 4.99674
3.08 5.00622
3.09 5.01565
3.1 5.02502
3.11 5.03434
3.12 5.04361
3.13 5.05281
3.14 5.06194
3.15 5.07102
3.16 5.08002
3.17 5.08896
3.18 5.09782
3.19 5.10661
3.2 5.11533
3.21 5.12397
3.22 5.13254
3.23 5.14102
3.24 5.14943
3.25 5.15775
3.26 5.16599
3.27 5.17415
3.28 5.18223
3.29 5.19022
3.3 5.19812
3.31 5.20595
3.32 5.21368
3.33 5.22133
3.34 5.2289
3.35 5.23638
3.36 5.24377
3.37 5.25108
3.38 5.2583
3.39 5.26544
3.4 5.27249
3.41 5.27945
3.42 5.28633
3.43 5.29313
3.44 5.29985
3.45 5.30648
3.46 5.31303
3.47 5.31949
3.48 5.32588
3.49 5.33218
3.5 5.33841
3.51 5.34455
3.52 5.35062
3.53 5.35661
3.54 5.36252
3.55 5.36836
3.56 5.37413
3.57 5.37981
3.58 5.38543
3.59 5.39097
3.6 5.39644
3.61 5.40184
3.62 5.40718
3.63 5.41244
3.64 5.41763
3.65 5.42276
3.66 5.42782
3.67 5.43282
3.68 5.43775
3.69 5.44262
3.7 5.44743
3.71 5.45218
3.72 5.45687
3.73 5.46149
3.74 5.46606
3.75 5.47057
3.76 5.47502
3.77 5.47942
3.78 5.48376
3.79 5.48805
3.8 5.49229
3.81 5.49647
3.82 5.5006
3.83 5.50468
3.84 5.50871
3.85 5.51269
3.86 5.51663
3.87 5.52051
3.88 5.52435
3.89 5.52814
3.9 5.53189
3.91 5.53559
3.92 5.53925
3.93 5.54287
3.94 5.54644
3.95 5.54997
3.96 5.55346
3.97 5.55691
3.98 5.56032
3.99 5.5637
4 5.56703
4.01 5.57032
4.02 5.57358
4.03 5.57681
4.04 5.57999
4.05 5.58314
4.06 5.58626
4.07 5.58934
4.08 5.59239
4.09 5.59541
4.1 5.59839
4.11 5.60135
4.12 5.60427
4.13 5.60716
4.14 5.61002
4.15 5.61285
4.16 5.61565
4.17 5.61842
4.18 5.62117
4.19 5.62389
4.2 5.62658
4.21 5.62924
4.22 5.63188
4.23 5.63449
4.24 5.63707
4.25 5.63963
4.26 5.64217
4.27 5.64468
4.28 5.64717
4.29 5.64963
4.3 5.65207
4.31 5.65449
4.32 5.65689
4.33 5.65926
4.34 5.66161
4.35 5.66394
4.36 5.66626
4.37 5.66855
4.38 5.67082
4.39 5.67307
4.4 5.6753
4.41 5.67751
4.42 5.67971
4.43 5.68188
4.44 5.68404
4.45 5.68618
4.46 5.6883
4.47 5.6904
4.48 5.69249
4.49 5.69456
4.5 5.69662
4.51 5.69866
4.52 5.70068
4.53 5.70269
4.54 5.70468
4.55 5.70665
4.56 5.70862
4.57 5.71056
4.58 5.7125
4.59 5.71442
4.6 5.71632
4.61 5.71822
4.62 5.72009
4.63 5.72196
4.64 5.72381
4.65 5.72565
4.66 5.72748
4.67 5.72929
4.68 5.7311
4.69 5.73289
4.7 5.73467
4.71 5.73644
4.72 5.73819
4.73 5.73994
4.74 5.74168
4.75 5.7434
4.76 5.74512
4.77 5.74682
4.78 5.74851
4.79 5.7502
4.8 5.75187
4.81 5.75353
4.82 5.75519
4.83 5.75684
4.84 5.75847
4.85 5.7601
4.86 5.76172
4.87 5.76333
4.88 5.76493
4.89 5.76652
4.9 5.76811
4.91 5.76968
4.92 5.77125
4.93 5.77281
4.94 5.77437
4.95 5.77591
4.96 5.77745
4.97 5.77898
4.98 5.78051
4.99 5.78202
5 5.78353
5.01 5.78504
5.02 5.78653
5.03 5.78802
5.04 5.7895
5.05 5.79098
5.06 5.79245
5.07 5.79392
5.08 5.79538
5.09 5.79683
5.1 5.79828
5.11 5.79972
5.12 5.80115
5.13 5.80258
5.14 5.80401
5.15 5.80543
5.16 5.80684
5.17 5.80825
5.18 5.80965
5.19 5.81105
5.2 5.81245
5.21 5.81384
5.22 5.81522
5.23 5.8166
5.24 5.81798
5.25 5.81935
5.26 5.82071
5.27 5.82208
5.28 5.82343
5.29 5.82479
5.3 5.82614
5.31 5.82748
5.32 5.82882
5.33 5.83016
5.34 5.83149
5.35 5.83282
5.36 5.83415
5.37 5.83547
5.38 5.83679
5.39 5.83811
5.4 5.83942
5.41 5.84073
5.42 5.84203
5.43 5.84333
5.44 5.84463
5.45 5.84593
5.46 5.84722
5.47 5.84851
5.48 5.8498
5.49 5.85108
5.5 5.85236
5.51 5.85364
5.52 5.85491
5.53 5.85618
5.54 5.85745
5.55 5.85872
5.56 5.85998
5.57 5.86124
5.58 5.8625
5.59 5.86375
5.6 5.865
5.61 5.86626
5.62 5.8675
5.63 5.86875
5.64 5.86999
5.65 5.87123
5.66 5.87247
5.67 5.87371
5.68 5.87494
5.69 5.87617
5.7 5.8774
5.71 5.87863
5.72 5.87985
5.73 5.88108
5.74 5.8823
5.75 5.88352
5.76 5.88474
5.77 5.88595
5.78 5.88717
5.79 5.88838
5.8 5.88959
5.81 5.8908
5.82 5.892
5.83 5.89321
5.84 5.89441
5.85 5.89562
5.86 5.89682
5.87 5.89802
5.88 5.89922
5.89 5.90041
5.9 5.90161
5.91 5.9028
5.92 5.904
5.93 5.90519
5.94 5.90639
5.95 5.90758
5.96 5.90877
5.97 5.90996
5.98 5.91115
5.99 5.91234
6 5.91353
6.01 5.91472
6.02 5.91591
6.03 5.9171
6.04 5.91829
6.05 5.91948
6.06 5.92067
6.07 5.92186
6.08 5.92305
6.09 5.92424
6.1 5.92544
6.11 5.92663
6.12 5.92783
6.13 5.92903
6.14 5.93023
6.15 5.93143
6.16 5.93264
6.17 5.93385
6.18 5.93506
6.19 5.93627
6.2 5.93749
6.21 5.93871
6.22 5.93994
6.23 5.94116
6.24 5.9424
6.25 5.94364
6.26 5.94488
6.27 5.94613
6.28 5.94738
6.29 5.94864
6.3 5.94991
6.31 5.95118
6.32 5.95247
6.33 5.95375
6.34 5.95505
6.35 5.95636
6.36 5.95767
6.37 5.95899
6.38 5.96033
6.39 5.96167
6.4 5.96302
6.41 5.96439
6.42 5.96576
6.43 5.96715
6.44 5.96855
6.45 5.96996
6.46 5.97139
6.47 5.97283
6.48 5.97429
6.49 5.97576
6.5 5.97724
6.51 5.97874
6.52 5.98026
6.53 5.98179
6.54 5.98335
6.55 5.98492
6.56 5.98651
6.57 5.98811
6.58 5.98974
6.59 5.99139
6.6 5.99306
6.61 5.99474
6.62 5.99646
6.63 5.99819
6.64 5.99994
6.65 6.00172
6.66 6.00352
6.67 6.00535
6.68 6.00719
6.69 6.00907
6.7 6.01097
6.71 6.01289
6.72 6.01484
6.73 6.01681
6.74 6.01881
6.75 6.02084
6.76 6.02289
6.77 6.02497
6.78 6.02708
6.79 6.02922
6.8 6.03138
6.81 6.03356
6.82 6.03578
6.83 6.03802
6.84 6.04029
6.85 6.04259
6.86 6.04491
6.87 6.04725
6.88 6.04963
6.89 6.05203
6.9 6.05445
6.91 6.0569
6.92 6.05937
6.93 6.06186
6.94 6.06438
6.95 6.06692
6.96 6.06947
6.97 6.07205
6.98 6.07465
6.99 6.07726
7 6.07989
7.01 6.08254
7.02 6.0852
7.03 6.08787
7.04 6.09055
7.05 6.09324
7.06 6.09593
7.07 6.09864
7.08 6.10134
7.09 6.10405
7.1 6.10675
7.11 6.10945
7.12 6.11215
7.13 6.11483
7.14 6.11751
7.15 6.12017
7.16 6.12282
7.17 6.12544
7.18 6.12805
7.19 6.13063
7.2 6.13318
7.21 6.1357
7.22 6.13819
7.23 6.14063
7.24 6.14304
7.25 6.1454
7.26 6.14771
7.27 6.14996
7.28 6.15216
7.29 6.1543
7.3 6.15638
7.31 6.15839
7.32 6.16032
7.33 6.16218
7.34 6.16395
7.35 6.16565
7.36 6.16725
7.37 6.16876
7.38 6.17017
7.39 6.17148
7.4 6.17268
7.41 6.17378
7.42 6.17475
7.43 6.17561
7.44 6.17635
7.45 6.17696
7.46 6.17744
7.47 6.17778
7.48 6.17798
7.49 6.17804
7.5 6.17795
7.51 6.17771
7.52 6.17731
7.53 6.17676
7.54 6.17604
7.55 6.17515
7.56 6.1741
7.57 6.17287
7.58 6.17147
7.59 6.16989
7.6 6.16812
7.61 6.16617
7.62 6.16404
7.63 6.16171
7.64 6.15919
7.65 6.15647
7.66 6.15356
7.67 6.15045
7.68 6.14714
7.69 6.14363
7.7 6.13992
7.71 6.136
7.72 6.13188
7.73 6.12755
7.74 6.12302
7.75 6.11828
7.76 6.11334
7.77 6.10819
7.78 6.10283
7.79 6.09727
7.8 6.09151
7.81 6.08555
7.82 6.07938
7.83 6.07302
7.84 6.06646
7.85 6.0597
7.86 6.05275
7.87 6.04561
7.88 6.03829
7.89 6.03078
7.9 6.02308
7.91 6.01522
7.92 6.00717
7.93 5.99896
7.94 5.99058
7.95 5.98204
7.96 5.97335
7.97 5.9645
7.98 5.95551
7.99 5.94637
8 5.9371
8.01 5.92769
8.02 5.91816
8.03 5.90851
8.04 5.89875
8.05 5.88887
8.06 5.87889
8.07 5.86882
8.08 5.85865
8.09 5.8484
8.1 5.83807
8.11 5.82767
8.12 5.8172
8.13 5.80668
8.14 5.79609
8.15 5.78546
8.16 5.77479
8.17 5.76408
8.18 5.75334
8.19 5.74257
8.2 5.73179
8.21 5.721
8.22 5.71019
8.23 5.69939
8.24 5.68859
8.25 5.6778
8.26 5.66703
8.27 5.65627
8.28 5.64554
8.29 5.63483
8.3 5.62416
8.31 5.61353
8.32 5.60294
8.33 5.5924
8.34 5.58191
8.35 5.57147
8.36 5.56109
8.37 5.55077
8.38 5.54051
8.39 5.53032
8.4 5.52021
8.41 5.51016
8.42 5.5002
8.43 5.49031
8.44 5.4805
8.45 5.47078
8.46 5.46114
8.47 5.45158
8.48 5.44212
8.49 5.43274
8.5 5.42346
8.51 5.41427
8.52 5.40518
8.53 5.39618
8.54 5.38727
8.55 5.37847
8.56 5.36976
8.57 5.36115
8.58 5.35263
8.59 5.34422
8.6 5.33591
8.61 5.32769
8.62 5.31958
8.63 5.31156
8.64 5.30365
8.65 5.29583
8.66 5.28811
8.67 5.28049
8.68 5.27297
8.69 5.26555
8.7 5.25822
8.71 5.251
8.72 5.24386
8.73 5.23683
8.74 5.22989
8.75 5.22304
8.76 5.21629
8.77 5.20963
8.78 5.20306
8.79 5.19658
8.8 5.19019
8.81 5.1839
8.82 5.17769
8.83 5.17157
8.84 5.16553
8.85 5.15958
8.86 5.15371
8.87 5.14793
8.88 5.14223
8.89 5.13661
8.9 5.13107
8.91 5.12561
8.92 5.12023
8.93 5.11493
8.94 5.1097
8.95 5.10455
8.96 5.09947
8.97 5.09446
8.98 5.08953
8.99 5.08466
9 5.07987
9.01 5.07514
9.02 5.07048
9.03 5.06589
9.04 5.06136
9.05 5.0569
9.06 5.0525
9.07 5.04817
9.08 5.04389
9.09 5.03967
9.1 5.03552
9.11 5.03142
9.12 5.02738
9.13 5.0234
9.14 5.01947
9.15 5.0156
9.16 5.01178
9.17 5.00801
9.18 5.00429
9.19 5.00063
9.2 4.99701
9.21 4.99345
9.22 4.98993
9.23 4.98646
9.24 4.98304
9.25 4.97966
9.26 4.97633
9.27 4.97304
9.28 4.9698
9.29 4.9666
9.3 4.96344
9.31 4.96032
9.32 4.95724
9.33 4.9542
9.34 4.9512
9.35 4.94824
9.36 4.94532
9.37 4.94243
9.38 4.93958
9.39 4.93677
9.4 4.93399
9.41 4.93124
9.42 4.92853
9.43 4.92585
9.44 4.92321
9.45 4.92059
9.46 4.91801
9.47 4.91546
9.48 4.91294
9.49 4.91045
9.5 4.90798
9.51 4.90555
9.52 4.90315
9.53 4.90077
9.54 4.89842
9.55 4.89609
9.56 4.8938
9.57 4.89152
9.58 4.88928
9.59 4.88706
9.6 4.88486
9.61 4.88269
9.62 4.88054
9.63 4.87841
9.64 4.87631
9.65 4.87422
9.66 4.87217
9.67 4.87013
9.68 4.86811
9.69 4.86611
9.7 4.86414
9.71 4.86218
9.72 4.86025
9.73 4.85833
9.74 4.85643
9.75 4.85455
9.76 4.85269
9.77 4.85085
9.78 4.84903
9.79 4.84722
9.8 4.84543
9.81 4.84366
9.82 4.8419
9.83 4.84016
9.84 4.83844
9.85 4.83673
9.86 4.83504
9.87 4.83336
9.88 4.8317
9.89 4.83005
9.9 4.82842
9.91 4.8268
9.92 4.8252
9.93 4.82361
9.94 4.82203
9.95 4.82047
9.96 4.81892
9.97 4.81738
9.98 4.81586
9.99 4.81434
10 4.81284
10.001 5
