0 0
0.01 0.209392
0.02 0.208222
0.03 0.207051
0.04 0.205876
0.05 0.204699
0.06 0.203518
0.07 0.202336
0.08 0.20115
0.09 0.199962
0.1 0.198771
0.11 0.197577
0.12 0.196381
0.13 0.195182
0.14 0.19398
0.15 0.192776
0.16 0.191569
0.17 0.190359
0.18 0.189147
0.19 0.187932
0.2 0.186714
0.21 0.185494
0.22 0.184272
0.23 0.183046
0.24 0.181818
0.25 0.180588
0.26 0.179355
0.27 0.17812
0.28 0.176882
0.29 0.175641
0.3 0.174398
0.31 0.173153
0.32 0.171905
0.33 0.170654
0.34 0.169401
0.35 0.168146
0.36 0.166888
0.37 0.165628
0.38 0.164366
0.39 0.163101
0.4 0.161833
0.41 0.160564
0.42 0.159292
0.43 0.158018
0.44 0.156741
0.45 0.155462
0.46 0.154181
0.47 0.152898
0.48 0.151612
0.49 0.150325
0.5 0.149035
0.51 0.147742
0.52 0.146448
0.53 0.145152
0.54 0.143853
0.55 0.142553
0.56 0.14125
0.57 0.139945
0.58 0.138638
0.59 0.137329
0.6 0.136018
0.61 0.134706
0.62 0.133391
0.63 0.132074
0.64 0.130755
0.65 0.129435
0.66 0.128112
0.67 0.126788
0.68 0.125462
0.69 0.124134
0.7 0.122804
0.71 0.121472
0.72 0.120139
0.73 0.118804
0.74 0.117467
0.75 0.116128
0.76 0.114788
0.77 0.113446
0.78 0.112103
0.79 0.110758
0.8 0.109411
0.81 0.108063
0.82 0.106714
0.83 0.105363
0.84 0.10401
0.85 0.102656
0.86 0.1013
0.87 0.0999434
0.88 0.0985851
0.89 0.0972255
0.9 0.0958645
0.91 0.0945022
0.92 0.0931387
0.93 0.0917738
0.94 0.0904078
0.95 0.0890405
0.96 0.087672
0.97 0.0863024
0.98 0.0849317
0.99 0.0835599
1 0.0821869
1.01 0.080813
1.02 0.079438
1.03 0.0780619
1.04 0.076685
1.05 0.075307
1.06 0.0739282
1.07 0.0725485
1.08 0.0711678
1.09 0.0697864
1.1 0.0684041
1.11 0.0670211
1.12 0.0656373
1.13 0.0642527
1.14 0.0628675
1.15 0.0614816
1.16 0.060095
1.17 0.0587079
1.18 0.0573201
1.19 0.0559318
1.2 0.054543
1.21 0.0531536
1.22 0.0517638
1.23 0.0503736
1.24 0.048983
1.25 0.047592
1.26 0.0462006
1.27 0.044809
1.28 0.043417
1.29 0.0420249
1.3 0.0406325
1.31 0.03924
1.32 0.0378473
1.33 0.0364545
1.34 0.0350617
1.35 0.0336689
1.36 0.032276
1.37 0.0308833
1.38 0.0294906
1.39 0.0280981
1.4 0.0267057
1.41 0.0253136
1.42 0.0239217
1.43 0.0225302
1.44 0.021139
1.45 0.0197482
1.46 0.0183579
1.47 0.0169681
1.48 0.0155788
1.49 0.0141902
1.5 0.0128022
1.51 0.011415
1.52 0.0100286
1.53 0.00864298
1.54 0.0072583
1.55 0.00587458
1.56 0.0044919
1.57 0.00311033
1.58 0.00172994
1.59 0.00035079
1.6 -0.00102703
1.61 -0.00240346
1.62 -0.00377841
1.63 -0.00515179
1.64 -0.00652354
1.65 -0.00789355
1.66 -0.00926174
1.67 -0.010628
1.68 -0.0119923
1.69 -0.0133545
1.7 -0.0147144
1.71 -0.0160721
1.72 -0.0174273
1.73 -0.01878
1.74 -0.0201301
1.75 -0.0214774
1.76 -0.0228218
1.77 -0.0241632
1.78 -0.0255015
1.79 -0.0268365
1.8 -0.0281681
1.81 -0.0294962
1.82 -0.0308206
1.83 -0.0321411
1.84 -0.0334577
1.85 -0.0347701
1.86 -0.0360782
1.87 -0.0373818
1.88 -0.0386808
1.89 -0.039975
1.9 -0.0412642
1.91 -0.0425482
1.92 -0.0438269
1.93 -0.0451
1.94 -0.0463673
1.95 -0.0476287
1.96 -0.048884
1.97 -0.0501328
1.98 -0.0513751
1.99 -0.0526105
2 -0.053839
2.01 -0.0550601
2.02 -0.0562737
2.03 -0.0574796
2.04 -0.0586775
2.05 -0.0598672
2.06 -0.0610483
2.07 -0.0622206
2.08 -0.063384
2.09 -0.064538
2.1 -0.0656824
2.11 -0.066817
2.12 -0.0679414
2.13 -0.0690553
2.14 -0.0701585
2.15 -0.0712507
2.16 -0.0723314
2.17 -0.0734005
2.18 -0.0744577
2.19 -0.0755025
2.2 -0.0765346
2.21 -0.0775538
2.22 -0.0785597
2.23 -0.079552
2.24 -0.0805302
2.25 -0.0814941
2.26 -0.0824433
2.27 -0.0833775
2.28 -0.0842962
2.29 -0.0851992
2.3 -0.086086
2.31 -0.0869563
2.32 -0.0878096
2.33 -0.0886457
2.34 -0.0894642
2.35 -0.0902646
2.36 -0.0910465
2.37 -0.0918096
2.38 -0.0925535
2.39 -0.0932777
2.4 -0.0939819
2.41 -0.0946657
2.42 -0.0953287
2.43 -0.0959704
2.44 -0.0965904
2.45 -0.0971884
2.46 -0.0977639
2.47 -0.0983165
2.48 -0.0988458
2.49 -0.0993514
2.5 -0.0998328
2.51 -0.10029
2.52 -0.100722
2.53 -0.101128
2.54 -0.101509
2.55 -0.101863
2.56 -0.102191
2.57 -0.102492
2.58 -0.102765
2.59 -0.103011
2.6 -0.103228
2.61 -0.103416
2.62 -0.103576
2.63 -0.103705
2.64 -0.103805
2.65 -0.103874
2.66 -0.103913
2.67 -0.103921
2.68 -0.103897
2.69 -0.103841
2.7 -0.103753
2.71 -0.103632
2.72 -0.103478
2.73 -0.10329
2.74 -0.103069
2.75 -0.102813
2.76 -0.102523
2.77 -0.102198
2.78 -0.101838
2.79 -0.101442
2.8 -0.10101
2.81 -0.100541
2.82 -0.100036
2.83 -0.0994943
2.84 -0.0989151
2.85 -0.0982982
2.86 -0.0976434
2.87 -0.0969504
2.88 -0.0962189
2.89 -0.0954486
2.9 -0.0946392
2.91 -0.0937905
2.92 -0.0929022
2.93 -0.091974
2.94 -0.0910057
2.95 -0.0899971
2.96 -0.088948
2.97 -0.087858
2.98 -0.0867271
2.99 -0.085555
3 -0.0843415
3.01 -0.0830864
3.02 -0.0817897
3.03 -0.080451
3.04 -0.0790702
3.05 -0.0776473
3.06 -0.076182
3.07 -0.0746743
3.08 -0.073124
3.09 -0.0715311
3.1 -0.0698953
3.11 -0.0682168
3.12 -0.0664953
3.13 -0.0647308
3.14 -0.0629233
3.15 -0.0610727
3.16 -0.059179
3.17 -0.0572422
3.18 -0.0552622
3.19 -0.0532391
3.2 -0.0511728
3.21 -0.0490634
3.22 -0.0469109
3.23 -0.0447154
3.24 -0.0424768
3.25 -0.0401953
3.26 -0.037871
3.27 -0.0355038
3.28 -0.0330939
3.29 -0.0306413
3.3 -0.0281463
3.31 -0.0256088
3.32 -0.0230291
3.33 -0.0204072
3.34 -0.0177433
3.35 -0.0150376
3.36 -0.0122902
3.37 -0.00950122
3.38 -0.00667092
3.39 -0.00379946
3.4 -0.000887032
3.41 0.00206616
3.42 0.00505992
3.43 0.00809401
3.44 0.0111682
3.45 0.0142823
3.46 0.017436
3.47 0.0206291
3.48 0.0238614
3.49 0.0271325
3.5 0.0304422
3.51 0.0337902
3.52 0.0371763
3.53 0.0406001
3.54 0.0440614
3.55 0.0475598
3.56 0.0510951
3.57 0.0546669
3.58 0.0582748
3.59 0.0619187
3.6 0.0655981
3.61 0.0693127
3.62 0.0730621
3.63 0.0768461
3.64 0.0806642
3.65 0.0845162
3.66 0.0884016
3.67 0.0923201
3.68 0.0962713
3.69 0.100255
3.7 0.104271
3.71 0.108318
3.72 0.112396
3.73 0.116506
3.74 0.120646
3.75 0.124816
3.76 0.129016
3.77 0.133246
3.78 0.137504
3.79 0.141792
3.8 0.146107
3.81 0.150451
3.82 0.154823
3.83 0.159222
3.84 0.163648
3.85 0.1681
3.86 0.17258
3.87 0.177085
3.88 0.181616
3.89 0.186173
3.9 0.190755
3.91 0.195361
3.92 0.199993
3.93 0.204649
3.94 0.209329
3.95 0.214034
3.96 0.218762
3.97 0.223514
3.98 0.228289
3.99 0.233087
4 0.237908
4.01 0.242752
4.02 0.247619
4.03 0.252509
4.04 0.25742
4.05 0.262355
4.06 0.267311
4.07 0.272289
4.08 0.27729
4.09 0.282312
4.1 0.287356
4.11 0.292422
4.12 0.29751
4.13 0.302619
4.14 0.30775
4.15 0.312902
4.16 0.318076
4.17 0.323272
4.18 0.328489
4.19 0.333727
4.2 0.338987
4.21 0.344268
4.22 0.34957
4.23 0.354894
4.24 0.360239
4.25 0.365606
4.26 0.370993
4.27 0.376402
4.28 0.381833
4.29 0.387284
4.3 0.392757
4.31 0.398251
4.32 0.403766
4.33 0.409303
4.34 0.41486
4.35 0.420439
4.36 0.426038
4.37 0.431659
4.38 0.4373
4.39 0.442962
4.4 0.448645
4.41 0.454349
4.42 0.460073
4.43 0.465818
4.44 0.471583
4.45 0.477369
4.46 0.483175
4.47 0.489001
4.48 0.494847
4.49 0.500713
4.5 0.506599
4.51 0.512505
4.52 0.51843
4.53 0.524374
4.54 0.530338
4.55 0.53632
4.56 0.542322
4.57 0.548342
4.58 0.554381
4.59 0.560438
4.6 0.566513
4.61 0.572607
4.62 0.578718
4.63 0.584847
4.64 0.590993
4.65 0.597157
4.66 0.603338
4.67 0.609535
4.68 0.615749
4.69 0.62198
4.7 0.628227
4.71 0.63449
4.72 0.640769
4.73 0.647063
4.74 0.653373
4.75 0.659698
4.76 0.666039
4.77 0.672393
4.78 0.678763
4.79 0.685147
4.8 0.691545
4.81 0.697957
4.82 0.704383
4.83 0.710822
4.84 0.717275
4.85 0.723741
4.86 0.730219
4.87 0.736711
4.88 0.743215
4.89 0.749732
4.9 0.756261
4.91 0.762802
4.92 0.769355
4.93 0.775919
4.94 0.782495
4.95 0.789082
4.96 0.795681
4.97 0.80229
4.98 0.808911
4.99 0.815542
5 0.822184
5.01 0.828836
5.02 0.835498
5.03 0.842171
5.04 0.848853
5.05 0.855545
5.06 0.862247
5.07 0.868959
5.08 0.87568
5.09 0.882411
5.1 0.889151
5.11 0.8959
5.12 0.902658
5.13 0.909424
5.14 0.9162
5.15 0.922985
5.16 0.929778
5.17 0.936579
5.18 0.943389
5.19 0.950208
5.2 0.957034
5.21 0.963869
5.22 0.970712
5.23 0.977563
5.24 0.984422
5.25 0.991289
5.26 0.998163
5.27 1.00505
5.28 1.01194
5.29 1.01883
5.3 1.02574
5.31 1.03265
5.32 1.03957
5.33 1.0465
5.34 1.05343
5.35 1.06037
5.36 1.06732
5.37 1.07428
5.38 1.08124
5.39 1.08821
5.4 1.09519
5.41 1.10217
5.42 1.10916
5.43 1.11616
5.44 1.12317
5.45 1.13018
5.46 1.13719
5.47 1.14422
5.48 1.15125
5.49 1.15829
5.5 1.16533
5.51 1.17238
5.52 1.17943
5.53 1.1865
5.54 1.19356
5.55 1.20064
5.56 1.20772
5.57 1.2148
5.58 1.2219
5.59 1.22899
5.6 1.2361
5.61 1.24321
5.62 1.25032
5.63 1.25744
5.64 1.26457
5.65 1.2717
5.66 1.27883
5.67 1.28598
5.68 1.29312
5.69 1.30028
5.7 1.30743
5.71 1.3146
5.72 1.32176
5.73 1.32894
5.74 1.33611
5.75 1.3433
5.76 1.35048
5.77 1.35768
5.78 1.36487
5.79 1.37207
5.8 1.37928
5.81 1.38649
5.82 1.3937
5.83 1.40092
5.84 1.40815
5.85 1.41538
5.86 1.42261
5.87 1.42985
5.88 1.43709
5.89 1.44433
5.9 1.45158
5.91 1.45884
5.92 1.4661
5.93 1.47336
5.94 1.48063
5.95 1.4879
5.96 1.49517
5.97 1.50246
5.98 1.50974
5.99 1.51703
6 1.52433
6.01 1.53162
6.02 1.53893
6.03 1.54624
6.04 1.55355
6.05 1.56087
6.06 1.5682
6.07 1.57553
6.08 1.58286
6.09 1.5902
6.1 1.59755
6.11 1.6049
6.12 1.61226
6.13 1.61963
6.14 1.627
6.15 1.63438
6.16 1.64177
6.17 1.64917
6.18 1.65657
6.19 1.66398
6.2 1.6714
6.21 1.67883
6.22 1.68626
6.23 1.69371
6.24 1.70117
6.25 1.70864
6.26 1.71611
6.27 1.7236
6.28 1.7311
6.29 1.73862
6.3 1.74614
6.31 1.75368
6.32 1.76124
6.33 1.7688
6.34 1.77639
6.35 1.78398
6.36 1.7916
6.37 1.79923
6.38 1.80687
6.39 1.81454
6.4 1.82222
6.41 1.82993
6.42 1.83765
6.43 1.8454
6.44 1.85316
6.45 1.86095
6.46 1.86876
6.47 1.8766
6.48 1.88446
6.49 1.89235
6.5 1.90026
6.51 1.9082
6.52 1.91617
6.53 1.92417
6.54 1.93219
6.55 1.94025
6.56 1.94834
6.57 1.95647
6.58 1.96462
6.59 1.97281
6.6 1.98104
6.61 1.98931
6.62 1.99761
6.63 2.00595
6.64 2.01433
6.65 2.02275
6.66 2.03121
6.67 2.03971
6.68 2.04826
6.69 2.05685
6.7 2.06549
6.71 2.07418
6.72 2.08291
6.73 2.09169
6.74 2.10052
6.75 2.1094
6.76 2.11834
6.77 2.12732
6.78 2.13636
6.79 2.14545
6.8 2.1546
6.81 2.16381
6.82 2.17307
6.83 2.18239
6.84 2.19177
6.85 2.2012
6.86 2.2107
6.87 2.22026
6.88 2.22988
6.89 2.23957
6.9 2.24932
6.91 2.25913
6.92 2.269
6.93 2.27895
6.94 2.28895
6.95 2.29903
6.96 2.30917
6.97 2.31937
6.98 2.32965
6.99 2.33999
7 2.3504
7.01 2.36089
7.02 2.37143
7.03 2.38205
7.04 2.39274
7.05 2.4035
7.06 2.41433
7.07 2.42522
7.08 2.43619
7.09 2.44722
7.1 2.45832
7.11 2.4695
7.12 2.48074
7.13 2.49205
7.14 2.50343
7.15 2.51487
7.16 2.52638
7.17 2.53796
7.18 2.5496
7.19 2.56131
7.2 2.57309
7.21 2.58493
7.22 2.59683
7.23 2.60879
7.24 2.62082
7.25 2.6329
7.26 2.64505
7.27 2.65725
7.28 2.66951
7.29 2.68182
7.3 2.6942
7.31 2.70662
7.32 2.7191
7.33 2.73162
7.34 2.7442
7.35 2.75683
7.36 2.7695
7.37 2.78222
7.38 2.79498
7.39 2.80778
7.4 2.82063
7.41 2.83351
7.42 2.84643
7.43 2.85939
7.44 2.87238
7.45 2.88541
7.46 2.89846
7.47 2.91154
7.48 2.92465
7.49 2.93779
7.5 2.95095
7.51 2.96413
7.52 2.97734
7.53 2.99056
7.54 3.0038
7.55 3.01705
7.56 3.03031
7.57 3.04359
7.58 3.05688
7.59 3.07017
7.6 3.08347
7.61 3.09678
7.62 3.11009
7.63 3.12339
7.64 3.1367
7.65 3.15001
7.66 3.16331
7.67 3.1766
7.68 3.18989
7.69 3.20316
7.7 3.21643
7.71 3.22968
7.72 3.24292
7.73 3.25614
7.74 3.26934
7.75 3.28253
7.76 3.29569
7.77 3.30883
7.78 3.32195
7.79 3.33504
7.8 3.3481
7.81 3.36113
7.82 3.37413
7.83 3.3871
7.84 3.40003
7.85 3.41293
7.86 3.42579
7.87 3.43862
7.88 3.4514
7.89 3.46414
7.9 3.47683
7.91 3.48948
7.92 3.50209
7.93 3.51464
7.94 3.52714
7.95 3.5396
7.96 3.55199
7.97 3.56433
7.98 3.57662
7.99 3.58884
8 3.60101
8.01 3.61311
8.02 3.62515
8.03 3.63712
8.04 3.64903
8.05 3.66086
8.06 3.67263
8.07 3.68432
8.08 3.69594
8.09 3.70748
8.1 3.71894
8.11 3.73033
8.12 3.74163
8.13 3.75285
8.14 3.76399
8.15 3.77503
8.16 3.786
8.17 3.79687
8.18 3.80765
8.19 3.81833
8.2 3.82893
8.21 3.83942
8.22 3.84982
8.23 3.86012
8.24 3.87033
8.25 3.88042
8.26 3.89042
8.27 3.90031
8.28 3.9101
8.29 3.91978
8.3 3.92935
8.31 3.93881
8.32 3.94816
8.33 3.9574
8.34 3.96653
8.35 3.97554
8.36 3.98445
8.37 3.99323
8.38 4.0019
8.39 4.01045
8.4 4.01889
8.41 4.02721
8.42 4.03541
8.43 4.04349
8.44 4.05145
8.45 4.0593
8.46 4.06702
8.47 4.07462
8.48 4.0821
8.49 4.08946
8.5 4.0967
8.51 4.10382
8.52 4.11082
8.53 4.11769
8.54 4.12445
8.55 4.13108
8.56 4.1376
8.57 4.14399
8.58 4.15026
8.59 4.15642
8.6 4.16245
8.61 4.16836
8.62 4.17415
8.63 4.17983
8.64 4.18539
8.65 4.19083
8.66 4.19615
8.67 4.20135
8.68 4.20644
8.69 4.21141
8.7 4.21627
8.71 4.22102
8.72 4.22565
8.73 4.23017
8.74 4.23457
8.75 4.23887
8.76 4.24305
8.77 4.24713
8.78 4.25109
8.79 4.25495
8.8 4.2587
8.81 4.26234
8.82 4.26588
8.83 4.26932
8.84 4.27265
8.85 4.27587
8.86 4.279
8.87 4.28202
8.88 4.28495
8.89 4.28777
8.9 4.2905
8.91 4.29313
8.92 4.29566
8.93 4.2981
8.94 4.30044
8.95 4.30269
8.96 4.30485
8.97 4.30692
8.98 4.30889
8.99 4.31078
9 4.31258
9.01 4.31429
9.02 4.31592
9.03 4.31745
9.04 4.31891
9.05 4.32028
9.06 4.32157
9.07 4.32278
9.08 4.3239
9.09 4.32495
9.1 4.32592
9.11 4.32681
9.12 4.32762
9.13 4.32836
9.14 4.32902
9.15 4.32961
9.16 4.33013
9.17 4.33058
9.18 4.33095
9.19 4.33126
9.2 4.33149
9.21 4.33166
9.22 4.33176
9.23 4.3318
9.24 4.33177
9.25 4.33167
9.26 4.33151
9.27 4.33129
9.28 4.33101
9.29 4.33067
9.3 4.33027
9.31 4.32981
9.32 4.32929
9.33 4.32871
9.34 4.32808
9.35 4.32739
9.36 4.32665
9.37 4.32586
9.38 4.32501
9.39 4.32411
9.4 4.32316
9.41 4.32215
9.42 4.3211
9.43 4.32
9.44 4.31886
9.45 4.31766
9.46 4.31642
9.47 4.31513
9.48 4.3138
9.49 4.31243
9.5 4.31101
9.51 4.30955
9.52 4.30805
9.53 4.30651
9.54 4.30493
9.55 4.3033
9.56 4.30164
9.57 4.29994
9.58 4.29821
9.59 4.29644
9.6 4.29463
9.61 4.29278
9.62 4.29091
9.63 4.28899
9.64 4.28705
9.65 4.28507
9.66 4.28306
9.67 4.28102
9.68 4.27895
9.69 4.27685
9.7 4.27472
9.71 4.27256
9.72 4.27037
9.73 4.26816
9.74 4.26592
9.75 4.26365
9.76 4.26135
9.77 4.25903
9.78 4.25669
9.79 4.25432
9.8 4.25193
9.81 4.24952
9.82 4.24708
9.83 4.24462
9.84 4.24214
9.85 4.23963
9.86 4.23711
9.87 4.23457
9.88 4.23201
9.89 4.22942
9.9 4.22682
9.91 4.22421
9.92 4.22157
9.93 4.21892
9.94 4.21625
9.95 4.21356
9.96 4.21086
9.97 4.20814
9.98 4.2054
9.99 4.20266
10 4.19989
10.001 0
