0 -10
0.01 -9.0152
0.02 -9.01219
0.03 -9.00916
0.04 -9.00612
0.05 -9.00307
0.06 -9
0.07 -8.99692
0.08 -8.99383
0.09 -8.99072
0.1 -8.9876
0.11 -8.98446
0.12 -8.98131
0.13 -8.97814
0.14 -8.97496
0.15 -8.97177
0.16 -8.96856
0.17 -8.96534
0.18 -8.9621
0.19 -8.95885
0.2 -8.95559
0.21 -8.9523
0.22 -8.94901
0.23 -8.9457
0.24 -8.94237
0.25 -8.93903
0.26 -8.93568
0.27 -8.93231
0.28 -8.92893
0.29 -8.92553
0.3 -8.92211
0.31 -8.91868
0.32 -8.91524
0.33 -8.91178
0.34 -8.9083
0.35 -8.90481
0.36 -8.9013
0.37 -8.89778
0.38 -8.89424
0.39 -8.89069
0.4 -8.88712
0.41 -8.88354
0.42 -8.87994
0.43 -8.87632
0.44 -8.87269
0.45 -8.86905
0.46 -8.86538
0.47 -8.8617
0.48 -8.85801
0.49 -8.8543
0.5 -8.85057
0.51 -8.84683
0.52 -8.84307
0.53 -8.8393
0.54 -8.83551
0.55 -8.8317
0.56 -8.82787
0.57 -8.82403
0.58 -8.82018
0.59 -8.8163
0.6 -8.81242
0.61 -8.80851
0.62 -8.80459
0.63 -8.80065
0.64 -8.79669
0.65 -8.79272
0.66 -8.78873
0.67 -8.78473
0.68 -8.78071
0.69 -8.77667
0.7 -8.77261
0.71 -8.76854
0.72 -8.76445
0.73 -8.76035
0.74 -8.75623
0.75 -8.75209
0.76 -8.74793
0.77 -8.74376
0.78 -8.73957
0.79 -8.73536
0.8 -8.73114
0.81 -8.7269
0.82 -8.72264
0.83 -8.71837
0.84 -8.71407
0.85 -8.70977
0.86 -8.70544
0.87 -8.7011
0.88 -8.69674
0.89 -8.69236
0.9 -8.68797
0.91 -8.68356
0.92 -8.67913
0.93 -8.67468
0.94 -8.67022
0.95 -8.66574
0.96 -8.66124
0.97 -8.65673
0.98 -8.6522
0.99 -8.64765
1 -8.64308
1.01 -8.6385
1.02 -8.6339
1.03 -8.62928
1.04 -8.62465
1.05 -8.62
1.06 -8.61533
1.07 -8.61065
1.08 -8.60594
1.09 -8.60122
1.1 -8.59649
1.11 -8.59173
1.12 -8.58696
1.13 -8.58218
1.14 -8.57737
1.15 -8.57255
1.16 -8.56771
1.17 -8.56285
1.18 -8.55798
1.19 -8.55309
1.2 -8.54819
1.21 -8.54326
1.22 -8.53832
1.23 -8.53336
1.24 -8.52839
1.25 -8.5234
1.26 -8.51839
1.27 -8.51337
1.28 -8.50833
1.29 -8.50327
1.3 -8.4982
1.31 -8.4931
1.32 -8.488
1.33 -8.48287
1.34 -8.47773
1.35 -8.47258
1.36 -8.4674
1.37 -8.46221
1.38 -8.457
1.39 -8.45178
1.4 -8.44654
1.41 -8.44129
1.42 -8.43602
1.43 -8.43073
1.44 -8.42542
1.45 -8.4201
1.46 -8.41477
1.47 -8.40941
1.48 -8.40404
1.49 -8.39866
1.5 -8.39326
1.51 -8.38784
1.52 -8.38241
1.53 -8.37696
1.54 -8.37149
1.55 -8.36601
1.56 -8.36052
1.57 -8.355
1.58 -8.34948
1.59 -8.34393
1.6 -8.33837
1.61 -8.3328
1.62 -8.32721
1.63 -8.3216
1.64 -8.31598
1.65 -8.31034
1.66 -8.30468
1.67 -8.29901
1.68 -8.29333
1.69 -8.28763
1.7 -8.28191
1.71 -8.27618
1.72 -8.27043
1.73 -8.26467
1.74 -8.25889
1.75 -8.25309
1.76 -8.24728
1.77 -8.24146
1.78 -8.23561
1.79 -8.22976
1.8 -8.22388
1.81 -8.21799
1.82 -8.21209
1.83 -8.20617
1.84 -8.20023
1.85 -8.19428
1.86 -8.18831
1.87 -8.18232
1.88 -8.17632
1.89 -8.1703
1.9 -8.16427
1.91 -8.15822
1.92 -8.15215
1.93 -8.14607
1.94 -8.13997
1.95 -8.13385
1.96 -8.12771
1.97 -8.12156
1.98 -8.11539
1.99 -8.10921
2 -8.103
2.01 -8.09678
2.02 -8.09054
2.03 -8.08429
2.04 -8.07801
2.05 -8.07172
2.06 -8.06541
2.07 -8.05908
2.08 -8.05273
2.09 -8.04636
2.1 -8.03997
2.11 -8.03356
2.12 -8.02713
2.13 -8.02069
2.14 -8.01422
2.15 -8.00773
2.16 -8.00122
2.17 -7.99469
2.18 -7.98813
2.19 -7.98156
2.2 -7.97496
2.21 -7.96834
2.22 -7.9617
2.23 -7.95503
2.24 -7.94834
2.25 -7.94163
2.26 -7.93489
2.27 -7.92813
2.28 -7.92134
2.29 -7.91453
2.3 -7.90769
2.31 -7.90082
2.32 -7.89392
2.33 -7.887
2.34 -7.88005
2.35 -7.87307
2.36 -7.86606
2.37 -7.85903
2.38 -7.85196
2.39 -7.84486
2.4 -7.83773
2.41 -7.83057
2.42 -7.82337
2.43 -7.81614
2.44 -7.80888
2.45 -7.80158
2.46 -7.79425
2.47 -7.78688
2.48 -7.77948
2.49 -7.77204
2.5 -7.76456
2.51 -7.75704
2.52 -7.74949
2.53 -7.74189
2.54 -7.73425
2.55 -7.72657
2.56 -7.71885
2.57 -7.71109
2.58 -7.70328
2.59 -7.69543
2.6 -7.68753
2.61 -7.67959
2.62 -7.6716
2.63 -7.66356
2.64 -7.65548
2.65 -7.64734
2.66 -7.63916
2.67 -7.63093
2.68 -7.62264
2.69 -7.6143
2.7 -7.60591
2.71 -7.59746
2.72 -7.58896
2.73 -7.58041
2.74 -7.57179
2.75 -7.56313
2.76 -7.5544
2.77 -7.54561
2.78 -7.53677
2.79 -7.52786
2.8 -7.5189
2.81 -7.50987
2.82 -7.50078
2.83 -7.49163
2.84 -7.48241
2.85 -7.47313
2.86 -7.46379
2.87 -7.45437
2.88 -7.4449
2.89 -7.43535
2.9 -7.42574
2.91 -7.41606
2.92 -7.40632
2.93 -7.3965
2.94 -7.38662
2.95 -7.37667
2.96 -7.36664
2.97 -7.35655
2.98 -7.34638
2.99 -7.33615
3 -7.32585
3.01 -7.31547
3.02 -7.30502
3.03 -7.29451
3.04 -7.28392
3.05 -7.27326
3.06 -7.26253
3.07 -7.25173
3.08 -7.24086
3.09 -7.22992
3.1 -7.21891
3.11 -7.20784
3.12 -7.19669
3.13 -7.18547
3.14 -7.17419
3.15 -7.16285
3.16 -7.15143
3.17 -7.13995
3.18 -7.12841
3.19 -7.11681
3.2 -7.10514
3.21 -7.09341
3.22 -7.08163
3.23 -7.06978
3.24 -7.05788
3.25 -7.04593
3.26 -7.03392
3.27 -7.02186
3.28 -7.00975
3.29 -6.9976
3.3 -6.98539
3.31 -6.97315
3.32 -6.96086
3.33 -6.94853
3.34 -6.93616
3.35 -6.92376
3.36 -6.91133
3.37 -6.89887
3.38 -6.88638
3.39 -6.87386
3.4 -6.86132
3.41 -6.84877
3.42 -6.83619
3.43 -6.82361
3.44 -6.81101
3.45 -6.7984
3.46 -6.78579
3.47 -6.77318
3.48 -6.76057
3.49 -6.74797
3.5 -6.73537
3.51 -6.72279
3.52 -6.71022
3.53 -6.69767
3.54 -6.68514
3.55 -6.67263
3.56 -6.66016
3.57 -6.64771
3.58 -6.6353
3.59 -6.62293
3.6 -6.6106
3.61 -6.59832
3.62 -6.58608
3.63 -6.5739
3.64 -6.56177
3.65 -6.5497
3.66 -6.53769
3.67 -6.52574
3.68 -6.51387
3.69 -6.50206
3.7 -6.49033
3.71 -6.47867
3.72 -6.4671
3.73 -6.4556
3.74 -6.4442
3.75 -6.43288
3.76 -6.42165
3.77 -6.41051
3.78 -6.39947
3.79 -6.38852
3.8 -6.37768
3.81 -6.36694
3.82 -6.3563
3.83 -6.34576
3.84 -6.33534
3.85 -6.32502
3.86 -6.31482
3.87 -6.30472
3.88 -6.29474
3.89 -6.28488
3.9 -6.27513
3.91 -6.26549
3.92 -6.25598
3.93 -6.24658
3.94 -6.23731
3.95 -6.22815
3.96 -6.21912
3.97 -6.2102
3.98 -6.20141
3.99 -6.19274
4 -6.18419
4.01 -6.17577
4.02 -6.16746
4.03 -6.15928
4.04 -6.15122
4.05 -6.14328
4.06 -6.13547
4.07 -6.12777
4.08 -6.12019
4.09 -6.11273
4.1 -6.1054
4.11 -6.09817
4.12 -6.09107
4.13 -6.08408
4.14 -6.07721
4.15 -6.07046
4.16 -6.06381
4.17 -6.05728
4.18 -6.05086
4.19 -6.04455
4.2 -6.03835
4.21 -6.03226
4.22 -6.02627
4.23 -6.02039
4.24 -6.01461
4.25 -6.00894
4.26 -6.00336
4.27 -5.99789
4.28 -5.99251
4.29 -5.98723
4.3 -5.98205
4.31 -5.97696
4.32 -5.97196
4.33 -5.96705
4.34 -5.96223
4.35 -5.9575
4.36 -5.95286
4.37 -5.9483
4.38 -5.94382
4.39 -5.93942
4.4 -5.93511
4.41 -5.93087
4.42 -5.92671
4.43 -5.92263
4.44 -5.91862
4.45 -5.91469
4.46 -5.91082
4.47 -5.90702
4.48 -5.9033
4.49 -5.89964
4.5 -5.89604
4.51 -5.89251
4.52 -5.88904
4.53 -5.88564
4.54 -5.88229
4.55 -5.879
4.56 -5.87577
4.57 -5.8726
4.58 -5.86948
4.59 -5.86641
4.6 -5.8634
4.61 -5.86043
4.62 -5.85752
4.63 -5.85465
4.64 -5.85184
4.65 -5.84906
4.66 -5.84634
4.67 -5.84366
4.68 -5.84102
4.69 -5.83842
4.7 -5.83586
4.71 -5.83334
4.72 -5.83087
4.73 -5.82843
4.74 -5.82602
4.75 -5.82365
4.76 -5.82132
4.77 -5.81902
4.78 -5.81675
4.79 -5.81452
4.8 -5.81232
4.81 -5.81015
4.82 -5.808
4.83 -5.80589
4.84 -5.8038
4.85 -5.80175
4.86 -5.79971
4.87 -5.79771
4.88 -5.79573
4.89 -5.79377
4.9 -5.79184
4.91 -5.78993
4.92 -5.78804
4.93 -5.78618
4.94 -5.78433
4.95 -5.78251
4.96 -5.7807
4.97 -5.77892
4.98 -5.77715
4.99 -5.77541
5 -5.77368
5.01 -5.77196
5.02 -5.77027
5.03 -5.76859
5.04 -5.76692
5.05 -5.76527
5.06 -5.76364
5.07 -5.76202
5.08 -5.76041
5.09 -5.75882
5.1 -5.75724
5.11 -5.75567
5.12 -5.75412
5.13 -5.75257
5.14 -5.75104
5.15 -5.74952
5.16 -5.74801
5.17 -5.74651
5.18 -5.74502
5.19 -5.74354
5.2 -5.74207
5.21 -5.74061
5.22 -5.73916
5.23 -5.73771
5.24 -5.73628
5.25 -5.73485
5.26 -5.73343
5.27 -5.73202
5.28 -5.73061
5.29 -5.72921
5.3 -5.72782
5.31 -5.72643
5.32 -5.72505
5.33 -5.72368
5.34 -5.72231
5.35 -5.72095
5.36 -5.71959
5.37 -5.71824
5.38 -5.7169
5.39 -5.71556
5.4 -5.71422
5.41 -5.71289
5.42 -5.71156
5.43 -5.71023
5.44 -5.70891
5.45 -5.7076
5.46 -5.70629
5.47 -5.70498
5.48 -5.70367
5.49 -5.70237
5.5 -5.70107
5.51 -5.69978
5.52 -5.69848
5.53 -5.69719
5.54 -5.69591
5.55 -5.69462
5.56 -5.69334
5.57 -5.69206
5.58 -5.69078
5.59 -5.68951
5.6 -5.68823
5.61 -5.68696
5.62 -5.68569
5.63 -5.68443
5.64 -5.68316
5.65 -5.6819
5.66 -5.68063
5.67 -5.67937
5.68 -5.67811
5.69 -5.67686
5.7 -5.6756
5.71 -5.67434
5.72 -5.67309
5.73 -5.67183
5.74 -5.67058
5.75 -5.66933
5.76 -5.66808
5.77 -5.66683
5.78 -5.66558
5.79 -5.66433
5.8 -5.66308
5.81 -5.66183
5.82 -5.66059
5.83 -5.65934
5.84 -5.65809
5.85 -5.65684
5.86 -5.6556
5.87 -5.65435
5.88 -5.6531
5.89 -5.65186
5.9 -5.65061
5.91 -5.64936
5.92 -5.64811
5.93 -5.64687
5.94 -5.64562
5.95 -5.64437
5.96 -5.64312
5.97 -5.64187
5.98 -5.64061
5.99 -5.63936
6 -5.63811
6.01 -5.63685
6.02 -5.6356
6.03 -5.63434
6.04 -5.63308
6.05 -5.63182
6.06 -5.63056
6.07 -5.62929
6.08 -5.62803
6.09 -5.62676
6.1 -5.62549
6.11 -5.62421
6.12 -5.62294
6.13 -5.62166
6.14 -5.62038
6.15 -5.6191
6.16 -5.61781
6.17 -5.61652
6.18 -5.61523
6.19 -5.61394
6.2 -5.61264
6.21 -5.61133
6.22 -5.61003
6.23 -5.60872
6.24 -5.6074
6.25 -5.60608
6.26 -5.60476
6.27 -5.60343
6.28 -5.6021
6.29 -5.60076
6.3 -5.59942
6.31 -5.59807
6.32 -5.59672
6.33 -5.59536
6.34 -5.59399
6.35 -5.59262
6.36 -5.59124
6.37 -5.58986
6.38 -5.58847
6.39 -5.58707
6.4 -5.58567
6.41 -5.58426
6.42 -5.58284
6.43 -5.58141
6.44 -5.57998
6.45 -5.57854
6.46 -5.57709
6.47 -5.57563
6.48 -5.57416
6.49 -5.57269
6.5 -5.5712
6.51 -5.56971
6.52 -5.56821
6.53 -5.5667
6.54 -5.56518
6.55 -5.56365
6.56 -5.56211
6.57 -5.56056
6.58 -5.559
6.59 -5.55743
6.6 -5.55586
6.61 -5.55427
6.62 -5.55267
6.63 -5.55106
6.64 -5.54943
6.65 -5.5478
6.66 -5.54616
6.67 -5.54451
6.68 -5.54284
6.69 -5.54117
6.7 -5.53949
6.71 -5.53779
6.72 -5.53608
6.73 -5.53436
6.74 -5.53264
6.75 -5.5309
6.76 -5.52915
6.77 -5.52739
6.78 -5.52562
6.79 -5.52384
6.8 -5.52205
6.81 -5.52025
6.82 -5.51844
6.83 -5.51662
6.84 -5.51479
6.85 -5.51295
6.86 -5.51111
6.87 -5.50925
6.88 -5.50739
6.89 -5.50552
6.9 -5.50365
6.91 -5.50176
6.92 -5.49987
6.93 -5.49798
6.94 -5.49608
6.95 -5.49418
6.96 -5.49227
6.97 -5.49036
6.98 -5.48844
6.99 -5.48652
7 -5.48461
7.01 -5.48269
7.02 -5.48077
7.03 -5.47885
7.04 -5.47694
7.05 -5.47503
7.06 -5.47312
7.07 -5.47122
7.08 -5.46932
7.09 -5.46743
7.1 -5.46555
7.11 -5.46367
7.12 -5.46181
7.13 -5.45996
7.14 -5.45812
7.15 -5.4563
7.16 -5.45449
7.17 -5.45269
7.18 -5.45092
7.19 -5.44916
7.2 -5.44743
7.21 -5.44572
7.22 -5.44403
7.23 -5.44237
7.24 -5.44073
7.25 -5.43913
7.26 -5.43755
7.27 -5.43601
7.28 -5.4345
7.29 -5.43303
7.3 -5.43159
7.31 -5.43019
7.32 -5.42884
7.33 -5.42753
7.34 -5.42626
7.35 -5.42504
7.36 -5.42387
7.37 -5.42275
7.38 -5.42168
7.39 -5.42066
7.4 -5.41971
7.41 -5.41881
7.42 -5.41797
7.43 -5.4172
7.44 -5.41649
7.45 -5.41585
7.46 -5.41527
7.47 -5.41477
7.48 -5.41434
7.49 -5.41398
7.5 -5.41371
7.51 -5.41351
7.52 -5.41339
7.53 -5.41336
7.54 -5.41341
7.55 -5.41355
7.56 -5.41378
7.57 -5.41409
7.58 -5.41451
7.59 -5.41501
7.6 -5.41562
7.61 -5.41632
7.62 -5.41712
7.63 -5.41802
7.64 -5.41903
7.65 -5.42015
7.66 -5.42137
7.67 -5.4227
7.68 -5.42414
7.69 -5.42569
7.7 -5.42735
7.71 -5.42913
7.72 -5.43103
7.73 -5.43304
7.74 -5.43517
7.75 -5.43742
7.76 -5.43979
7.77 -5.44228
7.78 -5.4449
7.79 -5.44764
7.8 -5.4505
7.81 -5.45349
7.82 -5.4566
7.83 -5.45983
7.84 -5.4632
7.85 -5.46669
7.86 -5.47031
7.87 -5.47405
7.88 -5.47792
7.89 -5.48192
7.9 -5.48605
7.91 -5.4903
7.92 -5.49468
7.93 -5.49919
7.94 -5.50383
7.95 -5.50859
7.96 -5.51347
7.97 -5.51848
7.98 -5.52361
7.99 -5.52887
8 -5.53425
8.01 -5.53975
8.02 -5.54537
8.03 -5.55111
8.04 -5.55697
8.05 -5.56294
8.06 -5.56903
8.07 -5.57524
8.08 -5.58156
8.09 -5.58799
8.1 -5.59452
8.11 -5.60117
8.12 -5.60792
8.13 -5.61478
8.14 -5.62174
8.15 -5.62881
8.16 -5.63597
8.17 -5.64323
8.18 -5.65058
8.19 -5.65803
8.2 -5.66557
8.21 -5.6732
8.22 -5.68092
8.23 -5.68873
8.24 -5.69662
8.25 -5.70459
8.26 -5.71264
8.27 -5.72077
8.28 -5.72898
8.29 -5.73726
8.3 -5.74561
8.31 -5.75403
8.32 -5.76252
8.33 -5.77108
8.34 -5.7797
8.35 -5.78838
8.36 -5.79713
8.37 -5.80593
8.38 -5.81479
8.39 -5.8237
8.4 -5.83267
8.41 -5.84168
8.42 -5.85075
8.43 -5.85986
8.44 -5.86902
8.45 -5.87822
8.46 -5.88747
8.47 -5.89676
8.48 -5.90608
8.49 -5.91545
8.5 -5.92485
8.51 -5.93428
8.52 -5.94375
8.53 -5.95325
8.54 -5.96278
8.55 -5.97234
8.56 -5.98193
8.57 -5.99154
8.58 -6.00118
8.59 -6.01084
8.6 -6.02052
8.61 -6.03023
8.62 -6.03996
8.63 -6.0497
8.64 -6.05947
8.65 -6.06925
8.66 -6.07904
8.67 -6.08885
8.68 -6.09868
8.69 -6.10852
8.7 -6.11837
8.71 -6.12823
8.72 -6.13811
8.73 -6.14799
8.74 -6.15788
8.75 -6.16778
8.76 -6.17769
8.77 -6.1876
8.78 -6.19752
8.79 -6.20744
8.8 -6.21737
8.81 -6.2273
8.82 -6.23723
8.83 -6.24717
8.84 -6.25711
8.85 -6.26704
8.86 -6.27698
8.87 -6.28692
8.88 -6.29686
8.89 -6.30679
8.9 -6.31672
8.91 -6.32665
8.92 -6.33658
8.93 -6.3465
8.94 -6.35642
8.95 -6.36634
8.96 -6.37624
8.97 -6.38615
8.98 -6.39604
8.99 -6.40593
9 -6.41581
9.01 -6.42568
9.02 -6.43555
9.03 -6.4454
9.04 -6.45525
9.05 -6.46509
9.06 -6.47491
9.07 -6.48473
9.08 -6.49453
9.09 -6.50433
9.1 -6.51411
9.11 -6.52388
9.12 -6.53363
9.13 -6.54338
9.14 -6.5531
9.15 -6.56282
9.16 -6.57252
9.17 -6.5822
9.18 -6.59187
9.19 -6.60153
9.2 -6.61117
9.21 -6.62079
9.22 -6.63039
9.23 -6.63998
9.24 -6.64955
9.25 -6.6591
9.26 -6.66863
9.27 -6.67815
9.28 -6.68764
9.29 -6.69712
9.3 -6.70657
9.31 -6.71601
9.32 -6.72542
9.33 -6.73481
9.34 -6.74419
9.35 -6.75354
9.36 -6.76287
9.37 -6.77217
9.38 -6.78145
9.39 -6.79071
9.4 -6.79995
9.41 -6.80916
9.42 -6.81835
9.43 -6.82752
9.44 -6.83666
9.45 -6.84577
9.46 -6.85486
9.47 -6.86393
9.48 -6.87297
9.49 -6.88198
9.5 -6.89096
9.51 -6.89992
9.52 -6.90886
9.53 -6.91776
9.54 -6.92664
9.55 -6.93549
9.56 -6.94431
9.57 -6.9531
9.58 -6.96187
9.59 -6.9706
9.6 -6.97931
9.61 -6.98799
9.62 -6.99663
9.63 -7.00525
9.64 -7.01384
9.65 -7.0224
9.66 -7.03092
9.67 -7.03942
9.68 -7.04789
9.69 -7.05632
9.7 -7.06473
9.71 -7.0731
9.72 -7.08144
9.73 -7.08975
9.74 -7.09803
9.75 -7.10628
9.76 -7.11449
9.77 -7.12267
9.78 -7.13082
9.79 -7.13894
9.8 -7.14702
9.81 -7.15507
9.82 -7.16309
9.83 -7.17108
9.84 -7.17903
9.85 -7.18695
9.86 -7.19483
9.87 -7.20268
9.88 -7.2105
9.89 -7.21829
9.9 -7.22604
9.91 -7.23376
9.92 -7.24144
9.93 -7.24909
9.94 -7.25671
9.95 -7.26429
9.96 -7.27184
9.97 -7.27936
9.98 -7.28684
9.99 -7.29428
10 -7.3017
10.001 -10
