0 5
0.01 4.02328
0.02 4.02399
0.03 4.0247
0.04 4.02541
0.05 4.02613
0.06 4.02685
0.07 4.02758
0.08 4.02831
0.09 4.02904
0.1 4.02978
0.11 4.03052
0.12 4.03126
0.13 4.03201
0.14 4.03276
0.15 4.03351
0.16 4.03427
0.17 4.03503
0.18 4.0358
0.19 4.03657
0.2 4.03734
0.21 4.03812
0.22 4.0389
0.23 4.03968
0.24 4.04047
0.25 4.04126
0.26 4.04206
0.27 4.04286
0.28 4.04366
0.29 4.04447
0.3 4.04528
0.31 4.0461
0.32 4.04692
0.33 4.04775
0.34 4.04858
0.35 4.04941
0.36 4.05025
0.37 4.05109
0.38 4.05193
0.39 4.05278
0.4 4.05364
0.41 4.0545
0.42 4.05536
0.43 4.05623
0.44 4.0571
0.45 4.05797
0.46 4.05886
0.47 4.05974
0.48 4.06063
0.49 4.06153
0.5 4.06242
0.51 4.06333
0.52 4.06424
0.53 4.06515
0.54 4.06607
0.55 4.06699
0.56 4.06792
0.57 4.06885
0.58 4.06979
0.59 4.07073
0.6 4.07168
0.61 4.07263
0.62 4.07359
0.63 4.07456
0.64 4.07552
0.65 4.0765
0.66 4.07748
0.67 4.07846
0.68 4.07945
0.69 4.08045
0.7 4.08145
0.71 4.08246
0.72 4.08347
0.73 4.08449
0.74 4.08551
0.75 4.08654
0.76 4.08757
0.77 4.08862
0.78 4.08966
0.79 4.09072
0.8 4.09178
0.81 4.09284
0.82 4.09391
0.83 4.09499
0.84 4.09608
0.85 4.09717
0.86 4.09826
0.87 4.09937
0.88 4.10048
0.89 4.1016
0.9 4.10272
0.91 4.10385
0.92 4.10499
0.93 4.10613
0.94 4.10729
0.95 4.10845
0.96 4.10961
0.97 4.11079
0.98 4.11197
0.99 4.11316
1 4.11435
1.01 4.11556
1.02 4.11677
1.03 4.11799
1.04 4.11922
1.05 4.12045
1.06 4.1217
1.07 4.12295
1.08 4.12421
1.09 4.12548
1.1 4.12676
1.11 4.12804
1.12 4.12934
1.13 4.13064
1.14 4.13196
1.15 4.13328
1.16 4.13461
1.17 4.13595
1.18 4.1373
1.19 4.13866
1.2 4.14003
1.21 4.14141
1.22 4.1428
1.23 4.1442
1.24 4.14561
1.25 4.14703
1.26 4.14846
1.27 4.1499
1.28 4.15135
1.29 4.15281
1.3 4.15428
1.31 4.15577
1.32 4.15726
1.33 4.15877
1.34 4.16028
1.35 4.16181
1.36 4.16335
1.37 4.16491
1.38 4.16647
1.39 4.16805
1.4 4.16964
1.41 4.17124
1.42 4.17285
1.43 4.17448
1.44 4.17612
1.45 4.17777
1.46 4.17943
1.47 4.18111
1.48 4.1828
1.49 4.18451
1.5 4.18623
1.51 4.18796
1.52 4.18971
1.53 4.19147
1.54 4.19324
1.55 4.19503
1.56 4.19684
1.57 4.19866
1.58 4.20049
1.59 4.20234
1.6 4.2042
1.61 4.20608
1.62 4.20797
1.63 4.20988
1.64 4.21181
1.65 4.21375
1.66 4.21571
1.67 4.21768
1.68 4.21967
1.69 4.22168
1.7 4.2237
1.71 4.22574
1.72 4.2278
1.73 4.22987
1.74 4.23196
1.75 4.23407
1.76 4.2362
1.77 4.23834
1.78 4.2405
1.79 4.24268
1.8 4.24488
1.81 4.24709
1.82 4.24933
1.83 4.25158
1.84 4.25385
1.85 4.25614
1.86 4.25845
1.87 4.26077
1.88 4.26312
1.89 4.26548
1.9 4.26787
1.91 4.27027
1.92 4.27269
1.93 4.27514
1.94 4.2776
1.95 4.28008
1.96 4.28258
1.97 4.28511
1.98 4.28765
1.99 4.29021
2 4.2928
2.01 4.2954
2.02 4.29803
2.03 4.30067
2.04 4.30334
2.05 4.30603
2.06 4.30874
2.07 4.31147
2.08 4.31422
2.09 4.317
2.1 4.31979
2.11 4.32261
2.12 4.32545
2.13 4.32831
2.14 4.3312
2.15 4.3341
2.16 4.33703
2.17 4.33998
2.18 4.34296
2.19 4.34595
2.2 4.34897
2.21 4.35201
2.22 4.35508
2.23 4.35817
2.24 4.36128
2.25 4.36442
2.26 4.36758
2.27 4.37076
2.28 4.37397
2.29 4.3772
2.3 4.38046
2.31 4.38374
2.32 4.38704
2.33 4.39038
2.34 4.39373
2.35 4.39711
2.36 4.40052
2.37 4.40395
2.38 4.40741
2.39 4.41089
2.4 4.4144
2.41 4.41794
2.42 4.4215
2.43 4.42509
2.44 4.42871
2.45 4.43236
2.46 4.43603
2.47 4.43973
2.48 4.44346
2.49 4.44721
2.5 4.451
2.51 4.45482
2.52 4.45866
2.53 4.46253
2.54 4.46644
2.55 4.47037
2.56 4.47434
2.57 4.47833
2.58 4.48236
2.59 4.48642
2.6 4.49051
2.61 4.49463
2.62 4.49879
2.63 4.50298
2.64 4.5072
2.65 4.51146
2.66 4.51575
2.67 4.52007
2.68 4.52443
2.69 4.52883
2.7 4.53326
2.71 4.53773
2.72 4.54224
2.73 4.54678
2.74 4.55136
2.75 4.55599
2.76 4.56065
2.77 4.56534
2.78 4.57008
2.79 4.57486
2.8 4.57968
2.81 4.58454
2.82 4.58945
2.83 4.5944
2.84 4.59938
2.85 4.60442
2.86 4.60949
2.87 4.61462
2.88 4.61978
2.89 4.62499
2.9 4.63025
2.91 4.63556
2.92 4.64091
2.93 4.64631
2.94 4.65176
2.95 4.65725
2.96 4.6628
2.97 4.66839
2.98 4.67404
2.99 4.67973
3 4.68548
3.01 4.69127
3.02 4.69712
3.03 4.70302
3.04 4.70898
3.05 4.71498
3.06 4.72104
3.07 4.72715
3.08 4.73332
3.09 4.73954
3.1 4.74581
3.11 4.75214
3.12 4.75852
3.13 4.76495
3.14 4.77144
3.15 4.77799
3.16 4.78459
3.17 4.79124
3.18 4.79795
3.19 4.80471
3.2 4.81153
3.21 4.8184
3.22 4.82532
3.23 4.8323
3.24 4.83933
3.25 4.84641
3.26 4.85355
3.27 4.86074
3.28 4.86797
3.29 4.87526
3.3 4.88261
3.31 4.88999
3.32 4.89743
3.33 4.90492
3.34 4.91245
3.35 4.92003
3.36 4.92766
3.37 4.93533
3.38 4.94304
3.39 4.95079
3.4 4.95859
3.41 4.96642
3.42 4.9743
3.43 4.98221
3.44 4.99015
3.45 4.99813
3.46 5.00614
3.47 5.01419
3.48 5.02226
3.49 5.03037
3.5 5.03849
3.51 5.04665
3.52 5.05482
3.53 5.06302
3.54 5.07124
3.55 5.07947
3.56 5.08772
3.57 5.09599
3.58 5.10427
3.59 5.11255
3.6 5.12085
3.61 5.12915
3.62 5.13746
3.63 5.14576
3.64 5.15407
3.65 5.16238
3.66 5.17068
3.67 5.17898
3.68 5.18727
3.69 5.19556
3.7 5.20383
3.71 5.21208
3.72 5.22033
3.73 5.22855
3.74 5.23676
3.75 5.24494
3.76 5.25311
3.77 5.26125
3.78 5.26936
3.79 5.27745
3.8 5.2855
3.81 5.29353
3.82 5.30152
3.83 5.30948
3.84 5.3174
3.85 5.32529
3.86 5.33314
3.87 5.34095
3.88 5.34872
3.89 5.35644
3.9 5.36412
3.91 5.37176
3.92 5.37935
3.93 5.38689
3.94 5.39439
3.95 5.40184
3.96 5.40924
3.97 5.41658
3.98 5.42388
3.99 5.43112
4 5.43831
4.01 5.44545
4.02 5.45253
4.03 5.45955
4.04 5.46652
4.05 5.47344
4.06 5.4803
4.07 5.4871
4.08 5.49384
4.09 5.50053
4.1 5.50716
4.11 5.51373
4.12 5.52024
4.13 5.5267
4.14 5.53309
4.15 5.53943
4.16 5.54571
4.17 5.55192
4.18 5.55808
4.19 5.56418
4.2 5.57023
4.21 5.57621
4.22 5.58213
4.23 5.588
4.24 5.59381
4.25 5.59956
4.26 5.60525
4.27 5.61089
4.28 5.61646
4.29 5.62198
4.3 5.62745
4.31 5.63285
4.32 5.6382
4.33 5.6435
4.34 5.64874
4.35 5.65392
4.36 5.65905
4.37 5.66412
4.38 5.66915
4.39 5.67411
4.4 5.67903
4.41 5.68389
4.42 5.6887
4.43 5.69346
4.44 5.69817
4.45 5.70282
4.46 5.70743
4.47 5.71199
4.48 5.71649
4.49 5.72095
4.5 5.72536
4.51 5.72973
4.52 5.73404
4.53 5.73831
4.54 5.74253
4.55 5.74671
4.56 5.75084
4.57 5.75493
4.58 5.75897
4.59 5.76297
4.6 5.76693
4.61 5.77084
4.62 5.77472
4.63 5.77855
4.64 5.78234
4.65 5.78608
4.66 5.78979
4.67 5.79346
4.68 5.79709
4.69 5.80069
4.7 5.80424
4.71 5.80776
4.72 5.81123
4.73 5.81468
4.74 5.81808
4.75 5.82146
4.76 5.82479
4.77 5.82809
4.78 5.83136
4.79 5.83459
4.8 5.83779
4.81 5.84096
4.82 5.8441
4.83 5.8472
4.84 5.85027
4.85 5.85331
4.86 5.85632
4.87 5.8593
4.88 5.86225
4.89 5.86517
4.9 5.86806
4.91 5.87092
4.92 5.87376
4.93 5.87656
4.94 5.87934
4.95 5.88209
4.96 5.88482
4.97 5.88752
4.98 5.89019
4.99 5.89284
5 5.89546
5.01 5.89806
5.02 5.90063
5.03 5.90318
5.04 5.90571
5.05 5.90821
5.06 5.91069
5.07 5.91314
5.08 5.91558
5.09 5.91799
5.1 5.92038
5.11 5.92274
5.12 5.92509
5.13 5.92742
5.14 5.92972
5.15 5.93201
5.16 5.93427
5.17 5.93651
5.18 5.93874
5.19 5.94094
5.2 5.94313
5.21 5.9453
5.22 5.94745
5.23 5.94958
5.24 5.95169
5.25 5.95379
5.26 5.95586
5.27 5.95793
5.28 5.95997
5.29 5.962
5.3 5.96401
5.31 5.966
5.32 5.96798
5.33 5.96994
5.34 5.97189
5.35 5.97382
5.36 5.97574
5.37 5.97764
5.38 5.97952
5.39 5.98139
5.4 5.98325
5.41 5.9851
5.42 5.98692
5.43 5.98874
5.44 5.99054
5.45 5.99233
5.46 5.99411
5.47 5.99587
5.48 5.99762
5.49 5.99936
5.5 6.00108
5.51 6.00279
5.52 6.00449
5.53 6.00618
5.54 6.00786
5.55 6.00952
5.56 6.01118
5.57 6.01282
5.58 6.01445
5.59 6.01607
5.6 6.01768
5.61 6.01928
5.62 6.02087
5.63 6.02245
5.64 6.02402
5.65 6.02558
5.66 6.02713
5.67 6.02866
5.68 6.03019
5.69 6.03171
5.7 6.03323
5.71 6.03473
5.72 6.03622
5.73 6.03771
5.74 6.03918
5.75 6.04065
5.76 6.04211
5.77 6.04356
5.78 6.045
5.79 6.04644
5.8 6.04786
5.81 6.04928
5.82 6.0507
5.83 6.0521
5.84 6.0535
5.85 6.05489
5.86 6.05627
5.87 6.05765
5.88 6.05902
5.89 6.06038
5.9 6.06174
5.91 6.06309
5.92 6.06444
5.93 6.06578
5.94 6.06711
5.95 6.06844
5.96 6.06976
5.97 6.07108
5.98 6.07239
5.99 6.0737
6 6.075
6.01 6.0763
6.02 6.07759
6.03 6.07888
6.04 6.08016
6.05 6.08144
6.06 6.08272
6.07 6.08399
6.08 6.08526
6.09 6.08652
6.1 6.08778
6.11 6.08904
6.12 6.09029
6.13 6.09154
6.14 6.09279
6.15 6.09403
6.16 6.09527
6.17 6.09651
6.18 6.09775
6.19 6.09898
6.2 6.10021
6.21 6.10144
6.22 6.10267
6.23 6.10389
6.24 6.10512
6.25 6.10634
6.26 6.10756
6.27 6.10878
6.28 6.10999
6.29 6.11121
6.3 6.11243
6.31 6.11364
6.32 6.11486
6.33 6.11607
6.34 6.11728
6.35 6.11849
6.36 6.1197
6.37 6.12092
6.38 6.12213
6.39 6.12334
6.4 6.12455
6.41 6.12576
6.42 6.12697
6.43 6.12818
6.44 6.12939
6.45 6.13061
6.46 6.13182
6.47 6.13303
6.48 6.13424
6.49 6.13546
6.5 6.13667
6.51 6.13789
6.52 6.1391
6.53 6.14032
6.54 6.14154
6.55 6.14275
6.56 6.14397
6.57 6.14519
6.58 6.14641
6.59 6.14763
6.6 6.14885
6.61 6.15007
6.62 6.15129
6.63 6.15252
6.64 6.15374
6.65 6.15496
6.66 6.15618
6.67 6.1574
6.68 6.15863
6.69 6.15985
6.7 6.16107
6.71 6.16229
6.72 6.16351
6.73 6.16473
6.74 6.16594
6.75 6.16716
6.76 6.16837
6.77 6.16958
6.78 6.17079
6.79 6.172
6.8 6.1732
6.81 6.1744
6.82 6.17559
6.83 6.17678
6.84 6.17797
6.85 6.17915
6.86 6.18033
6.87 6.1815
6.88 6.18266
6.89 6.18381
6.9 6.18496
6.91 6.1861
6.92 6.18723
6.93 6.18835
6.94 6.18946
6.95 6.19056
6.96 6.19165
6.97 6.19273
6.98 6.19379
6.99 6.19484
7 6.19587
7.01 6.19689
7.02 6.19789
7.03 6.19888
7.04 6.19984
7.05 6.20079
7.06 6.20172
7.07 6.20262
7.08 6.2035
7.09 6.20436
7.1 6.20519
7.11 6.206
7.12 6.20678
7.13 6.20753
7.14 6.20825
7.15 6.20894
7.16 6.2096
7.17 6.21022
7.18 6.21081
7.19 6.21136
7.2 6.21187
7.21 6.21234
7.22 6.21277
7.23 6.21316
7.24 6.21351
7.25 6.2138
7.26 6.21406
7.27 6.21426
7.28 6.21441
7.29 6.2145
7.3 6.21455
7.31 6.21453
7.32 6.21446
7.33 6.21433
7.34 6.21413
7.35 6.21388
7.36 6.21355
7.37 6.21316
7.38 6.2127
7.39 6.21217
7.4 6.21157
7.41 6.21089
7.42 6.21014
7.43 6.2093
7.44 6.20838
7.45 6.20739
7.46 6.2063
7.47 6.20513
7.48 6.20387
7.49 6.20252
7.5 6.20108
7.51 6.19954
7.52 6.19791
7.53 6.19618
7.54 6.19435
7.55 6.19241
7.56 6.19038
7.57 6.18823
7.58 6.18598
7.59 6.18362
7.6 6.18115
7.61 6.17857
7.62 6.17587
7.63 6.17306
7.64 6.17013
7.65 6.16708
7.66 6.16391
7.67 6.16062
7.68 6.15721
7.69 6.15368
7.7 6.15002
7.71 6.14623
7.72 6.14232
7.73 6.13828
7.74 6.13411
7.75 6.12981
7.76 6.12538
7.77 6.12082
7.78 6.11613
7.79 6.11131
7.8 6.10636
7.81 6.10127
7.82 6.09606
7.83 6.09071
7.84 6.08523
7.85 6.07962
7.86 6.07388
7.87 6.06801
7.88 6.06201
7.89 6.05588
7.9 6.04963
7.91 6.04325
7.92 6.03674
7.93 6.03011
7.94 6.02335
7.95 6.01648
7.96 6.00948
7.97 6.00237
7.98 5.99514
7.99 5.9878
8 5.98034
8.01 5.97278
8.02 5.9651
8.03 5.95733
8.04 5.94945
8.05 5.94147
8.06 5.93339
8.07 5.92522
8.08 5.91695
8.09 5.9086
8.1 5.90016
8.11 5.89164
8.12 5.88304
8.13 5.87436
8.14 5.86561
8.15 5.85679
8.16 5.8479
8.17 5.83895
8.18 5.82994
8.19 5.82087
8.2 5.81175
8.21 5.80257
8.22 5.79335
8.23 5.78409
8.24 5.77479
8.25 5.76545
8.26 5.75608
8.27 5.74668
8.28 5.73725
8.29 5.7278
8.3 5.71832
8.31 5.70883
8.32 5.69933
8.33 5.68982
8.34 5.6803
8.35 5.67077
8.36 5.66124
8.37 5.65172
8.38 5.6422
8.39 5.63268
8.4 5.62317
8.41 5.61368
8.42 5.6042
8.43 5.59473
8.44 5.58529
8.45 5.57587
8.46 5.56647
8.47 5.5571
8.48 5.54775
8.49 5.53844
8.5 5.52915
8.51 5.51991
8.52 5.51069
8.53 5.50152
8.54 5.49238
8.55 5.48328
8.56 5.47423
8.57 5.46521
8.58 5.45625
8.59 5.44733
8.6 5.43845
8.61 5.42963
8.62 5.42085
8.63 5.41212
8.64 5.40345
8.65 5.39482
8.66 5.38625
8.67 5.37774
8.68 5.36928
8.69 5.36087
8.7 5.35252
8.71 5.34422
8.72 5.33598
8.73 5.3278
8.74 5.31968
8.75 5.31161
8.76 5.30361
8.77 5.29566
8.78 5.28777
8.79 5.27994
8.8 5.27217
8.81 5.26446
8.82 5.25681
8.83 5.24921
8.84 5.24168
8.85 5.23421
8.86 5.2268
8.87 5.21944
8.88 5.21215
8.89 5.20492
8.9 5.19774
8.91 5.19063
8.92 5.18357
8.93 5.17658
8.94 5.16964
8.95 5.16276
8.96 5.15594
8.97 5.14918
8.98 5.14248
8.99 5.13583
9 5.12924
9.01 5.12271
9.02 5.11624
9.03 5.10982
9.04 5.10346
9.05 5.09716
9.06 5.09091
9.07 5.08472
9.08 5.07859
9.09 5.0725
9.1 5.06648
9.11 5.06051
9.12 5.05459
9.13 5.04872
9.14 5.04291
9.15 5.03715
9.16 5.03145
9.17 5.02579
9.18 5.02019
9.19 5.01464
9.2 5.00914
9.21 5.00369
9.22 4.99829
9.23 4.99294
9.24 4.98765
9.25 4.9824
9.26 4.97719
9.27 4.97204
9.28 4.96694
9.29 4.96188
9.3 4.95687
9.31 4.95191
9.32 4.94699
9.33 4.94212
9.34 4.93729
9.35 4.93251
9.36 4.92778
9.37 4.92309
9.38 4.91844
9.39 4.91384
9.4 4.90928
9.41 4.90476
9.42 4.90029
9.43 4.89586
9.44 4.89147
9.45 4.88712
9.46 4.88281
9.47 4.87854
9.48 4.87432
9.49 4.87013
9.5 4.86598
9.51 4.86187
9.52 4.85781
9.53 4.85378
9.54 4.84978
9.55 4.84583
9.56 4.84191
9.57 4.83803
9.58 4.83419
9.59 4.83038
9.6 4.82661
9.61 4.82287
9.62 4.81917
9.63 4.81551
9.64 4.81188
9.65 4.80828
9.66 4.80472
9.67 4.80119
9.68 4.79769
9.69 4.79423
9.7 4.7908
9.71 4.7874
9.72 4.78404
9.73 4.7807
9.74 4.7774
9.75 4.77413
9.76 4.77088
9.77 4.76767
9.78 4.76449
9.79 4.76134
9.8 4.75822
9.81 4.75512
9.82 4.75206
9.83 4.74902
9.84 4.74602
9.85 4.74304
9.86 4.74008
9.87 4.73716
9.88 4.73426
9.89 4.73139
9.9 4.72855
9.91 4.72573
9.92 4.72293
9.93 4.72017
9.94 4.71743
9.95 4.71471
9.96 4.71202
9.97 4.70935
9.98 4.70671
9.99 4.70409
10 4.70149
10.001 5
