0 5
0.01 4.21903
0.02 4.21981
0.03 4.22059
0.04 4.22137
0.05 4.22216
0.06 4.22295
0.07 4.22375
0.08 4.22454
0.09 4.22534
0.1 4.22615
0.11 4.22695
0.12 4.22776
0.13 4.22858
0.14 4.2294
0.15 4.23022
0.16 4.23104
0.17 4.23187
0.18 4.2327
0.19 4.23354
0.2 4.23438
0.21 4.23522
0.22 4.23606
0.23 4.23692
0.24 4.23777
0.25 4.23863
0.26 4.23949
0.27 4.24036
0.28 4.24123
0.29 4.2421
0.3 4.24298
0.31 4.24386
0.32 4.24475
0.33 4.24564
0.34 4.24653
0.35 4.24743
0.36 4.24834
0.37 4.24925
0.38 4.25016
0.39 4.25108
0.4 4.252
0.41 4.25293
0.42 4.25386
0.43 4.2548
0.44 4.25574
0.45 4.25669
0.46 4.25764
0.47 4.2586
0.48 4.25956
0.49 4.26053
0.5 4.2615
0.51 4.26248
0.52 4.26346
0.53 4.26445
0.54 4.26544
0.55 4.26644
0.56 4.26745
0.57 4.26846
0.58 4.26948
0.59 4.2705
0.6 4.27153
0.61 4.27257
0.62 4.27361
0.63 4.27466
0.64 4.27571
0.65 4.27677
0.66 4.27784
0.67 4.27891
0.68 4.27999
0.69 4.28108
0.7 4.28217
0.71 4.28327
0.72 4.28438
0.73 4.2855
0.74 4.28662
0.75 4.28775
0.76 4.28888
0.77 4.29003
0.78 4.29118
0.79 4.29234
0.8 4.29351
0.81 4.29468
0.82 4.29586
0.83 4.29705
0.84 4.29825
0.85 4.29946
0.86 4.30068
0.87 4.3019
0.88 4.30313
0.89 4.30437
0.9 4.30562
0.91 4.30688
0.92 4.30815
0.93 4.30943
0.94 4.31071
0.95 4.31201
0.96 4.31331
0.97 4.31462
0.98 4.31595
0.99 4.31728
1 4.31862
1.01 4.31998
1.02 4.32134
1.03 4.32271
1.04 4.3241
1.05 4.32549
1.06 4.32689
1.07 4.32831
1.08 4.32973
1.09 4.33117
1.1 4.33262
1.11 4.33408
1.12 4.33554
1.13 4.33703
1.14 4.33852
1.15 4.34002
1.16 4.34154
1.17 4.34307
1.18 4.34461
1.19 4.34616
1.2 4.34772
1.21 4.3493
1.22 4.35089
1.23 4.35249
1.24 4.3541
1.25 4.35573
1.26 4.35737
1.27 4.35902
1.28 4.36069
1.29 4.36237
1.3 4.36406
1.31 4.36577
1.32 4.36749
1.33 4.36922
1.34 4.37097
1.35 4.37273
1.36 4.37451
1.37 4.3763
1.38 4.37811
1.39 4.37993
1.4 4.38177
1.41 4.38362
1.42 4.38548
1.43 4.38737
1.44 4.38926
1.45 4.39118
1.46 4.39311
1.47 4.39505
1.48 4.39701
1.49 4.39899
1.5 4.40098
1.51 4.40299
1.52 4.40502
1.53 4.40707
1.54 4.40913
1.55 4.41121
1.56 4.4133
1.57 4.41542
1.58 4.41755
1.59 4.4197
1.6 4.42187
1.61 4.42405
1.62 4.42626
1.63 4.42848
1.64 4.43072
1.65 4.43298
1.66 4.43526
1.67 4.43757
1.68 4.43989
1.69 4.44223
1.7 4.44459
1.71 4.44697
1.72 4.44937
1.73 4.45179
1.74 4.45423
1.75 4.4567
1.76 4.45918
1.77 4.46169
1.78 4.46422
1.79 4.46677
1.8 4.46935
1.81 4.47194
1.82 4.47456
1.83 4.47721
1.84 4.47987
1.85 4.48256
1.86 4.48528
1.87 4.48802
1.88 4.49078
1.89 4.49357
1.9 4.49638
1.91 4.49922
1.92 4.50208
1.93 4.50498
1.94 4.50789
1.95 4.51084
1.96 4.51381
1.97 4.5168
1.98 4.51983
1.99 4.52288
2 4.52597
2.01 4.52908
2.02 4.53222
2.03 4.53539
2.04 4.53859
2.05 4.54182
2.06 4.54508
2.07 4.54837
2.08 4.55169
2.09 4.55504
2.1 4.55843
2.11 4.56185
2.12 4.5653
2.13 4.56879
2.14 4.57231
2.15 4.57586
2.16 4.57945
2.17 4.58307
2.18 4.58673
2.19 4.59042
2.2 4.59415
2.21 4.59792
2.22 4.60172
2.23 4.60556
2.24 4.60944
2.25 4.61336
2.26 4.61731
2.27 4.62131
2.28 4.62534
2.29 4.62942
2.3 4.63354
2.31 4.63769
2.32 4.64189
2.33 4.64613
2.34 4.65042
2.35 4.65474
2.36 4.65911
2.37 4.66352
2.38 4.66798
2.39 4.67248
2.4 4.67703
2.41 4.68162
2.42 4.68626
2.43 4.69094
2.44 4.69567
2.45 4.70044
2.46 4.70526
2.47 4.71013
2.48 4.71505
2.49 4.72002
2.5 4.72503
2.51 4.73009
2.52 4.7352
2.53 4.74036
2.54 4.74557
2.55 4.75082
2.56 4.75613
2.57 4.76149
2.58 4.76689
2.59 4.77235
2.6 4.77785
2.61 4.78341
2.62 4.78901
2.63 4.79467
2.64 4.80037
2.65 4.80613
2.66 4.81193
2.67 4.81778
2.68 4.82368
2.69 4.82964
2.7 4.83564
2.71 4.84168
2.72 4.84778
2.73 4.85393
2.74 4.86012
2.75 4.86636
2.76 4.87264
2.77 4.87898
2.78 4.88535
2.79 4.89177
2.8 4.89824
2.81 4.90475
2.82 4.9113
2.83 4.9179
2.84 4.92453
2.85 4.93121
2.86 4.93793
2.87 4.94468
2.88 4.95147
2.89 4.9583
2.9 4.96517
2.91 4.97207
2.92 4.979
2.93 4.98596
2.94 4.99296
2.95 4.99998
2.96 5.00704
2.97 5.01412
2.98 5.02123
2.99 5.02836
3 5.03551
3.01 5.04269
3.02 5.04988
3.03 5.0571
3.04 5.06433
3.05 5.07158
3.06 5.07884
3.07 5.08611
3.08 5.0934
3.09 5.10069
3.1 5.10799
3.11 5.1153
3.12 5.12261
3.13 5.12993
3.14 5.13724
3.15 5.14456
3.16 5.15187
3.17 5.15918
3.18 5.16649
3.19 5.17378
3.2 5.18107
3.21 5.18835
3.22 5.19562
3.23 5.20287
3.24 5.21011
3.25 5.21733
3.26 5.22453
3.27 5.23172
3.28 5.23888
3.29 5.24602
3.3 5.25314
3.31 5.26023
3.32 5.26729
3.33 5.27433
3.34 5.28134
3.35 5.28831
3.36 5.29526
3.37 5.30217
3.38 5.30905
3.39 5.31589
3.4 5.3227
3.41 5.32947
3.42 5.3362
3.43 5.34289
3.44 5.34954
3.45 5.35615
3.46 5.36272
3.47 5.36924
3.48 5.37572
3.49 5.38216
3.5 5.38855
3.51 5.3949
3.52 5.40119
3.53 5.40745
3.54 5.41365
3.55 5.41981
3.56 5.42592
3.57 5.43198
3.58 5.43799
3.59 5.44395
3.6 5.44986
3.61 5.45572
3.62 5.46153
3.63 5.46729
3.64 5.473
3.65 5.47866
3.66 5.48426
3.67 5.48982
3.68 5.49532
3.69 5.50077
3.7 5.50617
3.71 5.51152
3.72 5.51682
3.73 5.52206
3.74 5.52726
3.75 5.5324
3.76 5.53749
3.77 5.54253
3.78 5.54752
3.79 5.55246
3.8 5.55735
3.81 5.56218
3.82 5.56697
3.83 5.57171
3.84 5.5764
3.85 5.58104
3.86 5.58563
3.87 5.59017
3.88 5.59466
3.89 5.5991
3.9 5.6035
3.91 5.60784
3.92 5.61214
3.93 5.6164
3.94 5.62061
3.95 5.62477
3.96 5.62888
3.97 5.63295
3.98 5.63697
3.99 5.64095
4 5.64489
4.01 5.64878
4.02 5.65263
4.03 5.65643
4.04 5.66019
4.05 5.66391
4.06 5.66759
4.07 5.67123
4.08 5.67482
4.09 5.67838
4.1 5.68189
4.11 5.68536
4.12 5.6888
4.13 5.6922
4.14 5.69555
4.15 5.69887
4.16 5.70215
4.17 5.7054
4.18 5.7086
4.19 5.71177
4.2 5.71491
4.21 5.71801
4.22 5.72107
4.23 5.7241
4.24 5.7271
4.25 5.73006
4.26 5.73298
4.27 5.73588
4.28 5.73874
4.29 5.74157
4.3 5.74436
4.31 5.74713
4.32 5.74986
4.33 5.75257
4.34 5.75524
4.35 5.75788
4.36 5.76049
4.37 5.76308
4.38 5.76563
4.39 5.76816
4.4 5.77066
4.41 5.77313
4.42 5.77557
4.43 5.77798
4.44 5.78037
4.45 5.78274
4.46 5.78507
4.47 5.78738
4.48 5.78967
4.49 5.79193
4.5 5.79417
4.51 5.79638
4.52 5.79856
4.53 5.80073
4.54 5.80287
4.55 5.80499
4.56 5.80708
4.57 5.80915
4.58 5.8112
4.59 5.81323
4.6 5.81524
4.61 5.81723
4.62 5.81919
4.63 5.82114
4.64 5.82306
4.65 5.82496
4.66 5.82685
4.67 5.82871
4.68 5.83056
4.69 5.83239
4.7 5.8342
4.71 5.83599
4.72 5.83776
4.73 5.83951
4.74 5.84125
4.75 5.84297
4.76 5.84467
4.77 5.84636
4.78 5.84803
4.79 5.84968
4.8 5.85132
4.81 5.85294
4.82 5.85454
4.83 5.85613
4.84 5.85771
4.85 5.85927
4.86 5.86081
4.87 5.86234
4.88 5.86386
4.89 5.86536
4.9 5.86685
4.91 5.86833
4.92 5.86979
4.93 5.87124
4.94 5.87268
4.95 5.8741
4.96 5.87551
4.97 5.87691
4.98 5.8783
4.99 5.87967
5 5.88104
5.01 5.88239
5.02 5.88373
5.03 5.88506
5.04 5.88638
5.05 5.88768
5.06 5.88898
5.07 5.89027
5.08 5.89155
5.09 5.89281
5.1 5.89407
5.11 5.89531
5.12 5.89655
5.13 5.89778
5.14 5.899
5.15 5.90021
5.16 5.90141
5.17 5.9026
5.18 5.90378
5.19 5.90496
5.2 5.90613
5.21 5.90728
5.22 5.90844
5.23 5.90958
5.24 5.91071
5.25 5.91184
5.26 5.91296
5.27 5.91407
5.28 5.91518
5.29 5.91628
5.3 5.91737
5.31 5.91845
5.32 5.91953
5.33 5.9206
5.34 5.92167
5.35 5.92273
5.36 5.92378
5.37 5.92483
5.38 5.92587
5.39 5.92691
5.4 5.92794
5.41 5.92896
5.42 5.92998
5.43 5.93099
5.44 5.932
5.45 5.933
5.46 5.934
5.47 5.93499
5.48 5.93598
5.49 5.93696
5.5 5.93794
5.51 5.93892
5.52 5.93989
5.53 5.94085
5.54 5.94181
5.55 5.94277
5.56 5.94372
5.57 5.94467
5.58 5.94561
5.59 5.94655
5.6 5.94749
5.61 5.94842
5.62 5.94935
5.63 5.95027
5.64 5.9512
5.65 5.95211
5.66 5.95303
5.67 5.95394
5.68 5.95484
5.69 5.95575
5.7 5.95665
5.71 5.95755
5.72 5.95844
5.73 5.95933
5.74 5.96022
5.75 5.9611
5.76 5.96198
5.77 5.96286
5.78 5.96374
5.79 5.96461
5.8 5.96548
5.81 5.96634
5.82 5.96721
5.83 5.96807
5.84 5.96892
5.85 5.96978
5.86 5.97063
5.87 5.97148
5.88 5.97232
5.89 5.97316
5.9 5.974
5.91 5.97484
5.92 5.97567
5.93 5.9765
5.94 5.97733
5.95 5.97815
5.96 5.97897
5.97 5.97979
5.98 5.9806
5.99 5.98141
6 5.98222
6.01 5.98302
6.02 5.98382
6.03 5.98461
6.04 5.98541
6.05 5.9862
6.06 5.98698
6.07 5.98776
6.08 5.98854
6.09 5.98931
6.1 5.99008
6.11 5.99084
6.12 5.9916
6.13 5.99236
6.14 5.99311
6.15 5.99386
6.16 5.9946
6.17 5.99533
6.18 5.99607
6.19 5.99679
6.2 5.99751
6.21 5.99823
6.22 5.99893
6.23 5.99964
6.24 6.00033
6.25 6.00103
6.26 6.00171
6.27 6.00239
6.28 6.00306
6.29 6.00372
6.3 6.00438
6.31 6.00503
6.32 6.00567
6.33 6.0063
6.34 6.00692
6.35 6.00754
6.36 6.00815
6.37 6.00875
6.38 6.00934
6.39 6.00991
6.4 6.01048
6.41 6.01104
6.42 6.01159
6.43 6.01213
6.44 6.01266
6.45 6.01317
6.46 6.01368
6.47 6.01417
6.48 6.01465
6.49 6.01512
6.5 6.01557
6.51 6.01601
6.52 6.01644
6.53 6.01685
6.54 6.01725
6.55 6.01763
6.56 6.018
6.57 6.01835
6.58 6.01868
6.59 6.019
6.6 6.0193
6.61 6.01958
6.62 6.01985
6.63 6.02009
6.64 6.02032
6.65 6.02053
6.66 6.02071
6.67 6.02088
6.68 6.02102
6.69 6.02115
6.7 6.02125
6.71 6.02132
6.72 6.02138
6.73 6.02141
6.74 6.02141
6.75 6.02139
6.76 6.02135
6.77 6.02127
6.78 6.02118
6.79 6.02105
6.8 6.02089
6.81 6.02071
6.82 6.02049
6.83 6.02025
6.84 6.01998
6.85 6.01967
6.86 6.01933
6.87 6.01896
6.88 6.01855
6.89 6.01811
6.9 6.01763
6.91 6.01712
6.92 6.01657
6.93 6.01599
6.94 6.01537
6.95 6.0147
6.96 6.014
6.97 6.01326
6.98 6.01247
6.99 6.01165
7 6.01078
7.01 6.00986
7.02 6.00891
7.03 6.0079
7.04 6.00685
7.05 6.00576
7.06 6.00461
7.07 6.00342
7.08 6.00218
7.09 6.00089
7.1 5.99955
7.11 5.99815
7.12 5.9967
7.13 5.9952
7.14 5.99365
7.15 5.99203
7.16 5.99037
7.17 5.98864
7.18 5.98686
7.19 5.98502
7.2 5.98312
7.21 5.98116
7.22 5.97914
7.23 5.97706
7.24 5.97491
7.25 5.9727
7.26 5.97043
7.27 5.96809
7.28 5.96568
7.29 5.96321
7.3 5.96067
7.31 5.95806
7.32 5.95539
7.33 5.95264
7.34 5.94983
7.35 5.94694
7.36 5.94398
7.37 5.94095
7.38 5.93785
7.39 5.93467
7.4 5.93142
7.41 5.92809
7.42 5.92469
7.43 5.92121
7.44 5.91766
7.45 5.91403
7.46 5.91032
7.47 5.90654
7.48 5.90267
7.49 5.89873
7.5 5.89471
7.51 5.89061
7.52 5.88643
7.53 5.88218
7.54 5.87784
7.55 5.87342
7.56 5.86893
7.57 5.86435
7.58 5.8597
7.59 5.85496
7.6 5.85015
7.61 5.84525
7.62 5.84028
7.63 5.83522
7.64 5.83009
7.65 5.82488
7.66 5.81959
7.67 5.81422
7.68 5.80878
7.69 5.80325
7.7 5.79765
7.71 5.79198
7.72 5.78623
7.73 5.7804
7.74 5.7745
7.75 5.76853
7.76 5.76249
7.77 5.75637
7.78 5.75018
7.79 5.74393
7.8 5.7376
7.81 5.73121
7.82 5.72475
7.83 5.71822
7.84 5.71163
7.85 5.70498
7.86 5.69827
7.87 5.69149
7.88 5.68466
7.89 5.67777
7.9 5.67082
7.91 5.66381
7.92 5.65676
7.93 5.64965
7.94 5.64249
7.95 5.63528
7.96 5.62802
7.97 5.62072
7.98 5.61338
7.99 5.60599
8 5.59856
8.01 5.59109
8.02 5.58359
8.03 5.57604
8.04 5.56847
8.05 5.56086
8.06 5.55322
8.07 5.54555
8.08 5.53786
8.09 5.53014
8.1 5.52239
8.11 5.51462
8.12 5.50684
8.13 5.49903
8.14 5.49121
8.15 5.48337
8.16 5.47552
8.17 5.46766
8.18 5.45978
8.19 5.4519
8.2 5.44401
8.21 5.43611
8.22 5.42822
8.23 5.42031
8.24 5.41241
8.25 5.40451
8.26 5.39661
8.27 5.38872
8.28 5.38083
8.29 5.37294
8.3 5.36507
8.31 5.3572
8.32 5.34934
8.33 5.3415
8.34 5.33367
8.35 5.32585
8.36 5.31805
8.37 5.31026
8.38 5.3025
8.39 5.29475
8.4 5.28702
8.41 5.27931
8.42 5.27163
8.43 5.26397
8.44 5.25633
8.45 5.24872
8.46 5.24113
8.47 5.23357
8.48 5.22604
8.49 5.21854
8.5 5.21106
8.51 5.20362
8.52 5.19621
8.53 5.18883
8.54 5.18148
8.55 5.17416
8.56 5.16688
8.57 5.15963
8.58 5.15242
8.59 5.14524
8.6 5.1381
8.61 5.13099
8.62 5.12392
8.63 5.11689
8.64 5.1099
8.65 5.10294
8.66 5.09603
8.67 5.08915
8.68 5.08231
8.69 5.07552
8.7 5.06876
8.71 5.06204
8.72 5.05537
8.73 5.04873
8.74 5.04214
8.75 5.03558
8.76 5.02907
8.77 5.02261
8.78 5.01618
8.79 5.0098
8.8 5.00345
8.81 4.99716
8.82 4.9909
8.83 4.98469
8.84 4.97852
8.85 4.97239
8.86 4.96631
8.87 4.96027
8.88 4.95428
8.89 4.94833
8.9 4.94242
8.91 4.93655
8.92 4.93073
8.93 4.92495
8.94 4.91922
8.95 4.91353
8.96 4.90789
8.97 4.90228
8.98 4.89672
8.99 4.89121
9 4.88574
9.01 4.88031
9.02 4.87492
9.03 4.86958
9.04 4.86428
9.05 4.85903
9.06 4.85382
9.07 4.84865
9.08 4.84352
9.09 4.83844
9.1 4.8334
9.11 4.8284
9.12 4.82344
9.13 4.81852
9.14 4.81365
9.15 4.80882
9.16 4.80403
9.17 4.79928
9.18 4.79458
9.19 4.78991
9.2 4.78529
9.21 4.7807
9.22 4.77616
9.23 4.77165
9.24 4.76719
9.25 4.76277
9.26 4.75838
9.27 4.75404
9.28 4.74973
9.29 4.74547
9.3 4.74124
9.31 4.73705
9.32 4.7329
9.33 4.72878
9.34 4.72471
9.35 4.72067
9.36 4.71667
9.37 4.71271
9.38 4.70878
9.39 4.70489
9.4 4.70104
9.41 4.69722
9.42 4.69343
9.43 4.68969
9.44 4.68598
9.45 4.6823
9.46 4.67866
9.47 4.67505
9.48 4.67147
9.49 4.66793
9.5 4.66443
9.51 4.66095
9.52 4.65751
9.53 4.65411
9.54 4.65073
9.55 4.64739
9.56 4.64408
9.57 4.6408
9.58 4.63755
9.59 4.63433
9.6 4.63115
9.61 4.62799
9.62 4.62487
9.63 4.62177
9.64 4.61871
9.65 4.61567
9.66 4.61266
9.67 4.60969
9.68 4.60674
9.69 4.60382
9.7 4.60092
9.71 4.59806
9.72 4.59522
9.73 4.59241
9.74 4.58963
9.75 4.58687
9.76 4.58414
9.77 4.58144
9.78 4.57876
9.79 4.57611
9.8 4.57348
9.81 4.57088
9.82 4.5683
9.83 4.56575
9.84 4.56322
9.85 4.56072
9.86 4.55824
9.87 4.55579
9.88 4.55336
9.89 4.55095
9.9 4.54856
9.91 4.5462
9.92 4.54386
9.93 4.54154
9.94 4.53924
9.95 4.53697
9.96 4.53472
9.97 4.53249
9.98 4.53028
9.99 4.52809
10 4.52592
10.001 5
