0 0
0.01 0.458001
0.02 0.45735
0.03 0.456698
0.04 0.456046
0.05 0.455394
0.06 0.454741
0.07 0.454087
0.08 0.453433
0.09 0.452779
0.1 0.452125
0.11 0.45147
0.12 0.450814
0.13 0.450158
0.14 0.449502
0.15 0.448846
0.16 0.448189
0.17 0.447532
0.18 0.446875
0.19 0.446217
0.2 0.445559
0.21 0.444901
0.22 0.444243
0.23 0.443584
0.24 0.442925
0.25 0.442266
0.26 0.441607
0.27 0.440948
0.28 0.440288
0.29 0.439629
0.3 0.438969
0.31 0.438309
0.32 0.437649
0.33 0.436989
0.34 0.436329
0.35 0.435669
0.36 0.435009
0.37 0.434349
0.38 0.433689
0.39 0.43303
0.4 0.43237
0.41 0.43171
0.42 0.43105
0.43 0.430391
0.44 0.429731
0.45 0.429072
0.46 0.428413
0.47 0.427754
0.48 0.427096
0.49 0.426437
0.5 0.425779
0.51 0.425122
0.52 0.424464
0.53 0.423807
0.54 0.423151
0.55 0.422494
0.56 0.421838
0.57 0.421183
0.58 0.420528
0.59 0.419874
0.6 0.41922
0.61 0.418567
0.62 0.417914
0.63 0.417262
0.64 0.416611
0.65 0.41596
0.66 0.41531
0.67 0.414661
0.68 0.414013
0.69 0.413365
0.7 0.412718
0.71 0.412073
0.72 0.411428
0.73 0.410784
0.74 0.410141
0.75 0.409499
0.76 0.408859
0.77 0.408219
0.78 0.407581
0.79 0.406944
0.8 0.406308
0.81 0.405673
0.82 0.40504
0.83 0.404408
0.84 0.403778
0.85 0.403149
0.86 0.402522
0.87 0.401897
0.88 0.401273
0.89 0.400651
0.9 0.400031
0.91 0.399412
0.92 0.398796
0.93 0.398182
0.94 0.397569
0.95 0.396959
0.96 0.396351
0.97 0.395745
0.98 0.395142
0.99 0.394541
1 0.393942
1.01 0.393346
1.02 0.392753
1.03 0.392162
1.04 0.391574
1.05 0.390989
1.06 0.390407
1.07 0.389829
1.08 0.389253
1.09 0.388681
1.1 0.388111
1.11 0.387546
1.12 0.386984
1.13 0.386425
1.14 0.385871
1.15 0.38532
1.16 0.384773
1.17 0.384231
1.18 0.383692
1.19 0.383158
1.2 0.382628
1.21 0.382103
1.22 0.381583
1.23 0.381067
1.24 0.380557
1.25 0.380051
1.26 0.379551
1.27 0.379056
1.28 0.378567
1.29 0.378083
1.3 0.377605
1.31 0.377133
1.32 0.376667
1.33 0.376208
1.34 0.375755
1.35 0.375308
1.36 0.374868
1.37 0.374436
1.38 0.37401
1.39 0.373592
1.4 0.373181
1.41 0.372777
1.42 0.372382
1.43 0.371995
1.44 0.371615
1.45 0.371245
1.46 0.370882
1.47 0.370529
1.48 0.370185
1.49 0.36985
1.5 0.369524
1.51 0.369208
1.52 0.368902
1.53 0.368606
1.54 0.36832
1.55 0.368044
1.56 0.36778
1.57 0.367526
1.58 0.367284
1.59 0.367053
1.6 0.366834
1.61 0.366627
1.62 0.366432
1.63 0.366249
1.64 0.366079
1.65 0.365922
1.66 0.365778
1.67 0.365647
1.68 0.365531
1.69 0.365428
1.7 0.365339
1.71 0.365265
1.72 0.365205
1.73 0.365161
1.74 0.365132
1.75 0.365118
1.76 0.365121
1.77 0.365139
1.78 0.365174
1.79 0.365225
1.8 0.365294
1.81 0.365379
1.82 0.365482
1.83 0.365603
1.84 0.365742
1.85 0.365899
1.86 0.366075
1.87 0.36627
1.88 0.366483
1.89 0.366717
1.9 0.36697
1.91 0.367243
1.92 0.367537
1.93 0.367851
1.94 0.368186
1.95 0.368542
1.96 0.368919
1.97 0.369318
1.98 0.369739
1.99 0.370183
2 0.370649
2.01 0.371137
2.02 0.371649
2.03 0.372184
2.04 0.372743
2.05 0.373325
2.06 0.373931
2.07 0.374562
2.08 0.375218
2.09 0.375898
2.1 0.376603
2.11 0.377333
2.12 0.378089
2.13 0.378871
2.14 0.379678
2.15 0.380512
2.16 0.381372
2.17 0.382259
2.18 0.383172
2.19 0.384113
2.2 0.38508
2.21 0.386075
2.22 0.387097
2.23 0.388147
2.24 0.389225
2.25 0.39033
2.26 0.391464
2.27 0.392626
2.28 0.393816
2.29 0.395035
2.3 0.396282
2.31 0.397558
2.32 0.398863
2.33 0.400196
2.34 0.401559
2.35 0.40295
2.36 0.40437
2.37 0.40582
2.38 0.407298
2.39 0.408806
2.4 0.410342
2.41 0.411908
2.42 0.413503
2.43 0.415127
2.44 0.416781
2.45 0.418463
2.46 0.420174
2.47 0.421914
2.48 0.423683
2.49 0.425481
2.5 0.427307
2.51 0.429162
2.52 0.431046
2.53 0.432958
2.54 0.434898
2.55 0.436866
2.56 0.438863
2.57 0.440887
2.58 0.442938
2.59 0.445017
2.6 0.447123
2.61 0.449257
2.62 0.451417
2.63 0.453604
2.64 0.455817
2.65 0.458057
2.66 0.460322
2.67 0.462613
2.68 0.46493
2.69 0.467272
2.7 0.469639
2.71 0.47203
2.72 0.474446
2.73 0.476886
2.74 0.47935
2.75 0.481838
2.76 0.484349
2.77 0.486883
2.78 0.489439
2.79 0.492018
2.8 0.49462
2.81 0.497243
2.82 0.499887
2.83 0.502553
2.84 0.50524
2.85 0.507948
2.86 0.510676
2.87 0.513424
2.88 0.516193
2.89 0.51898
2.9 0.521787
2.91 0.524613
2.92 0.527458
2.93 0.530322
2.94 0.533204
2.95 0.536103
2.96 0.539021
2.97 0.541956
2.98 0.544909
2.99 0.547878
3 0.550865
3.01 0.553868
3.02 0.556888
3.03 0.559924
3.04 0.562976
3.05 0.566044
3.06 0.569128
3.07 0.572228
3.08 0.575343
3.09 0.578474
3.1 0.58162
3.11 0.584781
3.12 0.587958
3.13 0.591149
3.14 0.594355
3.15 0.597576
3.16 0.600811
3.17 0.604062
3.18 0.607326
3.19 0.610606
3.2 0.6139
3.21 0.617208
3.22 0.620531
3.23 0.623868
3.24 0.62722
3.25 0.630586
3.26 0.633967
3.27 0.637362
3.28 0.640771
3.29 0.644195
3.3 0.647634
3.31 0.651087
3.32 0.654554
3.33 0.658037
3.34 0.661534
3.35 0.665045
3.36 0.668572
3.37 0.672113
3.38 0.675669
3.39 0.67924
3.4 0.682826
3.41 0.686427
3.42 0.690043
3.43 0.693675
3.44 0.697322
3.45 0.700984
3.46 0.704662
3.47 0.708355
3.48 0.712064
3.49 0.715789
3.5 0.719529
3.51 0.723286
3.52 0.727058
3.53 0.730846
3.54 0.734651
3.55 0.738472
3.56 0.742308
3.57 0.746162
3.58 0.750031
3.59 0.753918
3.6 0.75782
3.61 0.761739
3.62 0.765675
3.63 0.769628
3.64 0.773597
3.65 0.777584
3.66 0.781587
3.67 0.785606
3.68 0.789643
3.69 0.793697
3.7 0.797768
3.71 0.801855
3.72 0.80596
3.73 0.810082
3.74 0.81422
3.75 0.818376
3.76 0.822549
3.77 0.826738
3.78 0.830945
3.79 0.835168
3.8 0.839408
3.81 0.843665
3.82 0.847939
3.83 0.85223
3.84 0.856537
3.85 0.86086
3.86 0.8652
3.87 0.869557
3.88 0.873929
3.89 0.878318
3.9 0.882723
3.91 0.887144
3.92 0.89158
3.93 0.896032
3.94 0.9005
3.95 0.904983
3.96 0.909482
3.97 0.913995
3.98 0.918523
3.99 0.923066
4 0.927624
4.01 0.932196
4.02 0.936782
4.03 0.941382
4.04 0.945996
4.05 0.950623
4.06 0.955264
4.07 0.959918
4.08 0.964584
4.09 0.969264
4.1 0.973956
4.11 0.97866
4.12 0.983376
4.13 0.988104
4.14 0.992843
4.15 0.997593
4.16 1.00235
4.17 1.00713
4.18 1.01191
4.19 1.0167
4.2 1.02151
4.21 1.02632
4.22 1.03114
4.23 1.03597
4.24 1.04081
4.25 1.04566
4.26 1.05052
4.27 1.05538
4.28 1.06025
4.29 1.06513
4.3 1.07002
4.31 1.07492
4.32 1.07982
4.33 1.08473
4.34 1.08964
4.35 1.09456
4.36 1.09949
4.37 1.10442
4.38 1.10935
4.39 1.11429
4.4 1.11924
4.41 1.12419
4.42 1.12914
4.43 1.1341
4.44 1.13906
4.45 1.14403
4.46 1.149
4.47 1.15397
4.48 1.15894
4.49 1.16392
4.5 1.1689
4.51 1.17388
4.52 1.17886
4.53 1.18384
4.54 1.18883
4.55 1.19381
4.56 1.1988
4.57 1.20379
4.58 1.20878
4.59 1.21377
4.6 1.21875
4.61 1.22374
4.62 1.22873
4.63 1.23372
4.64 1.23871
4.65 1.24369
4.66 1.24868
4.67 1.25366
4.68 1.25865
4.69 1.26363
4.7 1.26861
4.71 1.27359
4.72 1.27857
4.73 1.28354
4.74 1.28852
4.75 1.29349
4.76 1.29846
4.77 1.30342
4.78 1.30839
4.79 1.31335
4.8 1.31831
4.81 1.32326
4.82 1.32822
4.83 1.33317
4.84 1.33812
4.85 1.34306
4.86 1.348
4.87 1.35294
4.88 1.35788
4.89 1.36281
4.9 1.36774
4.91 1.37267
4.92 1.37759
4.93 1.38251
4.94 1.38742
4.95 1.39234
4.96 1.39725
4.97 1.40215
4.98 1.40706
4.99 1.41196
5 1.41685
5.01 1.42175
5.02 1.42664
5.03 1.43152
5.04 1.43641
5.05 1.44129
5.06 1.44617
5.07 1.45104
5.08 1.45591
5.09 1.46078
5.1 1.46565
5.11 1.47051
5.12 1.47538
5.13 1.48024
5.14 1.48509
5.15 1.48995
5.16 1.4948
5.17 1.49965
5.18 1.5045
5.19 1.50935
5.2 1.51419
5.21 1.51903
5.22 1.52388
5.23 1.52872
5.24 1.53356
5.25 1.5384
5.26 1.54324
5.27 1.54808
5.28 1.55291
5.29 1.55775
5.3 1.56259
5.31 1.56743
5.32 1.57227
5.33 1.5771
5.34 1.58194
5.35 1.58678
5.36 1.59163
5.37 1.59647
5.38 1.60132
5.39 1.60616
5.4 1.61101
5.41 1.61586
5.42 1.62072
5.43 1.62558
5.44 1.63044
5.45 1.6353
5.46 1.64017
5.47 1.64504
5.48 1.64991
5.49 1.65479
5.5 1.65968
5.51 1.66457
5.52 1.66947
5.53 1.67437
5.54 1.67927
5.55 1.68419
5.56 1.68911
5.57 1.69403
5.58 1.69897
5.59 1.70391
5.6 1.70886
5.61 1.71381
5.62 1.71878
5.63 1.72376
5.64 1.72874
5.65 1.73373
5.66 1.73874
5.67 1.74375
5.68 1.74877
5.69 1.75381
5.7 1.75885
5.71 1.76391
5.72 1.76898
5.73 1.77406
5.74 1.77916
5.75 1.78426
5.76 1.78938
5.77 1.79452
5.78 1.79967
5.79 1.80483
5.8 1.81001
5.81 1.8152
5.82 1.82041
5.83 1.82564
5.84 1.83088
5.85 1.83613
5.86 1.84141
5.87 1.8467
5.88 1.85201
5.89 1.85734
5.9 1.86269
5.91 1.86806
5.92 1.87344
5.93 1.87885
5.94 1.88428
5.95 1.88972
5.96 1.89519
5.97 1.90068
5.98 1.90619
5.99 1.91173
6 1.91728
6.01 1.92286
6.02 1.92847
6.03 1.93409
6.04 1.93974
6.05 1.94542
6.06 1.95112
6.07 1.95684
6.08 1.96259
6.09 1.96837
6.1 1.97417
6.11 1.98
6.12 1.98586
6.13 1.99174
6.14 1.99766
6.15 2.0036
6.16 2.00957
6.17 2.01556
6.18 2.02159
6.19 2.02765
6.2 2.03373
6.21 2.03985
6.22 2.046
6.23 2.05218
6.24 2.05839
6.25 2.06463
6.26 2.0709
6.27 2.0772
6.28 2.08354
6.29 2.08991
6.3 2.09631
6.31 2.10275
6.32 2.10922
6.33 2.11572
6.34 2.12226
6.35 2.12883
6.36 2.13544
6.37 2.14208
6.38 2.14876
6.39 2.15547
6.4 2.16222
6.41 2.169
6.42 2.17582
6.43 2.18267
6.44 2.18956
6.45 2.19649
6.46 2.20346
6.47 2.21046
6.48 2.21749
6.49 2.22457
6.5 2.23168
6.51 2.23883
6.52 2.24602
6.53 2.25324
6.54 2.26051
6.55 2.26781
6.56 2.27514
6.57 2.28252
6.58 2.28993
6.59 2.29738
6.6 2.30487
6.61 2.3124
6.62 2.31997
6.63 2.32757
6.64 2.33521
6.65 2.34289
6.66 2.35061
6.67 2.35837
6.68 2.36616
6.69 2.37399
6.7 2.38186
6.71 2.38977
6.72 2.39771
6.73 2.40569
6.74 2.41371
6.75 2.42177
6.76 2.42986
6.77 2.43799
6.78 2.44616
6.79 2.45436
6.8 2.4626
6.81 2.47088
6.82 2.47919
6.83 2.48754
6.84 2.49593
6.85 2.50434
6.86 2.5128
6.87 2.52129
6.88 2.52981
6.89 2.53837
6.9 2.54696
6.91 2.55559
6.92 2.56425
6.93 2.57294
6.94 2.58167
6.95 2.59042
6.96 2.59921
6.97 2.60803
6.98 2.61689
6.99 2.62577
7 2.63468
7.01 2.64363
7.02 2.6526
7.03 2.66161
7.04 2.67064
7.05 2.6797
7.06 2.68879
7.07 2.6979
7.08 2.70705
7.09 2.71622
7.1 2.72541
7.11 2.73464
7.12 2.74388
7.13 2.75316
7.14 2.76245
7.15 2.77177
7.16 2.78111
7.17 2.79048
7.18 2.79987
7.19 2.80928
7.2 2.81871
7.21 2.82816
7.22 2.83763
7.23 2.84712
7.24 2.85663
7.25 2.86615
7.26 2.8757
7.27 2.88526
7.28 2.89483
7.29 2.90443
7.3 2.91403
7.31 2.92366
7.32 2.93329
7.33 2.94294
7.34 2.9526
7.35 2.96227
7.36 2.97195
7.37 2.98165
7.38 2.99135
7.39 3.00106
7.4 3.01078
7.41 3.0205
7.42 3.03024
7.43 3.03997
7.44 3.04972
7.45 3.05946
7.46 3.06921
7.47 3.07896
7.48 3.08872
7.49 3.09847
7.5 3.10823
7.51 3.11798
7.52 3.12773
7.53 3.13748
7.54 3.14722
7.55 3.15696
7.56 3.16669
7.57 3.17641
7.58 3.18613
7.59 3.19584
7.6 3.20554
7.61 3.21522
7.62 3.2249
7.63 3.23456
7.64 3.24421
7.65 3.25384
7.66 3.26345
7.67 3.27305
7.68 3.28263
7.69 3.29218
7.7 3.30172
7.71 3.31123
7.72 3.32072
7.73 3.33018
7.74 3.33962
7.75 3.34903
7.76 3.3584
7.77 3.36775
7.78 3.37707
7.79 3.38635
7.8 3.3956
7.81 3.40481
7.82 3.41398
7.83 3.42312
7.84 3.43221
7.85 3.44126
7.86 3.45027
7.87 3.45923
7.88 3.46815
7.89 3.47701
7.9 3.48583
7.91 3.4946
7.92 3.50331
7.93 3.51197
7.94 3.52058
7.95 3.52913
7.96 3.53762
7.97 3.54605
7.98 3.55442
7.99 3.56272
8 3.57096
8.01 3.57914
8.02 3.58725
8.03 3.59529
8.04 3.60326
8.05 3.61116
8.06 3.61898
8.07 3.62674
8.08 3.63441
8.09 3.64201
8.1 3.64953
8.11 3.65698
8.12 3.66434
8.13 3.67162
8.14 3.67881
8.15 3.68593
8.16 3.69296
8.17 3.6999
8.18 3.70675
8.19 3.71352
8.2 3.7202
8.21 3.72678
8.22 3.73328
8.23 3.73968
8.24 3.74599
8.25 3.75221
8.26 3.75833
8.27 3.76436
8.28 3.77029
8.29 3.77613
8.3 3.78187
8.31 3.78751
8.32 3.79305
8.33 3.79849
8.34 3.80384
8.35 3.80908
8.36 3.81423
8.37 3.81927
8.38 3.82422
8.39 3.82906
8.4 3.8338
8.41 3.83845
8.42 3.84299
8.43 3.84742
8.44 3.85176
8.45 3.856
8.46 3.86013
8.47 3.86416
8.48 3.86809
8.49 3.87192
8.5 3.87565
8.51 3.87928
8.52 3.8828
8.53 3.88623
8.54 3.88955
8.55 3.89278
8.56 3.8959
8.57 3.89893
8.58 3.90185
8.59 3.90468
8.6 3.90741
8.61 3.91004
8.62 3.91258
8.63 3.91501
8.64 3.91735
8.65 3.9196
8.66 3.92175
8.67 3.9238
8.68 3.92576
8.69 3.92763
8.7 3.92941
8.71 3.93109
8.72 3.93268
8.73 3.93418
8.74 3.93559
8.75 3.93691
8.76 3.93814
8.77 3.93929
8.78 3.94035
8.79 3.94132
8.8 3.9422
8.81 3.943
8.82 3.94372
8.83 3.94435
8.84 3.9449
8.85 3.94537
8.86 3.94576
8.87 3.94607
8.88 3.9463
8.89 3.94645
8.9 3.94653
8.91 3.94652
8.92 3.94645
8.93 3.94629
8.94 3.94607
8.95 3.94577
8.96 3.9454
8.97 3.94496
8.98 3.94445
8.99 3.94386
9 3.94322
9.01 3.9425
9.02 3.94171
9.03 3.94087
9.04 3.93995
9.05 3.93897
9.06 3.93793
9.07 3.93683
9.08 3.93566
9.09 3.93444
9.1 3.93315
9.11 3.93181
9.12 3.93041
9.13 3.92895
9.14 3.92744
9.15 3.92587
9.16 3.92425
9.17 3.92257
9.18 3.92084
9.19 3.91906
9.2 3.91723
9.21 3.91535
9.22 3.91342
9.23 3.91144
9.24 3.90941
9.25 3.90734
9.26 3.90522
9.27 3.90306
9.28 3.90085
9.29 3.89859
9.3 3.8963
9.31 3.89396
9.32 3.89159
9.33 3.88917
9.34 3.88671
9.35 3.88421
9.36 3.88168
9.37 3.8791
9.38 3.87649
9.39 3.87385
9.4 3.87117
9.41 3.86845
9.42 3.8657
9.43 3.86292
9.44 3.86011
9.45 3.85726
9.46 3.85438
9.47 3.85147
9.48 3.84854
9.49 3.84557
9.5 3.84257
9.51 3.83955
9.52 3.8365
9.53 3.83342
9.54 3.83031
9.55 3.82718
9.56 3.82403
9.57 3.82085
9.58 3.81764
9.59 3.81442
9.6 3.81117
9.61 3.8079
9.62 3.8046
9.63 3.80129
9.64 3.79795
9.65 3.7946
9.66 3.79122
9.67 3.78783
9.68 3.78442
9.69 3.78099
9.7 3.77754
9.71 3.77407
9.72 3.77059
9.73 3.76709
9.74 3.76358
9.75 3.76005
9.76 3.75651
9.77 3.75295
9.78 3.74937
9.79 3.74579
9.8 3.74219
9.81 3.73858
9.82 3.73495
9.83 3.73131
9.84 3.72766
9.85 3.724
9.86 3.72033
9.87 3.71665
9.88 3.71296
9.89 3.70926
9.9 3.70555
9.91 3.70183
9.92 3.6981
9.93 3.69436
9.94 3.69062
9.95 3.68687
9.96 3.68311
9.97 3.67934
9.98 3.67556
9.99 3.67178
10 3.668
10.001 0
