0 -10
0.01 -8.3537
0.02 -8.35029
0.03 -8.34687
0.04 -8.34344
0.05 -8.33999
0.06 -8.33654
0.07 -8.33307
0.08 -8.32959
0.09 -8.3261
0.1 -8.3226
0.11 -8.31909
0.12 -8.31556
0.13 -8.31203
0.14 -8.30848
0.15 -8.30492
0.16 -8.30135
0.17 -8.29777
0.18 -8.29418
0.19 -8.29057
0.2 -8.28696
0.21 -8.28333
0.22 -8.27969
0.23 -8.27604
0.24 -8.27238
0.25 -8.2687
0.26 -8.26502
0.27 -8.26132
0.28 -8.25761
0.29 -8.25389
0.3 -8.25016
0.31 -8.24642
0.32 -8.24266
0.33 -8.2389
0.34 -8.23512
0.35 -8.23133
0.36 -8.22753
0.37 -8.22372
0.38 -8.21989
0.39 -8.21606
0.4 -8.21221
0.41 -8.20835
0.42 -8.20448
0.43 -8.2006
0.44 -8.1967
0.45 -8.1928
0.46 -8.18888
0.47 -8.18495
0.48 -8.18101
0.49 -8.17706
0.5 -8.17309
0.51 -8.16912
0.52 -8.16513
0.53 -8.16113
0.54 -8.15712
0.55 -8.1531
0.56 -8.14907
0.57 -8.14502
0.58 -8.14096
0.59 -8.1369
0.6 -8.13282
0.61 -8.12872
0.62 -8.12462
0.63 -8.1205
0.64 -8.11638
0.65 -8.11224
0.66 -8.10809
0.67 -8.10393
0.68 -8.09975
0.69 -8.09557
0.7 -8.09137
0.71 -8.08716
0.72 -8.08294
0.73 -8.07871
0.74 -8.07446
0.75 -8.07021
0.76 -8.06594
0.77 -8.06166
0.78 -8.05737
0.79 -8.05306
0.8 -8.04875
0.81 -8.04442
0.82 -8.04008
0.83 -8.03573
0.84 -8.03137
0.85 -8.027
0.86 -8.02261
0.87 -8.01821
0.88 -8.0138
0.89 -8.00938
0.9 -8.00495
0.91 -8.0005
0.92 -7.99604
0.93 -7.99157
0.94 -7.98709
0.95 -7.9826
0.96 -7.97809
0.97 -7.97357
0.98 -7.96904
0.99 -7.9645
1 -7.95994
1.01 -7.95538
1.02 -7.9508
1.03 -7.9462
1.04 -7.9416
1.05 -7.93698
1.06 -7.93235
1.07 -7.92771
1.08 -7.92305
1.09 -7.91839
1.1 -7.9137
1.11 -7.90901
1.12 -7.9043
1.13 -7.89959
1.14 -7.89485
1.15 -7.89011
1.16 -7.88535
1.17 -7.88058
1.18 -7.87579
1.19 -7.87099
1.2 -7.86618
1.21 -7.86135
1.22 -7.85651
1.23 -7.85166
1.24 -7.84679
1.25 -7.84191
1.26 -7.83701
1.27 -7.8321
1.28 -7.82717
1.29 -7.82223
1.3 -7.81728
1.31 -7.81231
1.32 -7.80732
1.33 -7.80232
1.34 -7.79731
1.35 -7.79228
1.36 -7.78723
1.37 -7.78217
1.38 -7.77709
1.39 -7.772
1.4 -7.76689
1.41 -7.76176
1.42 -7.75662
1.43 -7.75146
1.44 -7.74628
1.45 -7.74108
1.46 -7.73587
1.47 -7.73064
1.48 -7.72539
1.49 -7.72013
1.5 -7.71484
1.51 -7.70954
1.52 -7.70422
1.53 -7.69888
1.54 -7.69352
1.55 -7.68813
1.56 -7.68273
1.57 -7.67731
1.58 -7.67187
1.59 -7.66641
1.6 -7.66093
1.61 -7.65542
1.62 -7.6499
1.63 -7.64435
1.64 -7.63878
1.65 -7.63318
1.66 -7.62757
1.67 -7.62192
1.68 -7.61626
1.69 -7.61057
1.7 -7.60486
1.71 -7.59912
1.72 -7.59336
1.73 -7.58757
1.74 -7.58176
1.75 -7.57591
1.76 -7.57005
1.77 -7.56415
1.78 -7.55823
1.79 -7.55228
1.8 -7.5463
1.81 -7.54029
1.82 -7.53425
1.83 -7.52818
1.84 -7.52208
1.85 -7.51595
1.86 -7.50979
1.87 -7.5036
1.88 -7.49738
1.89 -7.49112
1.9 -7.48483
1.91 -7.4785
1.92 -7.47214
1.93 -7.46575
1.94 -7.45932
1.95 -7.45286
1.96 -7.44636
1.97 -7.43982
1.98 -7.43324
1.99 -7.42663
2 -7.41998
2.01 -7.41329
2.02 -7.40656
2.03 -7.39979
2.04 -7.39298
2.05 -7.38613
2.06 -7.37924
2.07 -7.37231
2.08 -7.36533
2.09 -7.35831
2.1 -7.35125
2.11 -7.34414
2.12 -7.33699
2.13 -7.3298
2.14 -7.32255
2.15 -7.31526
2.16 -7.30793
2.17 -7.30055
2.18 -7.29312
2.19 -7.28564
2.2 -7.27812
2.21 -7.27054
2.22 -7.26292
2.23 -7.25524
2.24 -7.24752
2.25 -7.23975
2.26 -7.23192
2.27 -7.22404
2.28 -7.21611
2.29 -7.20813
2.3 -7.2001
2.31 -7.19202
2.32 -7.18388
2.33 -7.17569
2.34 -7.16744
2.35 -7.15915
2.36 -7.15079
2.37 -7.14239
2.38 -7.13393
2.39 -7.12541
2.4 -7.11685
2.41 -7.10822
2.42 -7.09955
2.43 -7.09082
2.44 -7.08203
2.45 -7.07319
2.46 -7.0643
2.47 -7.05535
2.48 -7.04635
2.49 -7.03729
2.5 -7.02818
2.51 -7.01902
2.52 -7.00981
2.53 -7.00054
2.54 -6.99122
2.55 -6.98185
2.56 -6.97243
2.57 -6.96296
2.58 -6.95344
2.59 -6.94387
2.6 -6.93425
2.61 -6.92459
2.62 -6.91487
2.63 -6.90512
2.64 -6.89531
2.65 -6.88546
2.66 -6.87557
2.67 -6.86564
2.68 -6.85566
2.69 -6.84565
2.7 -6.8356
2.71 -6.82551
2.72 -6.81538
2.73 -6.80522
2.74 -6.79502
2.75 -6.7848
2.76 -6.77454
2.77 -6.76425
2.78 -6.75394
2.79 -6.7436
2.8 -6.73324
2.81 -6.72285
2.82 -6.71245
2.83 -6.70202
2.84 -6.69158
2.85 -6.68112
2.86 -6.67066
2.87 -6.66018
2.88 -6.64969
2.89 -6.6392
2.9 -6.6287
2.91 -6.6182
2.92 -6.60769
2.93 -6.59719
2.94 -6.5867
2.95 -6.57621
2.96 -6.56573
2.97 -6.55526
2.98 -6.54481
2.99 -6.53437
3 -6.52395
3.01 -6.51355
3.02 -6.50317
3.03 -6.49281
3.04 -6.48249
3.05 -6.47219
3.06 -6.46193
3.07 -6.4517
3.08 -6.4415
3.09 -6.43135
3.1 -6.42124
3.11 -6.41117
3.12 -6.40115
3.13 -6.39117
3.14 -6.38124
3.15 -6.37137
3.16 -6.36155
3.17 -6.35179
3.18 -6.34209
3.19 -6.33244
3.2 -6.32286
3.21 -6.31335
3.22 -6.3039
3.23 -6.29452
3.24 -6.2852
3.25 -6.27596
3.26 -6.26679
3.27 -6.2577
3.28 -6.24868
3.29 -6.23974
3.3 -6.23088
3.31 -6.2221
3.32 -6.2134
3.33 -6.20478
3.34 -6.19625
3.35 -6.1878
3.36 -6.17944
3.37 -6.17116
3.38 -6.16297
3.39 -6.15487
3.4 -6.14686
3.41 -6.13894
3.42 -6.13111
3.43 -6.12337
3.44 -6.11572
3.45 -6.10816
3.46 -6.1007
3.47 -6.09332
3.48 -6.08604
3.49 -6.07885
3.5 -6.07176
3.51 -6.06475
3.52 -6.05784
3.53 -6.05103
3.54 -6.0443
3.55 -6.03767
3.56 -6.03112
3.57 -6.02467
3.58 -6.01831
3.59 -6.01205
3.6 -6.00587
3.61 -5.99978
3.62 -5.99378
3.63 -5.98787
3.64 -5.98205
3.65 -5.97632
3.66 -5.97067
3.67 -5.96511
3.68 -5.95963
3.69 -5.95424
3.7 -5.94893
3.71 -5.94371
3.72 -5.93857
3.73 -5.93351
3.74 -5.92853
3.75 -5.92363
3.76 -5.9188
3.77 -5.91406
3.78 -5.90939
3.79 -5.9048
3.8 -5.90028
3.81 -5.89584
3.82 -5.89147
3.83 -5.88717
3.84 -5.88294
3.85 -5.87879
3.86 -5.8747
3.87 -5.87067
3.88 -5.86672
3.89 -5.86283
3.9 -5.85901
3.91 -5.85525
3.92 -5.85155
3.93 -5.84791
3.94 -5.84434
3.95 -5.84082
3.96 -5.83736
3.97 -5.83396
3.98 -5.83062
3.99 -5.82733
4 -5.8241
4.01 -5.82092
4.02 -5.81779
4.03 -5.81471
4.04 -5.81169
4.05 -5.80871
4.06 -5.80579
4.07 -5.80291
4.08 -5.80008
4.09 -5.79729
4.1 -5.79455
4.11 -5.79185
4.12 -5.7892
4.13 -5.78659
4.14 -5.78402
4.15 -5.7815
4.16 -5.77901
4.17 -5.77656
4.18 -5.77415
4.19 -5.77178
4.2 -5.76945
4.21 -5.76715
4.22 -5.76488
4.23 -5.76266
4.24 -5.76046
4.25 -5.7583
4.26 -5.75617
4.27 -5.75408
4.28 -5.75201
4.29 -5.74998
4.3 -5.74797
4.31 -5.746
4.32 -5.74405
4.33 -5.74213
4.34 -5.74024
4.35 -5.73838
4.36 -5.73654
4.37 -5.73473
4.38 -5.73294
4.39 -5.73118
4.4 -5.72944
4.41 -5.72772
4.42 -5.72603
4.43 -5.72436
4.44 -5.72271
4.45 -5.72109
4.46 -5.71948
4.47 -5.7179
4.48 -5.71633
4.49 -5.71479
4.5 -5.71326
4.51 -5.71176
4.52 -5.71027
4.53 -5.7088
4.54 -5.70734
4.55 -5.70591
4.56 -5.70449
4.57 -5.70309
4.58 -5.7017
4.59 -5.70033
4.6 -5.69897
4.61 -5.69763
4.62 -5.6963
4.63 -5.69499
4.64 -5.69369
4.65 -5.69241
4.66 -5.69114
4.67 -5.68988
4.68 -5.68863
4.69 -5.6874
4.7 -5.68618
4.71 -5.68497
4.72 -5.68377
4.73 -5.68258
4.74 -5.6814
4.75 -5.68024
4.76 -5.67908
4.77 -5.67794
4.78 -5.6768
4.79 -5.67567
4.8 -5.67456
4.81 -5.67345
4.82 -5.67235
4.83 -5.67126
4.84 -5.67018
4.85 -5.6691
4.86 -5.66803
4.87 -5.66698
4.88 -5.66592
4.89 -5.66488
4.9 -5.66384
4.91 -5.66281
4.92 -5.66179
4.93 -5.66077
4.94 -5.65976
4.95 -5.65875
4.96 -5.65776
4.97 -5.65676
4.98 -5.65577
4.99 -5.65479
5 -5.65381
5.01 -5.65284
5.02 -5.65187
5.03 -5.65091
5.04 -5.64995
5.05 -5.64899
5.06 -5.64804
5.07 -5.6471
5.08 -5.64615
5.09 -5.64521
5.1 -5.64428
5.11 -5.64334
5.12 -5.64241
5.13 -5.64149
5.14 -5.64056
5.15 -5.63964
5.16 -5.63872
5.17 -5.6378
5.18 -5.63689
5.19 -5.63598
5.2 -5.63507
5.21 -5.63416
5.22 -5.63325
5.23 -5.63234
5.24 -5.63144
5.25 -5.63054
5.26 -5.62963
5.27 -5.62873
5.28 -5.62783
5.29 -5.62693
5.3 -5.62604
5.31 -5.62514
5.32 -5.62424
5.33 -5.62334
5.34 -5.62244
5.35 -5.62155
5.36 -5.62065
5.37 -5.61975
5.38 -5.61885
5.39 -5.61795
5.4 -5.61705
5.41 -5.61615
5.42 -5.61525
5.43 -5.61435
5.44 -5.61345
5.45 -5.61254
5.46 -5.61164
5.47 -5.61073
5.48 -5.60982
5.49 -5.60891
5.5 -5.608
5.51 -5.60708
5.52 -5.60617
5.53 -5.60525
5.54 -5.60433
5.55 -5.60341
5.56 -5.60249
5.57 -5.60156
5.58 -5.60063
5.59 -5.5997
5.6 -5.59877
5.61 -5.59783
5.62 -5.59689
5.63 -5.59595
5.64 -5.59501
5.65 -5.59406
5.66 -5.59311
5.67 -5.59216
5.68 -5.5912
5.69 -5.59024
5.7 -5.58927
5.71 -5.58831
5.72 -5.58734
5.73 -5.58636
5.74 -5.58538
5.75 -5.5844
5.76 -5.58342
5.77 -5.58243
5.78 -5.58144
5.79 -5.58044
5.8 -5.57944
5.81 -5.57843
5.82 -5.57743
5.83 -5.57641
5.84 -5.5754
5.85 -5.57438
5.86 -5.57335
5.87 -5.57232
5.88 -5.57129
5.89 -5.57025
5.9 -5.56921
5.91 -5.56817
5.92 -5.56712
5.93 -5.56606
5.94 -5.565
5.95 -5.56394
5.96 -5.56287
5.97 -5.5618
5.98 -5.56073
5.99 -5.55965
6 -5.55856
6.01 -5.55747
6.02 -5.55638
6.03 -5.55529
6.04 -5.55419
6.05 -5.55308
6.06 -5.55197
6.07 -5.55086
6.08 -5.54975
6.09 -5.54863
6.1 -5.5475
6.11 -5.54637
6.12 -5.54524
6.13 -5.54411
6.14 -5.54297
6.15 -5.54183
6.16 -5.54069
6.17 -5.53954
6.18 -5.53839
6.19 -5.53724
6.2 -5.53608
6.21 -5.53492
6.22 -5.53376
6.23 -5.5326
6.24 -5.53143
6.25 -5.53026
6.26 -5.52909
6.27 -5.52792
6.28 -5.52675
6.29 -5.52558
6.3 -5.5244
6.31 -5.52322
6.32 -5.52205
6.33 -5.52087
6.34 -5.51969
6.35 -5.51852
6.36 -5.51734
6.37 -5.51616
6.38 -5.51498
6.39 -5.51381
6.4 -5.51263
6.41 -5.51146
6.42 -5.51029
6.43 -5.50912
6.44 -5.50796
6.45 -5.50679
6.46 -5.50563
6.47 -5.50448
6.48 -5.50332
6.49 -5.50217
6.5 -5.50103
6.51 -5.49989
6.52 -5.49876
6.53 -5.49763
6.54 -5.4965
6.55 -5.49539
6.56 -5.49428
6.57 -5.49318
6.58 -5.49208
6.59 -5.491
6.6 -5.48992
6.61 -5.48886
6.62 -5.4878
6.63 -5.48675
6.64 -5.48571
6.65 -5.48469
6.66 -5.48368
6.67 -5.48268
6.68 -5.48169
6.69 -5.48071
6.7 -5.47975
6.71 -5.47881
6.72 -5.47788
6.73 -5.47697
6.74 -5.47607
6.75 -5.47519
6.76 -5.47433
6.77 -5.47348
6.78 -5.47266
6.79 -5.47185
6.8 -5.47107
6.81 -5.47031
6.82 -5.46957
6.83 -5.46885
6.84 -5.46816
6.85 -5.46749
6.86 -5.46684
6.87 -5.46623
6.88 -5.46563
6.89 -5.46507
6.9 -5.46453
6.91 -5.46403
6.92 -5.46355
6.93 -5.4631
6.94 -5.46269
6.95 -5.4623
6.96 -5.46196
6.97 -5.46164
6.98 -5.46136
6.99 -5.46112
7 -5.46091
7.01 -5.46074
7.02 -5.46061
7.03 -5.46052
7.04 -5.46047
7.05 -5.46046
7.06 -5.46049
7.07 -5.46057
7.08 -5.46069
7.09 -5.46085
7.1 -5.46107
7.11 -5.46133
7.12 -5.46163
7.13 -5.46199
7.14 -5.4624
7.15 -5.46286
7.16 -5.46337
7.17 -5.46393
7.18 -5.46455
7.19 -5.46522
7.2 -5.46595
7.21 -5.46674
7.22 -5.46758
7.23 -5.46849
7.24 -5.46945
7.25 -5.47048
7.26 -5.47156
7.27 -5.47271
7.28 -5.47393
7.29 -5.47521
7.3 -5.47655
7.31 -5.47797
7.32 -5.47945
7.33 -5.481
7.34 -5.48262
7.35 -5.48431
7.36 -5.48607
7.37 -5.48791
7.38 -5.48982
7.39 -5.4918
7.4 -5.49386
7.41 -5.496
7.42 -5.49821
7.43 -5.50051
7.44 -5.50288
7.45 -5.50533
7.46 -5.50786
7.47 -5.51047
7.48 -5.51317
7.49 -5.51594
7.5 -5.51881
7.51 -5.52175
7.52 -5.52478
7.53 -5.5279
7.54 -5.5311
7.55 -5.53439
7.56 -5.53777
7.57 -5.54124
7.58 -5.54479
7.59 -5.54844
7.6 -5.55217
7.61 -5.55599
7.62 -5.55991
7.63 -5.56391
7.64 -5.56801
7.65 -5.5722
7.66 -5.57648
7.67 -5.58085
7.68 -5.58532
7.69 -5.58988
7.7 -5.59453
7.71 -5.59927
7.72 -5.60411
7.73 -5.60904
7.74 -5.61407
7.75 -5.61918
7.76 -5.6244
7.77 -5.6297
7.78 -5.6351
7.79 -5.64059
7.8 -5.64617
7.81 -5.65185
7.82 -5.65762
7.83 -5.66348
7.84 -5.66944
7.85 -5.67548
7.86 -5.68162
7.87 -5.68785
7.88 -5.69417
7.89 -5.70057
7.9 -5.70707
7.91 -5.71366
7.92 -5.72034
7.93 -5.7271
7.94 -5.73395
7.95 -5.74089
7.96 -5.74792
7.97 -5.75503
7.98 -5.76222
7.99 -5.7695
8 -5.77687
8.01 -5.78431
8.02 -5.79184
8.03 -5.79945
8.04 -5.80714
8.05 -5.8149
8.06 -5.82275
8.07 -5.83068
8.08 -5.83868
8.09 -5.84675
8.1 -5.85491
8.11 -5.86313
8.12 -5.87143
8.13 -5.8798
8.14 -5.88824
8.15 -5.89676
8.16 -5.90534
8.17 -5.91399
8.18 -5.9227
8.19 -5.93148
8.2 -5.94033
8.21 -5.94924
8.22 -5.95822
8.23 -5.96725
8.24 -5.97635
8.25 -5.98551
8.26 -5.99472
8.27 -6.004
8.28 -6.01333
8.29 -6.02271
8.3 -6.03215
8.31 -6.04164
8.32 -6.05119
8.33 -6.06078
8.34 -6.07043
8.35 -6.08013
8.36 -6.08987
8.37 -6.09966
8.38 -6.1095
8.39 -6.11938
8.4 -6.1293
8.41 -6.13927
8.42 -6.14928
8.43 -6.15933
8.44 -6.16942
8.45 -6.17955
8.46 -6.18971
8.47 -6.19991
8.48 -6.21015
8.49 -6.22042
8.5 -6.23072
8.51 -6.24105
8.52 -6.25142
8.53 -6.26182
8.54 -6.27224
8.55 -6.28269
8.56 -6.29317
8.57 -6.30368
8.58 -6.31421
8.59 -6.32476
8.6 -6.33533
8.61 -6.34593
8.62 -6.35655
8.63 -6.36719
8.64 -6.37784
8.65 -6.38852
8.66 -6.39921
8.67 -6.40991
8.68 -6.42063
8.69 -6.43136
8.7 -6.44211
8.71 -6.45287
8.72 -6.46363
8.73 -6.47441
8.74 -6.4852
8.75 -6.49599
8.76 -6.50679
8.77 -6.51759
8.78 -6.5284
8.79 -6.53922
8.8 -6.55003
8.81 -6.56085
8.82 -6.57167
8.83 -6.58249
8.84 -6.59331
8.85 -6.60412
8.86 -6.61494
8.87 -6.62575
8.88 -6.63655
8.89 -6.64735
8.9 -6.65815
8.91 -6.66893
8.92 -6.67971
8.93 -6.69048
8.94 -6.70124
8.95 -6.71199
8.96 -6.72273
8.97 -6.73345
8.98 -6.74416
8.99 -6.75486
9 -6.76555
9.01 -6.77622
9.02 -6.78687
9.03 -6.7975
9.04 -6.80812
9.05 -6.81872
9.06 -6.8293
9.07 -6.83986
9.08 -6.8504
9.09 -6.86092
9.1 -6.87142
9.11 -6.8819
9.12 -6.89235
9.13 -6.90278
9.14 -6.91318
9.15 -6.92356
9.16 -6.93391
9.17 -6.94424
9.18 -6.95453
9.19 -6.96481
9.2 -6.97505
9.21 -6.98527
9.22 -6.99545
9.23 -7.00561
9.24 -7.01573
9.25 -7.02583
9.26 -7.03589
9.27 -7.04593
9.28 -7.05593
9.29 -7.0659
9.3 -7.07583
9.31 -7.08573
9.32 -7.0956
9.33 -7.10544
9.34 -7.11523
9.35 -7.125
9.36 -7.13473
9.37 -7.14442
9.38 -7.15408
9.39 -7.1637
9.4 -7.17328
9.41 -7.18283
9.42 -7.19234
9.43 -7.20181
9.44 -7.21124
9.45 -7.22064
9.46 -7.22999
9.47 -7.23931
9.48 -7.24859
9.49 -7.25783
9.5 -7.26703
9.51 -7.27619
9.52 -7.28531
9.53 -7.2944
9.54 -7.30344
9.55 -7.31244
9.56 -7.3214
9.57 -7.33032
9.58 -7.3392
9.59 -7.34804
9.6 -7.35683
9.61 -7.36559
9.62 -7.37431
9.63 -7.38298
9.64 -7.39161
9.65 -7.4002
9.66 -7.40875
9.67 -7.41726
9.68 -7.42573
9.69 -7.43416
9.7 -7.44254
9.71 -7.45088
9.72 -7.45918
9.73 -7.46744
9.74 -7.47566
9.75 -7.48383
9.76 -7.49197
9.77 -7.50006
9.78 -7.50811
9.79 -7.51612
9.8 -7.52409
9.81 -7.53201
9.82 -7.5399
9.83 -7.54774
9.84 -7.55554
9.85 -7.5633
9.86 -7.57102
9.87 -7.5787
9.88 -7.58634
9.89 -7.59393
9.9 -7.60149
9.91 -7.609
9.92 -7.61648
9.93 -7.62391
9.94 -7.6313
9.95 -7.63865
9.96 -7.64597
9.97 -7.65324
9.98 -7.66047
9.99 -7.66766
10 -7.67482
10.001 -10
