0 5
0.01 4.03598
0.02 4.03665
0.03 4.03733
0.04 4.03802
0.05 4.03871
0.06 4.0394
0.07 4.0401
0.08 4.04081
0.09 4.04151
0.1 4.04223
0.11 4.04295
0.12 4.04367
0.13 4.0444
0.14 4.04513
0.15 4.04587
0.16 4.04661
0.17 4.04736
0.18 4.04811
0.19 4.04887
0.2 4.04963
0.21 4.0504
0.22 4.05118
0.23 4.05195
0.24 4.05274
0.25 4.05353
0.26 4.05432
0.27 4.05512
0.28 4.05592
0.29 4.05673
0.3 4.05754
0.31 4.05836
0.32 4.05919
0.33 4.06002
0.34 4.06085
0.35 4.0617
0.36 4.06254
0.37 4.06339
0.38 4.06425
0.39 4.06511
0.4 4.06598
0.41 4.06685
0.42 4.06773
0.43 4.06862
0.44 4.06951
0.45 4.07041
0.46 4.07131
0.47 4.07222
0.48 4.07313
0.49 4.07405
0.5 4.07498
0.51 4.07591
0.52 4.07685
0.53 4.07779
0.54 4.07874
0.55 4.0797
0.56 4.08067
0.57 4.08164
0.58 4.08261
0.59 4.0836
0.6 4.08459
0.61 4.08559
0.62 4.0866
0.63 4.08761
0.64 4.08863
0.65 4.08966
0.66 4.09069
0.67 4.09174
0.68 4.09279
0.69 4.09385
0.7 4.09492
0.71 4.096
0.72 4.09708
0.73 4.09818
0.74 4.09928
0.75 4.10039
0.76 4.10152
0.77 4.10265
0.78 4.10379
0.79 4.10494
0.8 4.10611
0.81 4.10728
0.82 4.10846
0.83 4.10966
0.84 4.11086
0.85 4.11208
0.86 4.11331
0.87 4.11455
0.88 4.11581
0.89 4.11708
0.9 4.11836
0.91 4.11965
0.92 4.12096
0.93 4.12228
0.94 4.12361
0.95 4.12496
0.96 4.12633
0.97 4.12771
0.98 4.1291
0.99 4.13052
1 4.13194
1.01 4.13339
1.02 4.13485
1.03 4.13633
1.04 4.13783
1.05 4.13934
1.06 4.14088
1.07 4.14243
1.08 4.144
1.09 4.14559
1.1 4.14721
1.11 4.14884
1.12 4.15049
1.13 4.15217
1.14 4.15387
1.15 4.15559
1.16 4.15733
1.17 4.1591
1.18 4.16089
1.19 4.16271
1.2 4.16455
1.21 4.16641
1.22 4.1683
1.23 4.17022
1.24 4.17217
1.25 4.17414
1.26 4.17614
1.27 4.17817
1.28 4.18023
1.29 4.18232
1.3 4.18443
1.31 4.18658
1.32 4.18876
1.33 4.19098
1.34 4.19322
1.35 4.1955
1.36 4.19781
1.37 4.20016
1.38 4.20254
1.39 4.20496
1.4 4.20742
1.41 4.20991
1.42 4.21244
1.43 4.21502
1.44 4.21763
1.45 4.22028
1.46 4.22297
1.47 4.22571
1.48 4.22849
1.49 4.23131
1.5 4.23418
1.51 4.2371
1.52 4.24007
1.53 4.24308
1.54 4.24614
1.55 4.24926
1.56 4.25242
1.57 4.25564
1.58 4.25892
1.59 4.26225
1.6 4.26564
1.61 4.26908
1.62 4.27259
1.63 4.27616
1.64 4.27979
1.65 4.28349
1.66 4.28726
1.67 4.29109
1.68 4.29499
1.69 4.29897
1.7 4.30302
1.71 4.30714
1.72 4.31135
1.73 4.31563
1.74 4.31999
1.75 4.32444
1.76 4.32898
1.77 4.3336
1.78 4.33831
1.79 4.34312
1.8 4.34802
1.81 4.35302
1.82 4.35812
1.83 4.36332
1.84 4.36863
1.85 4.37405
1.86 4.37957
1.87 4.38521
1.88 4.39096
1.89 4.39683
1.9 4.40282
1.91 4.40894
1.92 4.41518
1.93 4.42154
1.94 4.42804
1.95 4.43467
1.96 4.44143
1.97 4.44834
1.98 4.45538
1.99 4.46256
2 4.46989
2.01 4.47736
2.02 4.48498
2.03 4.49274
2.04 4.50066
2.05 4.50873
2.06 4.51695
2.07 4.52532
2.08 4.53385
2.09 4.54253
2.1 4.55136
2.11 4.56035
2.12 4.56949
2.13 4.57878
2.14 4.58822
2.15 4.59781
2.16 4.60754
2.17 4.61743
2.18 4.62745
2.19 4.63761
2.2 4.6479
2.21 4.65833
2.22 4.66888
2.23 4.67955
2.24 4.69034
2.25 4.70124
2.26 4.71225
2.27 4.72335
2.28 4.73455
2.29 4.74583
2.3 4.75719
2.31 4.76861
2.32 4.7801
2.33 4.79165
2.34 4.80323
2.35 4.81486
2.36 4.82651
2.37 4.83818
2.38 4.84986
2.39 4.86154
2.4 4.87322
2.41 4.88488
2.42 4.89651
2.43 4.90811
2.44 4.91967
2.45 4.93117
2.46 4.94262
2.47 4.954
2.48 4.96531
2.49 4.97654
2.5 4.98768
2.51 4.99873
2.52 5.00967
2.53 5.02051
2.54 5.03124
2.55 5.04185
2.56 5.05234
2.57 5.06271
2.58 5.07295
2.59 5.08305
2.6 5.09302
2.61 5.10286
2.62 5.11255
2.63 5.1221
2.64 5.13151
2.65 5.14077
2.66 5.14989
2.67 5.15886
2.68 5.16768
2.69 5.17636
2.7 5.18489
2.71 5.19328
2.72 5.20152
2.73 5.20962
2.74 5.21757
2.75 5.22538
2.76 5.23306
2.77 5.24059
2.78 5.24798
2.79 5.25524
2.8 5.26236
2.81 5.26935
2.82 5.27622
2.83 5.28295
2.84 5.28955
2.85 5.29604
2.86 5.3024
2.87 5.30864
2.88 5.31476
2.89 5.32077
2.9 5.32666
2.91 5.33244
2.92 5.33811
2.93 5.34368
2.94 5.34914
2.95 5.3545
2.96 5.35976
2.97 5.36492
2.98 5.36998
2.99 5.37495
3 5.37983
3.01 5.38461
3.02 5.38931
3.03 5.39392
3.04 5.39845
3.05 5.40289
3.06 5.40726
3.07 5.41154
3.08 5.41575
3.09 5.41988
3.1 5.42394
3.11 5.42793
3.12 5.43184
3.13 5.43569
3.14 5.43947
3.15 5.44318
3.16 5.44683
3.17 5.45042
3.18 5.45394
3.19 5.45741
3.2 5.46081
3.21 5.46416
3.22 5.46745
3.23 5.47069
3.24 5.47387
3.25 5.477
3.26 5.48008
3.27 5.48311
3.28 5.48609
3.29 5.48902
3.3 5.4919
3.31 5.49474
3.32 5.49754
3.33 5.50029
3.34 5.50299
3.35 5.50566
3.36 5.50828
3.37 5.51087
3.38 5.51341
3.39 5.51592
3.4 5.51839
3.41 5.52082
3.42 5.52321
3.43 5.52557
3.44 5.5279
3.45 5.53019
3.46 5.53245
3.47 5.53468
3.48 5.53688
3.49 5.53904
3.5 5.54118
3.51 5.54328
3.52 5.54536
3.53 5.54741
3.54 5.54943
3.55 5.55143
3.56 5.55339
3.57 5.55534
3.58 5.55725
3.59 5.55915
3.6 5.56102
3.61 5.56286
3.62 5.56468
3.63 5.56648
3.64 5.56826
3.65 5.57001
3.66 5.57175
3.67 5.57346
3.68 5.57515
3.69 5.57683
3.7 5.57848
3.71 5.58012
3.72 5.58173
3.73 5.58333
3.74 5.58491
3.75 5.58647
3.76 5.58802
3.77 5.58955
3.78 5.59106
3.79 5.59256
3.8 5.59404
3.81 5.59551
3.82 5.59696
3.83 5.5984
3.84 5.59982
3.85 5.60123
3.86 5.60263
3.87 5.60401
3.88 5.60538
3.89 5.60673
3.9 5.60808
3.91 5.60941
3.92 5.61073
3.93 5.61204
3.94 5.61334
3.95 5.61462
3.96 5.6159
3.97 5.61717
3.98 5.61842
3.99 5.61966
4 5.6209
4.01 5.62212
4.02 5.62334
4.03 5.62455
4.04 5.62574
4.05 5.62693
4.06 5.62811
4.07 5.62929
4.08 5.63045
4.09 5.6316
4.1 5.63275
4.11 5.63389
4.12 5.63503
4.13 5.63615
4.14 5.63727
4.15 5.63838
4.16 5.63949
4.17 5.64059
4.18 5.64168
4.19 5.64276
4.2 5.64384
4.21 5.64492
4.22 5.64599
4.23 5.64705
4.24 5.64811
4.25 5.64916
4.26 5.6502
4.27 5.65124
4.28 5.65228
4.29 5.65331
4.3 5.65434
4.31 5.65536
4.32 5.65638
4.33 5.65739
4.34 5.6584
4.35 5.65941
4.36 5.66041
4.37 5.66141
4.38 5.6624
4.39 5.66339
4.4 5.66438
4.41 5.66536
4.42 5.66634
4.43 5.66732
4.44 5.66829
4.45 5.66926
4.46 5.67023
4.47 5.67119
4.48 5.67215
4.49 5.67311
4.5 5.67407
4.51 5.67502
4.52 5.67597
4.53 5.67692
4.54 5.67786
4.55 5.67881
4.56 5.67975
4.57 5.68069
4.58 5.68163
4.59 5.68256
4.6 5.6835
4.61 5.68443
4.62 5.68536
4.63 5.68629
4.64 5.68721
4.65 5.68814
4.66 5.68906
4.67 5.68998
4.68 5.6909
4.69 5.69182
4.7 5.69274
4.71 5.69365
4.72 5.69457
4.73 5.69548
4.74 5.6964
4.75 5.69731
4.76 5.69822
4.77 5.69913
4.78 5.70003
4.79 5.70094
4.8 5.70185
4.81 5.70275
4.82 5.70366
4.83 5.70456
4.84 5.70546
4.85 5.70637
4.86 5.70727
4.87 5.70817
4.88 5.70907
4.89 5.70997
4.9 5.71087
4.91 5.71177
4.92 5.71266
4.93 5.71356
4.94 5.71446
4.95 5.71536
4.96 5.71625
4.97 5.71715
4.98 5.71804
4.99 5.71894
5 5.71983
5.01 5.72073
5.02 5.72162
5.03 5.72251
5.04 5.72341
5.05 5.7243
5.06 5.72519
5.07 5.72608
5.08 5.72698
5.09 5.72787
5.1 5.72876
5.11 5.72965
5.12 5.73054
5.13 5.73143
5.14 5.73232
5.15 5.73321
5.16 5.7341
5.17 5.735
5.18 5.73589
5.19 5.73678
5.2 5.73767
5.21 5.73856
5.22 5.73945
5.23 5.74034
5.24 5.74123
5.25 5.74212
5.26 5.74301
5.27 5.7439
5.28 5.74478
5.29 5.74567
5.3 5.74656
5.31 5.74745
5.32 5.74834
5.33 5.74923
5.34 5.75012
5.35 5.75101
5.36 5.7519
5.37 5.75279
5.38 5.75368
5.39 5.75457
5.4 5.75546
5.41 5.75635
5.42 5.75724
5.43 5.75813
5.44 5.75902
5.45 5.75991
5.46 5.7608
5.47 5.76169
5.48 5.76258
5.49 5.76347
5.5 5.76437
5.51 5.76526
5.52 5.76615
5.53 5.76704
5.54 5.76793
5.55 5.76883
5.56 5.76972
5.57 5.77061
5.58 5.77151
5.59 5.7724
5.6 5.77329
5.61 5.77419
5.62 5.77508
5.63 5.77598
5.64 5.77688
5.65 5.77777
5.66 5.77867
5.67 5.77957
5.68 5.78047
5.69 5.78137
5.7 5.78227
5.71 5.78317
5.72 5.78407
5.73 5.78498
5.74 5.78588
5.75 5.78679
5.76 5.78769
5.77 5.7886
5.78 5.78951
5.79 5.79042
5.8 5.79133
5.81 5.79225
5.82 5.79316
5.83 5.79408
5.84 5.795
5.85 5.79592
5.86 5.79684
5.87 5.79777
5.88 5.79869
5.89 5.79962
5.9 5.80055
5.91 5.80149
5.92 5.80243
5.93 5.80337
5.94 5.80431
5.95 5.80525
5.96 5.8062
5.97 5.80715
5.98 5.80811
5.99 5.80907
6 5.81003
6.01 5.811
6.02 5.81197
6.03 5.81294
6.04 5.81392
6.05 5.8149
6.06 5.81589
6.07 5.81688
6.08 5.81788
6.09 5.81888
6.1 5.81989
6.11 5.8209
6.12 5.82192
6.13 5.82294
6.14 5.82397
6.15 5.82501
6.16 5.82605
6.17 5.8271
6.18 5.82816
6.19 5.82922
6.2 5.83029
6.21 5.83136
6.22 5.83245
6.23 5.83354
6.24 5.83464
6.25 5.83575
6.26 5.83686
6.27 5.83799
6.28 5.83912
6.29 5.84026
6.3 5.84142
6.31 5.84258
6.32 5.84374
6.33 5.84492
6.34 5.84611
6.35 5.84731
6.36 5.84852
6.37 5.84974
6.38 5.85097
6.39 5.85221
6.4 5.85346
6.41 5.85472
6.42 5.85599
6.43 5.85727
6.44 5.85857
6.45 5.85987
6.46 5.86119
6.47 5.86252
6.48 5.86385
6.49 5.86521
6.5 5.86657
6.51 5.86794
6.52 5.86933
6.53 5.87073
6.54 5.87214
6.55 5.87356
6.56 5.87499
6.57 5.87644
6.58 5.87789
6.59 5.87936
6.6 5.88084
6.61 5.88233
6.62 5.88383
6.63 5.88534
6.64 5.88687
6.65 5.8884
6.66 5.88994
6.67 5.8915
6.68 5.89306
6.69 5.89464
6.7 5.89622
6.71 5.89781
6.72 5.89941
6.73 5.90102
6.74 5.90263
6.75 5.90425
6.76 5.90588
6.77 5.90751
6.78 5.90915
6.79 5.9108
6.8 5.91244
6.81 5.91409
6.82 5.91574
6.83 5.9174
6.84 5.91905
6.85 5.92071
6.86 5.92236
6.87 5.92401
6.88 5.92566
6.89 5.9273
6.9 5.92894
6.91 5.93057
6.92 5.93219
6.93 5.9338
6.94 5.93541
6.95 5.937
6.96 5.93857
6.97 5.94013
6.98 5.94168
6.99 5.94321
7 5.94471
7.01 5.9462
7.02 5.94766
7.03 5.9491
7.04 5.95051
7.05 5.95189
7.06 5.95323
7.07 5.95455
7.08 5.95583
7.09 5.95707
7.1 5.95827
7.11 5.95943
7.12 5.96055
7.13 5.96161
7.14 5.96263
7.15 5.9636
7.16 5.96451
7.17 5.96536
7.18 5.96616
7.19 5.96689
7.2 5.96755
7.21 5.96815
7.22 5.96867
7.23 5.96912
7.24 5.96949
7.25 5.96978
7.26 5.96999
7.27 5.97012
7.28 5.97015
7.29 5.97009
7.3 5.96993
7.31 5.96968
7.32 5.96932
7.33 5.96886
7.34 5.96828
7.35 5.9676
7.36 5.9668
7.37 5.96588
7.38 5.96484
7.39 5.96368
7.4 5.96239
7.41 5.96097
7.42 5.95941
7.43 5.95772
7.44 5.95588
7.45 5.95391
7.46 5.95178
7.47 5.94951
7.48 5.94708
7.49 5.94451
7.5 5.94177
7.51 5.93887
7.52 5.93581
7.53 5.93259
7.54 5.9292
7.55 5.92564
7.56 5.9219
7.57 5.918
7.58 5.91392
7.59 5.90966
7.6 5.90522
7.61 5.90061
7.62 5.89581
7.63 5.89083
7.64 5.88566
7.65 5.88031
7.66 5.87478
7.67 5.86906
7.68 5.86316
7.69 5.85707
7.7 5.8508
7.71 5.84434
7.72 5.8377
7.73 5.83087
7.74 5.82387
7.75 5.81668
7.76 5.80931
7.77 5.80176
7.78 5.79404
7.79 5.78614
7.8 5.77808
7.81 5.76984
7.82 5.76144
7.83 5.75288
7.84 5.74415
7.85 5.73527
7.86 5.72624
7.87 5.71706
7.88 5.70773
7.89 5.69827
7.9 5.68866
7.91 5.67893
7.92 5.66907
7.93 5.65909
7.94 5.649
7.95 5.63879
7.96 5.62848
7.97 5.61807
7.98 5.60757
7.99 5.59698
8 5.58631
8.01 5.57556
8.02 5.56474
8.03 5.55386
8.04 5.54292
8.05 5.53193
8.06 5.5209
8.07 5.50982
8.08 5.49872
8.09 5.48759
8.1 5.47644
8.11 5.46527
8.12 5.4541
8.13 5.44292
8.14 5.43175
8.15 5.42059
8.16 5.40944
8.17 5.39832
8.18 5.38722
8.19 5.37616
8.2 5.36513
8.21 5.35415
8.22 5.34321
8.23 5.33232
8.24 5.32149
8.25 5.31073
8.26 5.30002
8.27 5.28939
8.28 5.27883
8.29 5.26835
8.3 5.25795
8.31 5.24763
8.32 5.2374
8.33 5.22726
8.34 5.21722
8.35 5.20726
8.36 5.19741
8.37 5.18766
8.38 5.17801
8.39 5.16846
8.4 5.15902
8.41 5.14968
8.42 5.14046
8.43 5.13134
8.44 5.12234
8.45 5.11345
8.46 5.10467
8.47 5.096
8.48 5.08745
8.49 5.07901
8.5 5.07068
8.51 5.06247
8.52 5.05438
8.53 5.0464
8.54 5.03853
8.55 5.03078
8.56 5.02313
8.57 5.01561
8.58 5.00819
8.59 5.00089
8.6 4.99369
8.61 4.98661
8.62 4.97963
8.63 4.97277
8.64 4.96601
8.65 4.95935
8.66 4.9528
8.67 4.94636
8.68 4.94001
8.69 4.93377
8.7 4.92763
8.71 4.92158
8.72 4.91564
8.73 4.90979
8.74 4.90403
8.75 4.89837
8.76 4.8928
8.77 4.88732
8.78 4.88193
8.79 4.87663
8.8 4.87141
8.81 4.86628
8.82 4.86123
8.83 4.85626
8.84 4.85138
8.85 4.84657
8.86 4.84184
8.87 4.83719
8.88 4.83261
8.89 4.82811
8.9 4.82368
8.91 4.81932
8.92 4.81503
8.93 4.8108
8.94 4.80665
8.95 4.80256
8.96 4.79853
8.97 4.79457
8.98 4.79067
8.99 4.78682
9 4.78304
9.01 4.77932
9.02 4.77565
9.03 4.77204
9.04 4.76849
9.05 4.76498
9.06 4.76153
9.07 4.75814
9.08 4.75479
9.09 4.75149
9.1 4.74824
9.11 4.74503
9.12 4.74187
9.13 4.73876
9.14 4.73569
9.15 4.73267
9.16 4.72968
9.17 4.72674
9.18 4.72384
9.19 4.72098
9.2 4.71815
9.21 4.71537
9.22 4.71262
9.23 4.70991
9.24 4.70723
9.25 4.70459
9.26 4.70199
9.27 4.69941
9.28 4.69687
9.29 4.69436
9.3 4.69188
9.31 4.68944
9.32 4.68702
9.33 4.68463
9.34 4.68227
9.35 4.67994
9.36 4.67763
9.37 4.67535
9.38 4.6731
9.39 4.67088
9.4 4.66867
9.41 4.6665
9.42 4.66435
9.43 4.66222
9.44 4.66011
9.45 4.65803
9.46 4.65596
9.47 4.65392
9.48 4.65191
9.49 4.64991
9.5 4.64793
9.51 4.64597
9.52 4.64403
9.53 4.64211
9.54 4.64021
9.55 4.63833
9.56 4.63646
9.57 4.63461
9.58 4.63278
9.59 4.63097
9.6 4.62917
9.61 4.62739
9.62 4.62562
9.63 4.62387
9.64 4.62214
9.65 4.62042
9.66 4.61871
9.67 4.61702
9.68 4.61534
9.69 4.61367
9.7 4.61202
9.71 4.61038
9.72 4.60876
9.73 4.60715
9.74 4.60554
9.75 4.60396
9.76 4.60238
9.77 4.60081
9.78 4.59926
9.79 4.59772
9.8 4.59619
9.81 4.59467
9.82 4.59316
9.83 4.59166
9.84 4.59017
9.85 4.58869
9.86 4.58722
9.87 4.58576
9.88 4.58431
9.89 4.58287
9.9 4.58144
9.91 4.58001
9.92 4.5786
9.93 4.57719
9.94 4.5758
9.95 4.57441
9.96 4.57303
9.97 4.57166
9.98 4.57029
9.99 4.56894
10 4.56759
10.001 5
