0 -10
0.01 -8.91943
0.02 -8.915
0.03 -8.91055
0.04 -8.90606
0.05 -8.90155
0.06 -8.897
0.07 -8.89243
0.08 -8.88783
0.09 -8.8832
0.1 -8.87854
0.11 -8.87384
0.12 -8.86912
0.13 -8.86437
0.14 -8.85959
0.15 -8.85478
0.16 -8.84993
0.17 -8.84506
0.18 -8.84016
0.19 -8.83522
0.2 -8.83026
0.21 -8.82526
0.22 -8.82024
0.23 -8.81518
0.24 -8.81009
0.25 -8.80497
0.26 -8.79982
0.27 -8.79464
0.28 -8.78943
0.29 -8.78419
0.3 -8.77891
0.31 -8.7736
0.32 -8.76827
0.33 -8.7629
0.34 -8.7575
0.35 -8.75207
0.36 -8.74661
0.37 -8.74111
0.38 -8.73559
0.39 -8.73003
0.4 -8.72444
0.41 -8.71882
0.42 -8.71317
0.43 -8.70749
0.44 -8.70177
0.45 -8.69603
0.46 -8.69025
0.47 -8.68445
0.48 -8.67861
0.49 -8.67274
0.5 -8.66684
0.51 -8.66091
0.52 -8.65494
0.53 -8.64895
0.54 -8.64292
0.55 -8.63687
0.56 -8.63078
0.57 -8.62466
0.58 -8.61852
0.59 -8.61234
0.6 -8.60613
0.61 -8.59989
0.62 -8.59362
0.63 -8.58732
0.64 -8.58098
0.65 -8.57462
0.66 -8.56823
0.67 -8.56181
0.68 -8.55536
0.69 -8.54888
0.7 -8.54236
0.71 -8.53582
0.72 -8.52925
0.73 -8.52265
0.74 -8.51602
0.75 -8.50936
0.76 -8.50267
0.77 -8.49595
0.78 -8.4892
0.79 -8.48242
0.8 -8.47562
0.81 -8.46878
0.82 -8.46191
0.83 -8.45502
0.84 -8.44809
0.85 -8.44114
0.86 -8.43415
0.87 -8.42714
0.88 -8.4201
0.89 -8.41303
0.9 -8.40593
0.91 -8.39879
0.92 -8.39163
0.93 -8.38444
0.94 -8.37722
0.95 -8.36997
0.96 -8.36269
0.97 -8.35538
0.98 -8.34804
0.99 -8.34066
1 -8.33326
1.01 -8.32582
1.02 -8.31836
1.03 -8.31086
1.04 -8.30333
1.05 -8.29576
1.06 -8.28817
1.07 -8.28054
1.08 -8.27287
1.09 -8.26517
1.1 -8.25744
1.11 -8.24967
1.12 -8.24187
1.13 -8.23403
1.14 -8.22615
1.15 -8.21824
1.16 -8.21028
1.17 -8.20229
1.18 -8.19426
1.19 -8.18618
1.2 -8.17807
1.21 -8.16991
1.22 -8.16171
1.23 -8.15346
1.24 -8.14517
1.25 -8.13683
1.26 -8.12844
1.27 -8.12
1.28 -8.11151
1.29 -8.10297
1.3 -8.09438
1.31 -8.08573
1.32 -8.07703
1.33 -8.06827
1.34 -8.05945
1.35 -8.05056
1.36 -8.04162
1.37 -8.03261
1.38 -8.02353
1.39 -8.01439
1.4 -8.00517
1.41 -7.99589
1.42 -7.98652
1.43 -7.97709
1.44 -7.96757
1.45 -7.95797
1.46 -7.94829
1.47 -7.93852
1.48 -7.92866
1.49 -7.91871
1.5 -7.90867
1.51 -7.89853
1.52 -7.88829
1.53 -7.87795
1.54 -7.86751
1.55 -7.85695
1.56 -7.84629
1.57 -7.83551
1.58 -7.82461
1.59 -7.8136
1.6 -7.80246
1.61 -7.79119
1.62 -7.7798
1.63 -7.76827
1.64 -7.75661
1.65 -7.7448
1.66 -7.73286
1.67 -7.72076
1.68 -7.70852
1.69 -7.69613
1.7 -7.68358
1.71 -7.67087
1.72 -7.65799
1.73 -7.64495
1.74 -7.63174
1.75 -7.61836
1.76 -7.60481
1.77 -7.59107
1.78 -7.57715
1.79 -7.56305
1.8 -7.54877
1.81 -7.53429
1.82 -7.51962
1.83 -7.50476
1.84 -7.48971
1.85 -7.47445
1.86 -7.45899
1.87 -7.44334
1.88 -7.42748
1.89 -7.41142
1.9 -7.39515
1.91 -7.37868
1.92 -7.36201
1.93 -7.34513
1.94 -7.32804
1.95 -7.31075
1.96 -7.29326
1.97 -7.27557
1.98 -7.25768
1.99 -7.2396
2 -7.22132
2.01 -7.20285
2.02 -7.18419
2.03 -7.16535
2.04 -7.14633
2.05 -7.12714
2.06 -7.10778
2.07 -7.08826
2.08 -7.06859
2.09 -7.04876
2.1 -7.0288
2.11 -7.0087
2.12 -6.98848
2.13 -6.96815
2.14 -6.94771
2.15 -6.92717
2.16 -6.90655
2.17 -6.88586
2.18 -6.8651
2.19 -6.84429
2.2 -6.82345
2.21 -6.80257
2.22 -6.78169
2.23 -6.7608
2.24 -6.73993
2.25 -6.71908
2.26 -6.69827
2.27 -6.67751
2.28 -6.65683
2.29 -6.63622
2.3 -6.61571
2.31 -6.59531
2.32 -6.57504
2.33 -6.5549
2.34 -6.53491
2.35 -6.51508
2.36 -6.49543
2.37 -6.47598
2.38 -6.45672
2.39 -6.43768
2.4 -6.41886
2.41 -6.40028
2.42 -6.38195
2.43 -6.36388
2.44 -6.34607
2.45 -6.32853
2.46 -6.31128
2.47 -6.29433
2.48 -6.27767
2.49 -6.26131
2.5 -6.24526
2.51 -6.22953
2.52 -6.21412
2.53 -6.19903
2.54 -6.18427
2.55 -6.16983
2.56 -6.15573
2.57 -6.14195
2.58 -6.12851
2.59 -6.1154
2.6 -6.10262
2.61 -6.09017
2.62 -6.07804
2.63 -6.06625
2.64 -6.05477
2.65 -6.04362
2.66 -6.03278
2.67 -6.02226
2.68 -6.01204
2.69 -6.00213
2.7 -5.99252
2.71 -5.98321
2.72 -5.97418
2.73 -5.96545
2.74 -5.95699
2.75 -5.9488
2.76 -5.94089
2.77 -5.93323
2.78 -5.92584
2.79 -5.91869
2.8 -5.91179
2.81 -5.90512
2.82 -5.89869
2.83 -5.89249
2.84 -5.88651
2.85 -5.88074
2.86 -5.87518
2.87 -5.86982
2.88 -5.86466
2.89 -5.8597
2.9 -5.85492
2.91 -5.85031
2.92 -5.84589
2.93 -5.84163
2.94 -5.83753
2.95 -5.8336
2.96 -5.82982
2.97 -5.82619
2.98 -5.8227
2.99 -5.81935
3 -5.81613
3.01 -5.81305
3.02 -5.81009
3.03 -5.80725
3.04 -5.80453
3.05 -5.80193
3.06 -5.79943
3.07 -5.79704
3.08 -5.79475
3.09 -5.79255
3.1 -5.79046
3.11 -5.78845
3.12 -5.78653
3.13 -5.7847
3.14 -5.78294
3.15 -5.78127
3.16 -5.77967
3.17 -5.77814
3.18 -5.77669
3.19 -5.7753
3.2 -5.77398
3.21 -5.77272
3.22 -5.77152
3.23 -5.77037
3.24 -5.76929
3.25 -5.76825
3.26 -5.76727
3.27 -5.76634
3.28 -5.76545
3.29 -5.76462
3.3 -5.76382
3.31 -5.76307
3.32 -5.76235
3.33 -5.76168
3.34 -5.76104
3.35 -5.76044
3.36 -5.75987
3.37 -5.75934
3.38 -5.75884
3.39 -5.75837
3.4 -5.75792
3.41 -5.75751
3.42 -5.75712
3.43 -5.75675
3.44 -5.75642
3.45 -5.7561
3.46 -5.75581
3.47 -5.75553
3.48 -5.75528
3.49 -5.75505
3.5 -5.75484
3.51 -5.75464
3.52 -5.75446
3.53 -5.7543
3.54 -5.75415
3.55 -5.75402
3.56 -5.7539
3.57 -5.7538
3.58 -5.7537
3.59 -5.75362
3.6 -5.75356
3.61 -5.7535
3.62 -5.75345
3.63 -5.75341
3.64 -5.75338
3.65 -5.75336
3.66 -5.75335
3.67 -5.75335
3.68 -5.75335
3.69 -5.75336
3.7 -5.75338
3.71 -5.7534
3.72 -5.75343
3.73 -5.75347
3.74 -5.75351
3.75 -5.75355
3.76 -5.7536
3.77 -5.75365
3.78 -5.75371
3.79 -5.75377
3.8 -5.75383
3.81 -5.7539
3.82 -5.75397
3.83 -5.75404
3.84 -5.75411
3.85 -5.75419
3.86 -5.75426
3.87 -5.75434
3.88 -5.75442
3.89 -5.7545
3.9 -5.75458
3.91 -5.75466
3.92 -5.75474
3.93 -5.75483
3.94 -5.75491
3.95 -5.75499
3.96 -5.75507
3.97 -5.75516
3.98 -5.75524
3.99 -5.75532
4 -5.7554
4.01 -5.75548
4.02 -5.75556
4.03 -5.75563
4.04 -5.75571
4.05 -5.75579
4.06 -5.75586
4.07 -5.75593
4.08 -5.756
4.09 -5.75607
4.1 -5.75614
4.11 -5.7562
4.12 -5.75626
4.13 -5.75633
4.14 -5.75639
4.15 -5.75644
4.16 -5.7565
4.17 -5.75655
4.18 -5.7566
4.19 -5.75665
4.2 -5.75669
4.21 -5.75673
4.22 -5.75677
4.23 -5.75681
4.24 -5.75685
4.25 -5.75688
4.26 -5.75691
4.27 -5.75693
4.28 -5.75696
4.29 -5.75698
4.3 -5.757
4.31 -5.75701
4.32 -5.75702
4.33 -5.75703
4.34 -5.75704
4.35 -5.75704
4.36 -5.75704
4.37 -5.75703
4.38 -5.75703
4.39 -5.75702
4.4 -5.75701
4.41 -5.75699
4.42 -5.75697
4.43 -5.75695
4.44 -5.75692
4.45 -5.75689
4.46 -5.75686
4.47 -5.75682
4.48 -5.75678
4.49 -5.75674
4.5 -5.75669
4.51 -5.75664
4.52 -5.75659
4.53 -5.75653
4.54 -5.75648
4.55 -5.75641
4.56 -5.75635
4.57 -5.75628
4.58 -5.7562
4.59 -5.75613
4.6 -5.75604
4.61 -5.75596
4.62 -5.75587
4.63 -5.75578
4.64 -5.75569
4.65 -5.75559
4.66 -5.75549
4.67 -5.75539
4.68 -5.75528
4.69 -5.75517
4.7 -5.75505
4.71 -5.75493
4.72 -5.75481
4.73 -5.75468
4.74 -5.75456
4.75 -5.75442
4.76 -5.75429
4.77 -5.75415
4.78 -5.754
4.79 -5.75386
4.8 -5.75371
4.81 -5.75356
4.82 -5.7534
4.83 -5.75324
4.84 -5.75307
4.85 -5.75291
4.86 -5.75274
4.87 -5.75256
4.88 -5.75239
4.89 -5.7522
4.9 -5.75202
4.91 -5.75183
4.92 -5.75164
4.93 -5.75145
4.94 -5.75125
4.95 -5.75105
4.96 -5.75084
4.97 -5.75064
4.98 -5.75043
4.99 -5.75021
5 -5.74999
5.01 -5.74977
5.02 -5.74955
5.03 -5.74932
5.04 -5.74909
5.05 -5.74885
5.06 -5.74862
5.07 -5.74838
5.08 -5.74813
5.09 -5.74789
5.1 -5.74764
5.11 -5.74738
5.12 -5.74713
5.13 -5.74687
5.14 -5.7466
5.15 -5.74634
5.16 -5.74607
5.17 -5.7458
5.18 -5.74552
5.19 -5.74524
5.2 -5.74496
5.21 -5.74468
5.22 -5.74439
5.23 -5.7441
5.24 -5.74381
5.25 -5.74351
5.26 -5.74321
5.27 -5.74291
5.28 -5.7426
5.29 -5.7423
5.3 -5.74199
5.31 -5.74167
5.32 -5.74136
5.33 -5.74104
5.34 -5.74072
5.35 -5.74039
5.36 -5.74007
5.37 -5.73974
5.38 -5.7394
5.39 -5.73907
5.4 -5.73873
5.41 -5.73839
5.42 -5.73805
5.43 -5.7377
5.44 -5.73735
5.45 -5.737
5.46 -5.73665
5.47 -5.73629
5.48 -5.73593
5.49 -5.73557
5.5 -5.73521
5.51 -5.73484
5.52 -5.73447
5.53 -5.7341
5.54 -5.73373
5.55 -5.73335
5.56 -5.73297
5.57 -5.73259
5.58 -5.7322
5.59 -5.73182
5.6 -5.73143
5.61 -5.73103
5.62 -5.73064
5.63 -5.73024
5.64 -5.72984
5.65 -5.72944
5.66 -5.72903
5.67 -5.72862
5.68 -5.72821
5.69 -5.7278
5.7 -5.72738
5.71 -5.72696
5.72 -5.72654
5.73 -5.72611
5.74 -5.72568
5.75 -5.72525
5.76 -5.72482
5.77 -5.72438
5.78 -5.72394
5.79 -5.72349
5.8 -5.72304
5.81 -5.72259
5.82 -5.72213
5.83 -5.72167
5.84 -5.72121
5.85 -5.72074
5.86 -5.72026
5.87 -5.71979
5.88 -5.7193
5.89 -5.71882
5.9 -5.71833
5.91 -5.71783
5.92 -5.71733
5.93 -5.71682
5.94 -5.71631
5.95 -5.71579
5.96 -5.71527
5.97 -5.71474
5.98 -5.71421
5.99 -5.71366
6 -5.71312
6.01 -5.71256
6.02 -5.712
6.03 -5.71143
6.04 -5.71085
6.05 -5.71027
6.06 -5.70968
6.07 -5.70907
6.08 -5.70847
6.09 -5.70785
6.1 -5.70722
6.11 -5.70658
6.12 -5.70594
6.13 -5.70528
6.14 -5.70462
6.15 -5.70394
6.16 -5.70325
6.17 -5.70255
6.18 -5.70184
6.19 -5.70112
6.2 -5.70039
6.21 -5.69964
6.22 -5.69889
6.23 -5.69811
6.24 -5.69733
6.25 -5.69653
6.26 -5.69572
6.27 -5.69489
6.28 -5.69405
6.29 -5.6932
6.3 -5.69233
6.31 -5.69144
6.32 -5.69054
6.33 -5.68962
6.34 -5.68868
6.35 -5.68773
6.36 -5.68676
6.37 -5.68577
6.38 -5.68477
6.39 -5.68375
6.4 -5.68271
6.41 -5.68165
6.42 -5.68057
6.43 -5.67947
6.44 -5.67835
6.45 -5.67722
6.46 -5.67606
6.47 -5.67488
6.48 -5.67369
6.49 -5.67247
6.5 -5.67123
6.51 -5.66997
6.52 -5.66869
6.53 -5.66739
6.54 -5.66607
6.55 -5.66472
6.56 -5.66336
6.57 -5.66197
6.58 -5.66056
6.59 -5.65913
6.6 -5.65768
6.61 -5.65621
6.62 -5.65472
6.63 -5.6532
6.64 -5.65167
6.65 -5.65011
6.66 -5.64853
6.67 -5.64693
6.68 -5.64532
6.69 -5.64368
6.7 -5.64202
6.71 -5.64034
6.72 -5.63865
6.73 -5.63693
6.74 -5.6352
6.75 -5.63345
6.76 -5.63168
6.77 -5.6299
6.78 -5.6281
6.79 -5.62628
6.8 -5.62445
6.81 -5.62261
6.82 -5.62076
6.83 -5.61889
6.84 -5.61701
6.85 -5.61513
6.86 -5.61323
6.87 -5.61133
6.88 -5.60942
6.89 -5.6075
6.9 -5.60558
6.91 -5.60365
6.92 -5.60173
6.93 -5.5998
6.94 -5.59788
6.95 -5.59596
6.96 -5.59404
6.97 -5.59213
6.98 -5.59022
6.99 -5.58833
7 -5.58644
7.01 -5.58457
7.02 -5.58272
7.03 -5.58088
7.04 -5.57906
7.05 -5.57726
7.06 -5.57548
7.07 -5.57373
7.08 -5.57201
7.09 -5.57031
7.1 -5.56865
7.11 -5.56702
7.12 -5.56543
7.13 -5.56388
7.14 -5.56238
7.15 -5.56091
7.16 -5.5595
7.17 -5.55813
7.18 -5.55682
7.19 -5.55556
7.2 -5.55436
7.21 -5.55323
7.22 -5.55215
7.23 -5.55115
7.24 -5.55021
7.25 -5.54935
7.26 -5.54857
7.27 -5.54786
7.28 -5.54724
7.29 -5.5467
7.3 -5.54626
7.31 -5.5459
7.32 -5.54564
7.33 -5.54548
7.34 -5.54542
7.35 -5.54546
7.36 -5.54561
7.37 -5.54587
7.38 -5.54625
7.39 -5.54674
7.4 -5.54736
7.41 -5.54809
7.42 -5.54895
7.43 -5.54995
7.44 -5.55107
7.45 -5.55233
7.46 -5.55373
7.47 -5.55526
7.48 -5.55694
7.49 -5.55877
7.5 -5.56075
7.51 -5.56287
7.52 -5.56515
7.53 -5.56759
7.54 -5.57018
7.55 -5.57294
7.56 -5.57585
7.57 -5.57893
7.58 -5.58218
7.59 -5.58559
7.6 -5.58918
7.61 -5.59293
7.62 -5.59686
7.63 -5.60096
7.64 -5.60524
7.65 -5.60969
7.66 -5.61431
7.67 -5.61912
7.68 -5.6241
7.69 -5.62925
7.7 -5.63459
7.71 -5.6401
7.72 -5.64579
7.73 -5.65166
7.74 -5.65771
7.75 -5.66393
7.76 -5.67032
7.77 -5.67689
7.78 -5.68364
7.79 -5.69055
7.8 -5.69763
7.81 -5.70488
7.82 -5.7123
7.83 -5.71988
7.84 -5.72763
7.85 -5.73553
7.86 -5.74359
7.87 -5.7518
7.88 -5.76017
7.89 -5.76868
7.9 -5.77734
7.91 -5.78614
7.92 -5.79507
7.93 -5.80415
7.94 -5.81335
7.95 -5.82268
7.96 -5.83213
7.97 -5.8417
7.98 -5.85138
7.99 -5.86118
8 -5.87108
8.01 -5.88108
8.02 -5.89118
8.03 -5.90137
8.04 -5.91165
8.05 -5.92202
8.06 -5.93246
8.07 -5.94298
8.08 -5.95357
8.09 -5.96422
8.1 -5.97493
8.11 -5.9857
8.12 -5.99652
8.13 -6.00739
8.14 -6.0183
8.15 -6.02925
8.16 -6.04023
8.17 -6.05124
8.18 -6.06227
8.19 -6.07333
8.2 -6.0844
8.21 -6.09549
8.22 -6.10659
8.23 -6.11769
8.24 -6.12879
8.25 -6.13989
8.26 -6.15098
8.27 -6.16207
8.28 -6.17314
8.29 -6.1842
8.3 -6.19524
8.31 -6.20626
8.32 -6.21726
8.33 -6.22823
8.34 -6.23917
8.35 -6.25007
8.36 -6.26095
8.37 -6.27179
8.38 -6.28259
8.39 -6.29335
8.4 -6.30407
8.41 -6.31474
8.42 -6.32537
8.43 -6.33595
8.44 -6.34649
8.45 -6.35697
8.46 -6.36741
8.47 -6.37779
8.48 -6.38812
8.49 -6.3984
8.5 -6.40862
8.51 -6.41878
8.52 -6.4289
8.53 -6.43895
8.54 -6.44895
8.55 -6.45888
8.56 -6.46876
8.57 -6.47859
8.58 -6.48835
8.59 -6.49806
8.6 -6.5077
8.61 -6.51729
8.62 -6.52681
8.63 -6.53628
8.64 -6.54569
8.65 -6.55504
8.66 -6.56433
8.67 -6.57356
8.68 -6.58274
8.69 -6.59185
8.7 -6.60091
8.71 -6.6099
8.72 -6.61885
8.73 -6.62773
8.74 -6.63655
8.75 -6.64532
8.76 -6.65404
8.77 -6.66269
8.78 -6.67129
8.79 -6.67984
8.8 -6.68833
8.81 -6.69677
8.82 -6.70515
8.83 -6.71348
8.84 -6.72176
8.85 -6.72999
8.86 -6.73816
8.87 -6.74628
8.88 -6.75435
8.89 -6.76237
8.9 -6.77034
8.91 -6.77826
8.92 -6.78614
8.93 -6.79396
8.94 -6.80174
8.95 -6.80946
8.96 -6.81715
8.97 -6.82478
8.98 -6.83237
8.99 -6.83992
9 -6.84741
9.01 -6.85487
9.02 -6.86228
9.03 -6.86965
9.04 -6.87697
9.05 -6.88426
9.06 -6.8915
9.07 -6.8987
9.08 -6.90586
9.09 -6.91298
9.1 -6.92006
9.11 -6.92709
9.12 -6.9341
9.13 -6.94106
9.14 -6.94798
9.15 -6.95487
9.16 -6.96172
9.17 -6.96853
9.18 -6.97531
9.19 -6.98205
9.2 -6.98876
9.21 -6.99544
9.22 -7.00207
9.23 -7.00868
9.24 -7.01525
9.25 -7.02179
9.26 -7.0283
9.27 -7.03477
9.28 -7.04122
9.29 -7.04763
9.3 -7.05401
9.31 -7.06036
9.32 -7.06668
9.33 -7.07298
9.34 -7.07924
9.35 -7.08548
9.36 -7.09168
9.37 -7.09786
9.38 -7.10401
9.39 -7.11014
9.4 -7.11624
9.41 -7.12231
9.42 -7.12836
9.43 -7.13438
9.44 -7.14038
9.45 -7.14635
9.46 -7.1523
9.47 -7.15823
9.48 -7.16413
9.49 -7.17001
9.5 -7.17587
9.51 -7.1817
9.52 -7.18751
9.53 -7.1933
9.54 -7.19907
9.55 -7.20482
9.56 -7.21055
9.57 -7.21626
9.58 -7.22194
9.59 -7.22761
9.6 -7.23326
9.61 -7.23889
9.62 -7.2445
9.63 -7.2501
9.64 -7.25567
9.65 -7.26123
9.66 -7.26677
9.67 -7.27229
9.68 -7.2778
9.69 -7.28329
9.7 -7.28876
9.71 -7.29422
9.72 -7.29966
9.73 -7.30508
9.74 -7.3105
9.75 -7.31589
9.76 -7.32127
9.77 -7.32664
9.78 -7.33199
9.79 -7.33733
9.8 -7.34265
9.81 -7.34796
9.82 -7.35326
9.83 -7.35854
9.84 -7.36381
9.85 -7.36907
9.86 -7.37432
9.87 -7.37955
9.88 -7.38477
9.89 -7.38998
9.9 -7.39517
9.91 -7.40036
9.92 -7.40553
9.93 -7.41069
9.94 -7.41584
9.95 -7.42098
9.96 -7.42611
9.97 -7.43123
9.98 -7.43634
9.99 -7.44143
10 -7.44652
10.001 -10
