0 0
0.01 0.43498
0.02 0.433336
0.03 0.431685
0.04 0.430026
0.05 0.42836
0.06 0.426687
0.07 0.425006
0.08 0.423319
0.09 0.421623
0.1 0.419921
0.11 0.418212
0.12 0.416495
0.13 0.414772
0.14 0.413041
0.15 0.411304
0.16 0.409559
0.17 0.407808
0.18 0.406051
0.19 0.404286
0.2 0.402515
0.21 0.400737
0.22 0.398953
0.23 0.397163
0.24 0.395366
0.25 0.393564
0.26 0.391755
0.27 0.38994
0.28 0.388119
0.29 0.386293
0.3 0.384461
0.31 0.382623
0.32 0.38078
0.33 0.378932
0.34 0.377078
0.35 0.37522
0.36 0.373356
0.37 0.371488
0.38 0.369615
0.39 0.367738
0.4 0.365857
0.41 0.363971
0.42 0.362082
0.43 0.360189
0.44 0.358292
0.45 0.356392
0.46 0.354488
0.47 0.352582
0.48 0.350672
0.49 0.34876
0.5 0.346846
0.51 0.344929
0.52 0.343011
0.53 0.341091
0.54 0.339169
0.55 0.337246
0.56 0.335322
0.57 0.333397
0.58 0.331472
0.59 0.329546
0.6 0.32762
0.61 0.325695
0.62 0.32377
0.63 0.321846
0.64 0.319924
0.65 0.318002
0.66 0.316083
0.67 0.314166
0.68 0.312251
0.69 0.310338
0.7 0.308429
0.71 0.306523
0.72 0.304621
0.73 0.302723
0.74 0.30083
0.75 0.298941
0.76 0.297058
0.77 0.29518
0.78 0.293308
0.79 0.291442
0.8 0.289584
0.81 0.287732
0.82 0.285888
0.83 0.284052
0.84 0.282225
0.85 0.280406
0.86 0.278597
0.87 0.276798
0.88 0.275009
0.89 0.27323
0.9 0.271463
0.91 0.269708
0.92 0.267965
0.93 0.266234
0.94 0.264517
0.95 0.262814
0.96 0.261124
0.97 0.25945
0.98 0.257791
0.99 0.256148
1 0.254522
1.01 0.252913
1.02 0.251321
1.03 0.249748
1.04 0.248193
1.05 0.246658
1.06 0.245144
1.07 0.24365
1.08 0.242177
1.09 0.240727
1.1 0.239299
1.11 0.237895
1.12 0.236515
1.13 0.235159
1.14 0.23383
1.15 0.232526
1.16 0.23125
1.17 0.230002
1.18 0.228782
1.19 0.227591
1.2 0.226431
1.21 0.225301
1.22 0.224203
1.23 0.223138
1.24 0.222106
1.25 0.221109
1.26 0.220147
1.27 0.21922
1.28 0.218331
1.29 0.217479
1.3 0.216666
1.31 0.215893
1.32 0.21516
1.33 0.214468
1.34 0.213819
1.35 0.213214
1.36 0.212653
1.37 0.212137
1.38 0.211668
1.39 0.211246
1.4 0.210873
1.41 0.210549
1.42 0.210275
1.43 0.210053
1.44 0.209884
1.45 0.209768
1.46 0.209707
1.47 0.209701
1.48 0.209753
1.49 0.209862
1.5 0.21003
1.51 0.210258
1.52 0.210547
1.53 0.210898
1.54 0.211312
1.55 0.21179
1.56 0.212334
1.57 0.212943
1.58 0.21362
1.59 0.214364
1.6 0.215178
1.61 0.216062
1.62 0.217017
1.63 0.218044
1.64 0.219143
1.65 0.220316
1.66 0.221563
1.67 0.222885
1.68 0.224283
1.69 0.225757
1.7 0.227308
1.71 0.228937
1.72 0.230644
1.73 0.23243
1.74 0.234294
1.75 0.236238
1.76 0.238261
1.77 0.240364
1.78 0.242546
1.79 0.244808
1.8 0.24715
1.81 0.24957
1.82 0.25207
1.83 0.254649
1.84 0.257305
1.85 0.260039
1.86 0.26285
1.87 0.265736
1.88 0.268697
1.89 0.271732
1.9 0.274839
1.91 0.278017
1.92 0.281264
1.93 0.284579
1.94 0.287959
1.95 0.291404
1.96 0.294909
1.97 0.298475
1.98 0.302097
1.99 0.305773
2 0.309501
2.01 0.313277
2.02 0.317099
2.03 0.320964
2.04 0.324867
2.05 0.328807
2.06 0.332779
2.07 0.33678
2.08 0.340805
2.09 0.344852
2.1 0.348917
2.11 0.352995
2.12 0.357082
2.13 0.361175
2.14 0.36527
2.15 0.369362
2.16 0.373448
2.17 0.377524
2.18 0.381586
2.19 0.38563
2.2 0.389652
2.21 0.39365
2.22 0.397618
2.23 0.401555
2.24 0.405457
2.25 0.40932
2.26 0.413143
2.27 0.416922
2.28 0.420656
2.29 0.424341
2.3 0.427977
2.31 0.431561
2.32 0.435092
2.33 0.438568
2.34 0.44199
2.35 0.445355
2.36 0.448664
2.37 0.451917
2.38 0.455113
2.39 0.458253
2.4 0.461338
2.41 0.464367
2.42 0.467343
2.43 0.470266
2.44 0.473137
2.45 0.475958
2.46 0.478732
2.47 0.481458
2.48 0.48414
2.49 0.48678
2.5 0.489379
2.51 0.49194
2.52 0.494465
2.53 0.496957
2.54 0.499418
2.55 0.501851
2.56 0.504258
2.57 0.506641
2.58 0.509003
2.59 0.511347
2.6 0.513675
2.61 0.515989
2.62 0.518293
2.63 0.520587
2.64 0.522875
2.65 0.525159
2.66 0.527442
2.67 0.529724
2.68 0.532009
2.69 0.534297
2.7 0.536592
2.71 0.538895
2.72 0.541208
2.73 0.543531
2.74 0.545868
2.75 0.548219
2.76 0.550585
2.77 0.552969
2.78 0.55537
2.79 0.557791
2.8 0.560232
2.81 0.562693
2.82 0.565177
2.83 0.567682
2.84 0.570211
2.85 0.572764
2.86 0.575341
2.87 0.577942
2.88 0.580567
2.89 0.583218
2.9 0.585894
2.91 0.588594
2.92 0.59132
2.93 0.594071
2.94 0.596846
2.95 0.599646
2.96 0.602471
2.97 0.60532
2.98 0.608192
2.99 0.611087
3 0.614006
3.01 0.616947
3.02 0.619909
3.03 0.622893
3.04 0.625898
3.05 0.628923
3.06 0.631967
3.07 0.63503
3.08 0.638111
3.09 0.64121
3.1 0.644326
3.11 0.647457
3.12 0.650604
3.13 0.653766
3.14 0.656942
3.15 0.660131
3.16 0.663332
3.17 0.666546
3.18 0.66977
3.19 0.673005
3.2 0.676249
3.21 0.679503
3.22 0.682765
3.23 0.686035
3.24 0.689312
3.25 0.692595
3.26 0.695885
3.27 0.699179
3.28 0.702478
3.29 0.705782
3.3 0.709088
3.31 0.712398
3.32 0.715711
3.33 0.719025
3.34 0.722341
3.35 0.725658
3.36 0.728976
3.37 0.732294
3.38 0.735612
3.39 0.73893
3.4 0.742246
3.41 0.745562
3.42 0.748875
3.43 0.752188
3.44 0.755497
3.45 0.758805
3.46 0.76211
3.47 0.765412
3.48 0.768711
3.49 0.772007
3.5 0.775299
3.51 0.778588
3.52 0.781874
3.53 0.785155
3.54 0.788432
3.55 0.791706
3.56 0.794975
3.57 0.79824
3.58 0.801501
3.59 0.804757
3.6 0.808009
3.61 0.811257
3.62 0.814501
3.63 0.81774
3.64 0.820976
3.65 0.824206
3.66 0.827433
3.67 0.830656
3.68 0.833874
3.69 0.837089
3.7 0.8403
3.71 0.843507
3.72 0.84671
3.73 0.84991
3.74 0.853106
3.75 0.856299
3.76 0.859489
3.77 0.862676
3.78 0.86586
3.79 0.869041
3.8 0.87222
3.81 0.875396
3.82 0.878571
3.83 0.881743
3.84 0.884913
3.85 0.888083
3.86 0.89125
3.87 0.894417
3.88 0.897582
3.89 0.900747
3.9 0.903911
3.91 0.907076
3.92 0.91024
3.93 0.913404
3.94 0.916568
3.95 0.919734
3.96 0.9229
3.97 0.926068
3.98 0.929236
3.99 0.932407
4 0.935579
4.01 0.938754
4.02 0.941931
4.03 0.945111
4.04 0.948294
4.05 0.95148
4.06 0.95467
4.07 0.957863
4.08 0.961061
4.09 0.964263
4.1 0.967469
4.11 0.970681
4.12 0.973897
4.13 0.97712
4.14 0.980348
4.15 0.983581
4.16 0.986822
4.17 0.990069
4.18 0.993323
4.19 0.996584
4.2 0.999852
4.21 1.00313
4.22 1.00641
4.23 1.00971
4.24 1.01301
4.25 1.01632
4.26 1.01964
4.27 1.02297
4.28 1.02631
4.29 1.02965
4.3 1.03301
4.31 1.03638
4.32 1.03977
4.33 1.04316
4.34 1.04656
4.35 1.04998
4.36 1.05341
4.37 1.05685
4.38 1.0603
4.39 1.06377
4.4 1.06725
4.41 1.07074
4.42 1.07425
4.43 1.07778
4.44 1.08131
4.45 1.08486
4.46 1.08843
4.47 1.09201
4.48 1.09561
4.49 1.09923
4.5 1.10286
4.51 1.10651
4.52 1.11017
4.53 1.11385
4.54 1.11756
4.55 1.12127
4.56 1.12501
4.57 1.12876
4.58 1.13254
4.59 1.13633
4.6 1.14014
4.61 1.14397
4.62 1.14783
4.63 1.1517
4.64 1.15559
4.65 1.15951
4.66 1.16344
4.67 1.1674
4.68 1.17138
4.69 1.17538
4.7 1.1794
4.71 1.18345
4.72 1.18752
4.73 1.19161
4.74 1.19572
4.75 1.19986
4.76 1.20403
4.77 1.20822
4.78 1.21243
4.79 1.21667
4.8 1.22093
4.81 1.22522
4.82 1.22953
4.83 1.23388
4.84 1.23824
4.85 1.24264
4.86 1.24706
4.87 1.25151
4.88 1.25599
4.89 1.26049
4.9 1.26502
4.91 1.26958
4.92 1.27417
4.93 1.27879
4.94 1.28344
4.95 1.28812
4.96 1.29283
4.97 1.29756
4.98 1.30233
4.99 1.30713
5 1.31196
5.01 1.31682
5.02 1.32171
5.03 1.32663
5.04 1.33159
5.05 1.33658
5.06 1.34159
5.07 1.34665
5.08 1.35173
5.09 1.35685
5.1 1.362
5.11 1.36718
5.12 1.3724
5.13 1.37765
5.14 1.38294
5.15 1.38825
5.16 1.39361
5.17 1.399
5.18 1.40442
5.19 1.40988
5.2 1.41537
5.21 1.4209
5.22 1.42646
5.23 1.43206
5.24 1.4377
5.25 1.44337
5.26 1.44907
5.27 1.45481
5.28 1.46059
5.29 1.46641
5.3 1.47226
5.31 1.47815
5.32 1.48407
5.33 1.49003
5.34 1.49603
5.35 1.50206
5.36 1.50813
5.37 1.51424
5.38 1.52038
5.39 1.52657
5.4 1.53278
5.41 1.53904
5.42 1.54533
5.43 1.55166
5.44 1.55802
5.45 1.56443
5.46 1.57087
5.47 1.57734
5.48 1.58385
5.49 1.5904
5.5 1.59699
5.51 1.60361
5.52 1.61027
5.53 1.61696
5.54 1.62369
5.55 1.63045
5.56 1.63726
5.57 1.64409
5.58 1.65096
5.59 1.65787
5.6 1.66481
5.61 1.67179
5.62 1.6788
5.63 1.68585
5.64 1.69293
5.65 1.70004
5.66 1.70719
5.67 1.71437
5.68 1.72159
5.69 1.72884
5.7 1.73612
5.71 1.74343
5.72 1.75078
5.73 1.75815
5.74 1.76556
5.75 1.773
5.76 1.78047
5.77 1.78798
5.78 1.79551
5.79 1.80307
5.8 1.81067
5.81 1.81829
5.82 1.82594
5.83 1.83362
5.84 1.84133
5.85 1.84907
5.86 1.85684
5.87 1.86464
5.88 1.87246
5.89 1.88031
5.9 1.88819
5.91 1.8961
5.92 1.90403
5.93 1.91199
5.94 1.91997
5.95 1.92799
5.96 1.93603
5.97 1.94409
5.98 1.95218
5.99 1.9603
6 1.96844
6.01 1.97661
6.02 1.9848
6.03 1.99302
6.04 2.00127
6.05 2.00954
6.06 2.01783
6.07 2.02616
6.08 2.0345
6.09 2.04288
6.1 2.05128
6.11 2.0597
6.12 2.06815
6.13 2.07663
6.14 2.08514
6.15 2.09367
6.16 2.10223
6.17 2.11082
6.18 2.11943
6.19 2.12808
6.2 2.13675
6.21 2.14545
6.22 2.15419
6.23 2.16295
6.24 2.17174
6.25 2.18057
6.26 2.18943
6.27 2.19832
6.28 2.20724
6.29 2.2162
6.3 2.22519
6.31 2.23422
6.32 2.24329
6.33 2.25239
6.34 2.26153
6.35 2.27071
6.36 2.27993
6.37 2.28919
6.38 2.29849
6.39 2.30784
6.4 2.31723
6.41 2.32666
6.42 2.33614
6.43 2.34567
6.44 2.35525
6.45 2.36487
6.46 2.37454
6.47 2.38427
6.48 2.39405
6.49 2.40388
6.5 2.41377
6.51 2.42371
6.52 2.43371
6.53 2.44377
6.54 2.45389
6.55 2.46407
6.56 2.47431
6.57 2.48462
6.58 2.49498
6.59 2.50542
6.6 2.51592
6.61 2.52649
6.62 2.53713
6.63 2.54783
6.64 2.55861
6.65 2.56946
6.66 2.58039
6.67 2.59139
6.68 2.60246
6.69 2.61361
6.7 2.62484
6.71 2.63614
6.72 2.64752
6.73 2.65899
6.74 2.67053
6.75 2.68216
6.76 2.69386
6.77 2.70565
6.78 2.71753
6.79 2.72948
6.8 2.74152
6.81 2.75365
6.82 2.76586
6.83 2.77816
6.84 2.79054
6.85 2.803
6.86 2.81556
6.87 2.8282
6.88 2.84092
6.89 2.85373
6.9 2.86663
6.91 2.87961
6.92 2.89268
6.93 2.90583
6.94 2.91907
6.95 2.93239
6.96 2.94579
6.97 2.95928
6.98 2.97285
6.99 2.9865
7 3.00022
7.01 3.01403
7.02 3.02792
7.03 3.04188
7.04 3.05592
7.05 3.07004
7.06 3.08422
7.07 3.09848
7.08 3.11281
7.09 3.12721
7.1 3.14167
7.11 3.1562
7.12 3.17079
7.13 3.18544
7.14 3.20016
7.15 3.21492
7.16 3.22975
7.17 3.24463
7.18 3.25956
7.19 3.27453
7.2 3.28956
7.21 3.30462
7.22 3.31973
7.23 3.33488
7.24 3.35006
7.25 3.36528
7.26 3.38053
7.27 3.39581
7.28 3.41112
7.29 3.42644
7.3 3.44179
7.31 3.45716
7.32 3.47254
7.33 3.48794
7.34 3.50334
7.35 3.51876
7.36 3.53417
7.37 3.54959
7.38 3.56501
7.39 3.58042
7.4 3.59583
7.41 3.61123
7.42 3.62662
7.43 3.64199
7.44 3.65735
7.45 3.67268
7.46 3.688
7.47 3.70329
7.48 3.71855
7.49 3.73378
7.5 3.74898
7.51 3.76415
7.52 3.77928
7.53 3.79437
7.54 3.80942
7.55 3.82442
7.56 3.83938
7.57 3.85429
7.58 3.86915
7.59 3.88396
7.6 3.89871
7.61 3.91341
7.62 3.92804
7.63 3.94262
7.64 3.95713
7.65 3.97158
7.66 3.98597
7.67 4.00028
7.68 4.01453
7.69 4.0287
7.7 4.0428
7.71 4.05682
7.72 4.07077
7.73 4.08464
7.74 4.09843
7.75 4.11213
7.76 4.12575
7.77 4.13929
7.78 4.15274
7.79 4.16609
7.8 4.17936
7.81 4.19254
7.82 4.20562
7.83 4.2186
7.84 4.23149
7.85 4.24427
7.86 4.25696
7.87 4.26954
7.88 4.28202
7.89 4.29439
7.9 4.30665
7.91 4.3188
7.92 4.33084
7.93 4.34276
7.94 4.35457
7.95 4.36626
7.96 4.37784
7.97 4.38929
7.98 4.40062
7.99 4.41182
8 4.4229
8.01 4.43385
8.02 4.44467
8.03 4.45535
8.04 4.46591
8.05 4.47632
8.06 4.4866
8.07 4.49675
8.08 4.50675
8.09 4.51661
8.1 4.52633
8.11 4.5359
8.12 4.54533
8.13 4.55461
8.14 4.56375
8.15 4.57273
8.16 4.58156
8.17 4.59024
8.18 4.59877
8.19 4.60715
8.2 4.61537
8.21 4.62343
8.22 4.63134
8.23 4.6391
8.24 4.64669
8.25 4.65413
8.26 4.66141
8.27 4.66854
8.28 4.6755
8.29 4.68231
8.3 4.68896
8.31 4.69546
8.32 4.70179
8.33 4.70797
8.34 4.71399
8.35 4.71985
8.36 4.72556
8.37 4.73111
8.38 4.73651
8.39 4.74176
8.4 4.74685
8.41 4.75179
8.42 4.75657
8.43 4.76121
8.44 4.7657
8.45 4.77004
8.46 4.77424
8.47 4.77829
8.48 4.78219
8.49 4.78595
8.5 4.78957
8.51 4.79305
8.52 4.79639
8.53 4.7996
8.54 4.80267
8.55 4.80561
8.56 4.80841
8.57 4.81108
8.58 4.81363
8.59 4.81605
8.6 4.81834
8.61 4.82051
8.62 4.82256
8.63 4.82448
8.64 4.82629
8.65 4.82798
8.66 4.82956
8.67 4.83102
8.68 4.83238
8.69 4.83362
8.7 4.83475
8.71 4.83578
8.72 4.83671
8.73 4.83753
8.74 4.83825
8.75 4.83887
8.76 4.8394
8.77 4.83983
8.78 4.84016
8.79 4.8404
8.8 4.84056
8.81 4.84062
8.82 4.8406
8.83 4.84049
8.84 4.84029
8.85 4.84001
8.86 4.83965
8.87 4.83922
8.88 4.8387
8.89 4.83811
8.9 4.83744
8.91 4.8367
8.92 4.83588
8.93 4.835
8.94 4.83404
8.95 4.83302
8.96 4.83193
8.97 4.83077
8.98 4.82955
8.99 4.82827
9 4.82692
9.01 4.82551
9.02 4.82404
9.03 4.82252
9.04 4.82093
9.05 4.81929
9.06 4.81759
9.07 4.81584
9.08 4.81404
9.09 4.81218
9.1 4.81027
9.11 4.80831
9.12 4.80631
9.13 4.80425
9.14 4.80214
9.15 4.79999
9.16 4.79779
9.17 4.79554
9.18 4.79325
9.19 4.79092
9.2 4.78854
9.21 4.78612
9.22 4.78366
9.23 4.78116
9.24 4.77861
9.25 4.77603
9.26 4.77341
9.27 4.77074
9.28 4.76804
9.29 4.7653
9.3 4.76253
9.31 4.75972
9.32 4.75687
9.33 4.75398
9.34 4.75107
9.35 4.74811
9.36 4.74512
9.37 4.7421
9.38 4.73905
9.39 4.73596
9.4 4.73284
9.41 4.72969
9.42 4.7265
9.43 4.72328
9.44 4.72004
9.45 4.71676
9.46 4.71345
9.47 4.71011
9.48 4.70674
9.49 4.70335
9.5 4.69992
9.51 4.69646
9.52 4.69298
9.53 4.68946
9.54 4.68592
9.55 4.68235
9.56 4.67876
9.57 4.67513
9.58 4.67148
9.59 4.6678
9.6 4.6641
9.61 4.66037
9.62 4.65661
9.63 4.65283
9.64 4.64902
9.65 4.64518
9.66 4.64132
9.67 4.63743
9.68 4.63352
9.69 4.62959
9.7 4.62563
9.71 4.62164
9.72 4.61763
9.73 4.6136
9.74 4.60954
9.75 4.60546
9.76 4.60136
9.77 4.59723
9.78 4.59308
9.79 4.58891
9.8 4.58471
9.81 4.58049
9.82 4.57625
9.83 4.57199
9.84 4.5677
9.85 4.56339
9.86 4.55906
9.87 4.55471
9.88 4.55034
9.89 4.54595
9.9 4.54153
9.91 4.5371
9.92 4.53264
9.93 4.52817
9.94 4.52367
9.95 4.51915
9.96 4.51462
9.97 4.51006
9.98 4.50549
9.99 4.5009
10 4.49628
10.001 0
