0 5
0.01 4.27786
0.02 4.2791
0.03 4.28036
0.04 4.28164
0.05 4.28293
0.06 4.28424
0.07 4.28557
0.08 4.28691
0.09 4.28827
0.1 4.28964
0.11 4.29103
0.12 4.29243
0.13 4.29386
0.14 4.2953
0.15 4.29675
0.16 4.29823
0.17 4.29972
0.18 4.30123
0.19 4.30275
0.2 4.30429
0.21 4.30585
0.22 4.30743
0.23 4.30902
0.24 4.31064
0.25 4.31227
0.26 4.31391
0.27 4.31558
0.28 4.31726
0.29 4.31897
0.3 4.32069
0.31 4.32242
0.32 4.32418
0.33 4.32595
0.34 4.32775
0.35 4.32956
0.36 4.33139
0.37 4.33324
0.38 4.33511
0.39 4.33699
0.4 4.3389
0.41 4.34082
0.42 4.34276
0.43 4.34473
0.44 4.34671
0.45 4.34871
0.46 4.35073
0.47 4.35276
0.48 4.35482
0.49 4.3569
0.5 4.359
0.51 4.36111
0.52 4.36325
0.53 4.36541
0.54 4.36758
0.55 4.36978
0.56 4.372
0.57 4.37423
0.58 4.37649
0.59 4.37876
0.6 4.38106
0.61 4.38338
0.62 4.38572
0.63 4.38808
0.64 4.39045
0.65 4.39286
0.66 4.39528
0.67 4.39772
0.68 4.40018
0.69 4.40267
0.7 4.40517
0.71 4.4077
0.72 4.41025
0.73 4.41283
0.74 4.41542
0.75 4.41804
0.76 4.42067
0.77 4.42334
0.78 4.42602
0.79 4.42873
0.8 4.43146
0.81 4.43421
0.82 4.43699
0.83 4.43979
0.84 4.44261
0.85 4.44546
0.86 4.44833
0.87 4.45123
0.88 4.45415
0.89 4.45709
0.9 4.46007
0.91 4.46306
0.92 4.46608
0.93 4.46913
0.94 4.47221
0.95 4.47531
0.96 4.47844
0.97 4.48159
0.98 4.48477
0.99 4.48798
1 4.49122
1.01 4.49448
1.02 4.49778
1.03 4.5011
1.04 4.50445
1.05 4.50783
1.06 4.51124
1.07 4.51468
1.08 4.51815
1.09 4.52165
1.1 4.52519
1.11 4.52875
1.12 4.53234
1.13 4.53597
1.14 4.53963
1.15 4.54332
1.16 4.54705
1.17 4.5508
1.18 4.5546
1.19 4.55842
1.2 4.56228
1.21 4.56618
1.22 4.5701
1.23 4.57407
1.24 4.57807
1.25 4.58211
1.26 4.58618
1.27 4.59029
1.28 4.59443
1.29 4.59862
1.3 4.60284
1.31 4.60709
1.32 4.61139
1.33 4.61572
1.34 4.6201
1.35 4.62451
1.36 4.62896
1.37 4.63345
1.38 4.63798
1.39 4.64254
1.4 4.64715
1.41 4.6518
1.42 4.65649
1.43 4.66121
1.44 4.66598
1.45 4.67079
1.46 4.67564
1.47 4.68053
1.48 4.68546
1.49 4.69043
1.5 4.69544
1.51 4.70049
1.52 4.70558
1.53 4.71071
1.54 4.71589
1.55 4.7211
1.56 4.72635
1.57 4.73164
1.58 4.73697
1.59 4.74234
1.6 4.74775
1.61 4.7532
1.62 4.75868
1.63 4.7642
1.64 4.76977
1.65 4.77536
1.66 4.781
1.67 4.78667
1.68 4.79237
1.69 4.79811
1.7 4.80389
1.71 4.8097
1.72 4.81554
1.73 4.82142
1.74 4.82732
1.75 4.83326
1.76 4.83923
1.77 4.84523
1.78 4.85125
1.79 4.85731
1.8 4.86339
1.81 4.8695
1.82 4.87563
1.83 4.88179
1.84 4.88797
1.85 4.89417
1.86 4.90039
1.87 4.90664
1.88 4.9129
1.89 4.91918
1.9 4.92548
1.91 4.9318
1.92 4.93812
1.93 4.94447
1.94 4.95082
1.95 4.95719
1.96 4.96356
1.97 4.96995
1.98 4.97634
1.99 4.98274
2 4.98914
2.01 4.99555
2.02 5.00196
2.03 5.00837
2.04 5.01479
2.05 5.0212
2.06 5.02761
2.07 5.03401
2.08 5.04042
2.09 5.04681
2.1 5.0532
2.11 5.05958
2.12 5.06596
2.13 5.07232
2.14 5.07867
2.15 5.08501
2.16 5.09133
2.17 5.09764
2.18 5.10393
2.19 5.11021
2.2 5.11647
2.21 5.12271
2.22 5.12892
2.23 5.13512
2.24 5.1413
2.25 5.14745
2.26 5.15358
2.27 5.15969
2.28 5.16577
2.29 5.17182
2.3 5.17785
2.31 5.18385
2.32 5.18982
2.33 5.19576
2.34 5.20167
2.35 5.20756
2.36 5.21341
2.37 5.21922
2.38 5.22501
2.39 5.23076
2.4 5.23648
2.41 5.24217
2.42 5.24782
2.43 5.25344
2.44 5.25902
2.45 5.26456
2.46 5.27007
2.47 5.27555
2.48 5.28099
2.49 5.28639
2.5 5.29175
2.51 5.29708
2.52 5.30236
2.53 5.30761
2.54 5.31283
2.55 5.318
2.56 5.32314
2.57 5.32823
2.58 5.33329
2.59 5.33832
2.6 5.3433
2.61 5.34824
2.62 5.35315
2.63 5.35801
2.64 5.36284
2.65 5.36763
2.66 5.37238
2.67 5.3771
2.68 5.38177
2.69 5.38641
2.7 5.39101
2.71 5.39557
2.72 5.40009
2.73 5.40458
2.74 5.40903
2.75 5.41344
2.76 5.41781
2.77 5.42215
2.78 5.42645
2.79 5.43071
2.8 5.43494
2.81 5.43913
2.82 5.44328
2.83 5.4474
2.84 5.45149
2.85 5.45554
2.86 5.45955
2.87 5.46353
2.88 5.46747
2.89 5.47139
2.9 5.47526
2.91 5.47911
2.92 5.48292
2.93 5.4867
2.94 5.49044
2.95 5.49416
2.96 5.49784
2.97 5.50149
2.98 5.50511
2.99 5.5087
3 5.51225
3.01 5.51578
3.02 5.51928
3.03 5.52274
3.04 5.52618
3.05 5.52959
3.06 5.53297
3.07 5.53632
3.08 5.53964
3.09 5.54294
3.1 5.5462
3.11 5.54944
3.12 5.55266
3.13 5.55584
3.14 5.559
3.15 5.56214
3.16 5.56525
3.17 5.56833
3.18 5.57139
3.19 5.57442
3.2 5.57743
3.21 5.58041
3.22 5.58338
3.23 5.58631
3.24 5.58923
3.25 5.59212
3.26 5.59499
3.27 5.59783
3.28 5.60066
3.29 5.60346
3.3 5.60624
3.31 5.609
3.32 5.61174
3.33 5.61446
3.34 5.61716
3.35 5.61984
3.36 5.6225
3.37 5.62513
3.38 5.62775
3.39 5.63035
3.4 5.63294
3.41 5.6355
3.42 5.63805
3.43 5.64057
3.44 5.64308
3.45 5.64558
3.46 5.64805
3.47 5.65051
3.48 5.65295
3.49 5.65538
3.5 5.65779
3.51 5.66018
3.52 5.66256
3.53 5.66492
3.54 5.66727
3.55 5.6696
3.56 5.67191
3.57 5.67422
3.58 5.6765
3.59 5.67878
3.6 5.68104
3.61 5.68329
3.62 5.68552
3.63 5.68774
3.64 5.68994
3.65 5.69214
3.66 5.69432
3.67 5.69649
3.68 5.69864
3.69 5.70079
3.7 5.70292
3.71 5.70504
3.72 5.70715
3.73 5.70925
3.74 5.71134
3.75 5.71341
3.76 5.71548
3.77 5.71753
3.78 5.71958
3.79 5.72161
3.8 5.72363
3.81 5.72565
3.82 5.72765
3.83 5.72965
3.84 5.73163
3.85 5.73361
3.86 5.73558
3.87 5.73753
3.88 5.73948
3.89 5.74142
3.9 5.74336
3.91 5.74528
3.92 5.7472
3.93 5.7491
3.94 5.751
3.95 5.7529
3.96 5.75478
3.97 5.75666
3.98 5.75853
3.99 5.76039
4 5.76224
4.01 5.76409
4.02 5.76593
4.03 5.76777
4.04 5.7696
4.05 5.77142
4.06 5.77324
4.07 5.77505
4.08 5.77685
4.09 5.77865
4.1 5.78044
4.11 5.78223
4.12 5.78401
4.13 5.78578
4.14 5.78755
4.15 5.78932
4.16 5.79107
4.17 5.79283
4.18 5.79458
4.19 5.79632
4.2 5.79806
4.21 5.7998
4.22 5.80153
4.23 5.80325
4.24 5.80498
4.25 5.80669
4.26 5.80841
4.27 5.81012
4.28 5.81182
4.29 5.81352
4.3 5.81522
4.31 5.81692
4.32 5.81861
4.33 5.82029
4.34 5.82198
4.35 5.82366
4.36 5.82533
4.37 5.82701
4.38 5.82868
4.39 5.83034
4.4 5.83201
4.41 5.83367
4.42 5.83533
4.43 5.83699
4.44 5.83864
4.45 5.84029
4.46 5.84194
4.47 5.84358
4.48 5.84523
4.49 5.84687
4.5 5.84851
4.51 5.85015
4.52 5.85178
4.53 5.85341
4.54 5.85504
4.55 5.85667
4.56 5.8583
4.57 5.85992
4.58 5.86155
4.59 5.86317
4.6 5.86479
4.61 5.86641
4.62 5.86802
4.63 5.86964
4.64 5.87125
4.65 5.87287
4.66 5.87448
4.67 5.87609
4.68 5.8777
4.69 5.87931
4.7 5.88091
4.71 5.88252
4.72 5.88412
4.73 5.88573
4.74 5.88733
4.75 5.88893
4.76 5.89053
4.77 5.89213
4.78 5.89373
4.79 5.89533
4.8 5.89693
4.81 5.89853
4.82 5.90013
4.83 5.90173
4.84 5.90332
4.85 5.90492
4.86 5.90651
4.87 5.90811
4.88 5.9097
4.89 5.9113
4.9 5.91289
4.91 5.91449
4.92 5.91608
4.93 5.91768
4.94 5.91927
4.95 5.92086
4.96 5.92246
4.97 5.92405
4.98 5.92564
4.99 5.92724
5 5.92883
5.01 5.93043
5.02 5.93202
5.03 5.93362
5.04 5.93521
5.05 5.93681
5.06 5.9384
5.07 5.94
5.08 5.94159
5.09 5.94319
5.1 5.94479
5.11 5.94638
5.12 5.94798
5.13 5.94958
5.14 5.95118
5.15 5.95278
5.16 5.95438
5.17 5.95598
5.18 5.95758
5.19 5.95918
5.2 5.96078
5.21 5.96239
5.22 5.96399
5.23 5.96559
5.24 5.9672
5.25 5.96881
5.26 5.97041
5.27 5.97202
5.28 5.97363
5.29 5.97524
5.3 5.97685
5.31 5.97846
5.32 5.98008
5.33 5.98169
5.34 5.98331
5.35 5.98492
5.36 5.98654
5.37 5.98816
5.38 5.98978
5.39 5.9914
5.4 5.99302
5.41 5.99465
5.42 5.99627
5.43 5.9979
5.44 5.99953
5.45 6.00116
5.46 6.00279
5.47 6.00442
5.48 6.00606
5.49 6.00769
5.5 6.00933
5.51 6.01097
5.52 6.01261
5.53 6.01426
5.54 6.0159
5.55 6.01755
5.56 6.0192
5.57 6.02085
5.58 6.0225
5.59 6.02416
5.6 6.02582
5.61 6.02748
5.62 6.02914
5.63 6.03081
5.64 6.03248
5.65 6.03415
5.66 6.03582
5.67 6.0375
5.68 6.03918
5.69 6.04086
5.7 6.04255
5.71 6.04423
5.72 6.04593
5.73 6.04762
5.74 6.04932
5.75 6.05102
5.76 6.05273
5.77 6.05444
5.78 6.05615
5.79 6.05786
5.8 6.05958
5.81 6.06131
5.82 6.06304
5.83 6.06477
5.84 6.06651
5.85 6.06825
5.86 6.07
5.87 6.07175
5.88 6.07351
5.89 6.07527
5.9 6.07703
5.91 6.07881
5.92 6.08058
5.93 6.08237
5.94 6.08416
5.95 6.08595
5.96 6.08775
5.97 6.08956
5.98 6.09137
5.99 6.09319
6 6.09502
6.01 6.09685
6.02 6.09869
6.03 6.10054
6.04 6.10239
6.05 6.10425
6.06 6.10612
6.07 6.108
6.08 6.10988
6.09 6.11178
6.1 6.11368
6.11 6.11559
6.12 6.1175
6.13 6.11943
6.14 6.12137
6.15 6.12331
6.16 6.12527
6.17 6.12723
6.18 6.1292
6.19 6.13118
6.2 6.13318
6.21 6.13518
6.22 6.13719
6.23 6.13921
6.24 6.14125
6.25 6.14329
6.26 6.14535
6.27 6.14741
6.28 6.14949
6.29 6.15157
6.3 6.15367
6.31 6.15578
6.32 6.1579
6.33 6.16004
6.34 6.16218
6.35 6.16433
6.36 6.1665
6.37 6.16868
6.38 6.17087
6.39 6.17307
6.4 6.17528
6.41 6.1775
6.42 6.17974
6.43 6.18199
6.44 6.18424
6.45 6.18651
6.46 6.18879
6.47 6.19108
6.48 6.19338
6.49 6.19569
6.5 6.19801
6.51 6.20034
6.52 6.20268
6.53 6.20503
6.54 6.20739
6.55 6.20976
6.56 6.21213
6.57 6.21451
6.58 6.2169
6.59 6.2193
6.6 6.2217
6.61 6.2241
6.62 6.22651
6.63 6.22892
6.64 6.23134
6.65 6.23375
6.66 6.23617
6.67 6.23859
6.68 6.24101
6.69 6.24342
6.7 6.24583
6.71 6.24824
6.72 6.25064
6.73 6.25303
6.74 6.25541
6.75 6.25778
6.76 6.26014
6.77 6.26249
6.78 6.26482
6.79 6.26714
6.8 6.26943
6.81 6.27171
6.82 6.27396
6.83 6.27619
6.84 6.27839
6.85 6.28056
6.86 6.28269
6.87 6.28479
6.88 6.28686
6.89 6.28888
6.9 6.29086
6.91 6.2928
6.92 6.29469
6.93 6.29652
6.94 6.29831
6.95 6.30003
6.96 6.30169
6.97 6.30329
6.98 6.30482
6.99 6.30628
7 6.30766
7.01 6.30897
7.02 6.31019
7.03 6.31133
7.04 6.31237
7.05 6.31333
7.06 6.31418
7.07 6.31493
7.08 6.31558
7.09 6.31612
7.1 6.31654
7.11 6.31685
7.12 6.31703
7.13 6.31709
7.14 6.31701
7.15 6.31681
7.16 6.31646
7.17 6.31597
7.18 6.31534
7.19 6.31456
7.2 6.31362
7.21 6.31253
7.22 6.31127
7.23 6.30985
7.24 6.30826
7.25 6.3065
7.26 6.30457
7.27 6.30245
7.28 6.30016
7.29 6.29769
7.3 6.29503
7.31 6.29218
7.32 6.28915
7.33 6.28592
7.34 6.2825
7.35 6.27888
7.36 6.27507
7.37 6.27107
7.38 6.26687
7.39 6.26247
7.4 6.25788
7.41 6.25308
7.42 6.2481
7.43 6.24292
7.44 6.23754
7.45 6.23197
7.46 6.22622
7.47 6.22027
7.48 6.21414
7.49 6.20783
7.5 6.20133
7.51 6.19466
7.52 6.18781
7.53 6.1808
7.54 6.17362
7.55 6.16627
7.56 6.15877
7.57 6.15112
7.58 6.14332
7.59 6.13538
7.6 6.1273
7.61 6.11909
7.62 6.11075
7.63 6.10229
7.64 6.09371
7.65 6.08503
7.66 6.07624
7.67 6.06736
7.68 6.05838
7.69 6.04931
7.7 6.04017
7.71 6.03095
7.72 6.02167
7.73 6.01232
7.74 6.00292
7.75 5.99347
7.76 5.98397
7.77 5.97443
7.78 5.96486
7.79 5.95526
7.8 5.94564
7.81 5.936
7.82 5.92635
7.83 5.91669
7.84 5.90702
7.85 5.89736
7.86 5.8877
7.87 5.87806
7.88 5.86843
7.89 5.85882
7.9 5.84923
7.91 5.83966
7.92 5.83013
7.93 5.82063
7.94 5.81116
7.95 5.80174
7.96 5.79235
7.97 5.78302
7.98 5.77373
7.99 5.76449
8 5.7553
8.01 5.74617
8.02 5.73709
8.03 5.72807
8.04 5.71912
8.05 5.71023
8.06 5.7014
8.07 5.69263
8.08 5.68394
8.09 5.67531
8.1 5.66675
8.11 5.65827
8.12 5.64985
8.13 5.64151
8.14 5.63324
8.15 5.62504
8.16 5.61692
8.17 5.60888
8.18 5.60091
8.19 5.59301
8.2 5.58519
8.21 5.57745
8.22 5.56979
8.23 5.5622
8.24 5.5547
8.25 5.54726
8.26 5.53991
8.27 5.53263
8.28 5.52543
8.29 5.51831
8.3 5.51126
8.31 5.50429
8.32 5.4974
8.33 5.49058
8.34 5.48383
8.35 5.47717
8.36 5.47057
8.37 5.46405
8.38 5.45761
8.39 5.45124
8.4 5.44494
8.41 5.43871
8.42 5.43256
8.43 5.42647
8.44 5.42046
8.45 5.41451
8.46 5.40864
8.47 5.40283
8.48 5.39709
8.49 5.39142
8.5 5.38581
8.51 5.38027
8.52 5.3748
8.53 5.36939
8.54 5.36404
8.55 5.35876
8.56 5.35354
8.57 5.34838
8.58 5.34328
8.59 5.33824
8.6 5.33326
8.61 5.32834
8.62 5.32347
8.63 5.31867
8.64 5.31392
8.65 5.30922
8.66 5.30458
8.67 5.3
8.68 5.29546
8.69 5.29098
8.7 5.28656
8.71 5.28218
8.72 5.27786
8.73 5.27358
8.74 5.26935
8.75 5.26518
8.76 5.26105
8.77 5.25696
8.78 5.25293
8.79 5.24894
8.8 5.24499
8.81 5.24109
8.82 5.23723
8.83 5.23342
8.84 5.22965
8.85 5.22592
8.86 5.22223
8.87 5.21858
8.88 5.21498
8.89 5.21141
8.9 5.20788
8.91 5.20439
8.92 5.20094
8.93 5.19753
8.94 5.19415
8.95 5.19081
8.96 5.1875
8.97 5.18423
8.98 5.181
8.99 5.1778
9 5.17463
9.01 5.17149
9.02 5.16839
9.03 5.16532
9.04 5.16228
9.05 5.15927
9.06 5.1563
9.07 5.15335
9.08 5.15044
9.09 5.14755
9.1 5.14469
9.11 5.14186
9.12 5.13906
9.13 5.13628
9.14 5.13354
9.15 5.13082
9.16 5.12812
9.17 5.12546
9.18 5.12281
9.19 5.1202
9.2 5.11761
9.21 5.11504
9.22 5.1125
9.23 5.10998
9.24 5.10748
9.25 5.10501
9.26 5.10256
9.27 5.10013
9.28 5.09773
9.29 5.09534
9.3 5.09298
9.31 5.09064
9.32 5.08832
9.33 5.08602
9.34 5.08374
9.35 5.08148
9.36 5.07924
9.37 5.07702
9.38 5.07482
9.39 5.07264
9.4 5.07048
9.41 5.06833
9.42 5.06621
9.43 5.0641
9.44 5.062
9.45 5.05993
9.46 5.05787
9.47 5.05583
9.48 5.05381
9.49 5.0518
9.5 5.04981
9.51 5.04783
9.52 5.04587
9.53 5.04393
9.54 5.042
9.55 5.04008
9.56 5.03818
9.57 5.0363
9.58 5.03443
9.59 5.03257
9.6 5.03073
9.61 5.0289
9.62 5.02709
9.63 5.02528
9.64 5.0235
9.65 5.02172
9.66 5.01996
9.67 5.01821
9.68 5.01647
9.69 5.01475
9.7 5.01303
9.71 5.01133
9.72 5.00964
9.73 5.00797
9.74 5.0063
9.75 5.00465
9.76 5.00301
9.77 5.00137
9.78 4.99975
9.79 4.99814
9.8 4.99655
9.81 4.99496
9.82 4.99338
9.83 4.99181
9.84 4.99025
9.85 4.98871
9.86 4.98717
9.87 4.98564
9.88 4.98412
9.89 4.98262
9.9 4.98112
9.91 4.97963
9.92 4.97815
9.93 4.97668
9.94 4.97521
9.95 4.97376
9.96 4.97232
9.97 4.97088
9.98 4.96945
9.99 4.96803
10 4.96662
10.001 5
