0 0
0.01 0.0731379
0.02 0.0716169
0.03 0.0700984
0.04 0.0685826
0.05 0.0670697
0.06 0.0655599
0.07 0.0640534
0.08 0.0625504
0.09 0.0610512
0.1 0.059556
0.11 0.0580649
0.12 0.0565784
0.13 0.0550965
0.14 0.0536195
0.15 0.0521478
0.16 0.0506814
0.17 0.0492207
0.18 0.047766
0.19 0.0463175
0.2 0.0448755
0.21 0.0434402
0.22 0.0420119
0.23 0.040591
0.24 0.0391776
0.25 0.0377721
0.26 0.0363748
0.27 0.0349859
0.28 0.0336058
0.29 0.0322348
0.3 0.0308732
0.31 0.0295213
0.32 0.0281794
0.33 0.0268478
0.34 0.0255269
0.35 0.024217
0.36 0.0229184
0.37 0.0216314
0.38 0.0203565
0.39 0.0190939
0.4 0.0178439
0.41 0.016607
0.42 0.0153835
0.43 0.0141738
0.44 0.0129781
0.45 0.011797
0.46 0.0106306
0.47 0.00947952
0.48 0.00834398
0.49 0.00722439
0.5 0.00612114
0.51 0.00503461
0.52 0.00396517
0.53 0.00291322
0.54 0.00187915
0.55 0.000863337
0.56 -0.000133817
0.57 -0.00111192
0.58 -0.00207057
0.59 -0.00300938
0.6 -0.00392794
0.61 -0.00482586
0.62 -0.00570272
0.63 -0.00655813
0.64 -0.00739167
0.65 -0.00820295
0.66 -0.00899156
0.67 -0.00975709
0.68 -0.0104991
0.69 -0.0112173
0.7 -0.0119111
0.71 -0.0125802
0.72 -0.0132242
0.73 -0.0138427
0.74 -0.0144352
0.75 -0.0150014
0.76 -0.0155408
0.77 -0.0160531
0.78 -0.0165378
0.79 -0.0169946
0.8 -0.0174229
0.81 -0.0178226
0.82 -0.018193
0.83 -0.0185339
0.84 -0.0188449
0.85 -0.0191256
0.86 -0.0193755
0.87 -0.0195943
0.88 -0.0197816
0.89 -0.0199371
0.9 -0.0200603
0.91 -0.0201509
0.92 -0.0202086
0.93 -0.0202329
0.94 -0.0202236
0.95 -0.0201802
0.96 -0.0201025
0.97 -0.01999
0.98 -0.0198425
0.99 -0.0196596
1 -0.0194411
1.01 -0.0191865
1.02 -0.0188956
1.03 -0.0185681
1.04 -0.0182036
1.05 -0.017802
1.06 -0.0173629
1.07 -0.0168861
1.08 -0.0163713
1.09 -0.0158183
1.1 -0.0152267
1.11 -0.0145965
1.12 -0.0139273
1.13 -0.0132189
1.14 -0.0124712
1.15 -0.011684
1.16 -0.0108571
1.17 -0.00999022
1.18 -0.00908335
1.19 -0.00813629
1.2 -0.00714892
1.21 -0.00612113
1.22 -0.00505279
1.23 -0.00394383
1.24 -0.00279416
1.25 -0.00160373
1.26 -0.000372482
1.27 0.000899618
1.28 0.00221259
1.29 0.00356644
1.3 0.00496115
1.31 0.00639671
1.32 0.00787306
1.33 0.00939015
1.34 0.0109479
1.35 0.0125462
1.36 0.014185
1.37 0.0158642
1.38 0.0175835
1.39 0.0193429
1.4 0.0211421
1.41 0.022981
1.42 0.0248594
1.43 0.026777
1.44 0.0287336
1.45 0.0307288
1.46 0.0327626
1.47 0.0348344
1.48 0.0369441
1.49 0.0390913
1.5 0.0412755
1.51 0.0434966
1.52 0.045754
1.53 0.0480473
1.54 0.0503762
1.55 0.0527402
1.56 0.0551388
1.57 0.0575716
1.58 0.0600381
1.59 0.0625378
1.6 0.0650701
1.61 0.0676346
1.62 0.0702306
1.63 0.0728576
1.64 0.0755151
1.65 0.0782024
1.66 0.080919
1.67 0.0836642
1.68 0.0864375
1.69 0.0892381
1.7 0.0920654
1.71 0.0949189
1.72 0.0977977
1.73 0.100701
1.74 0.103629
1.75 0.10658
1.76 0.109554
1.77 0.11255
1.78 0.115567
1.79 0.118604
1.8 0.121662
1.81 0.124739
1.82 0.127834
1.83 0.130947
1.84 0.134077
1.85 0.137224
1.86 0.140386
1.87 0.143564
1.88 0.146755
1.89 0.14996
1.9 0.153178
1.91 0.156409
1.92 0.159651
1.93 0.162904
1.94 0.166167
1.95 0.16944
1.96 0.172721
1.97 0.176012
1.98 0.17931
1.99 0.182615
2 0.185926
2.01 0.189244
2.02 0.192567
2.03 0.195895
2.04 0.199228
2.05 0.202564
2.06 0.205904
2.07 0.209247
2.08 0.212592
2.09 0.215939
2.1 0.219287
2.11 0.222637
2.12 0.225987
2.13 0.229338
2.14 0.232688
2.15 0.236039
2.16 0.239388
2.17 0.242736
2.18 0.246083
2.19 0.249428
2.2 0.252771
2.21 0.256112
2.22 0.259451
2.23 0.262786
2.24 0.266119
2.25 0.269449
2.26 0.272775
2.27 0.276098
2.28 0.279417
2.29 0.282733
2.3 0.286044
2.31 0.289352
2.32 0.292655
2.33 0.295954
2.34 0.299249
2.35 0.30254
2.36 0.305826
2.37 0.309108
2.38 0.312385
2.39 0.315657
2.4 0.318925
2.41 0.322189
2.42 0.325448
2.43 0.328702
2.44 0.331952
2.45 0.335197
2.46 0.338438
2.47 0.341674
2.48 0.344906
2.49 0.348134
2.5 0.351357
2.51 0.354576
2.52 0.357791
2.53 0.361001
2.54 0.364208
2.55 0.367411
2.56 0.370609
2.57 0.373804
2.58 0.376996
2.59 0.380183
2.6 0.383367
2.61 0.386548
2.62 0.389725
2.63 0.392899
2.64 0.396069
2.65 0.399237
2.66 0.402402
2.67 0.405563
2.68 0.408722
2.69 0.411878
2.7 0.415032
2.71 0.418183
2.72 0.421332
2.73 0.424478
2.74 0.427622
2.75 0.430765
2.76 0.433905
2.77 0.437043
2.78 0.440179
2.79 0.443314
2.8 0.446447
2.81 0.449579
2.82 0.452709
2.83 0.455838
2.84 0.458965
2.85 0.462092
2.86 0.465217
2.87 0.468342
2.88 0.471465
2.89 0.474588
2.9 0.47771
2.91 0.480832
2.92 0.483953
2.93 0.487074
2.94 0.490194
2.95 0.493315
2.96 0.496435
2.97 0.499555
2.98 0.502674
2.99 0.505795
3 0.508915
3.01 0.512035
3.02 0.515156
3.03 0.518278
3.04 0.5214
3.05 0.524522
3.06 0.527645
3.07 0.530769
3.08 0.533894
3.09 0.53702
3.1 0.540147
3.11 0.543275
3.12 0.546404
3.13 0.549534
3.14 0.552666
3.15 0.555799
3.16 0.558934
3.17 0.56207
3.18 0.565208
3.19 0.568348
3.2 0.57149
3.21 0.574633
3.22 0.577779
3.23 0.580927
3.24 0.584077
3.25 0.587229
3.26 0.590383
3.27 0.59354
3.28 0.5967
3.29 0.599862
3.3 0.603027
3.31 0.606195
3.32 0.609366
3.33 0.61254
3.34 0.615717
3.35 0.618897
3.36 0.62208
3.37 0.625267
3.38 0.628457
3.39 0.631651
3.4 0.634849
3.41 0.63805
3.42 0.641255
3.43 0.644465
3.44 0.647678
3.45 0.650896
3.46 0.654118
3.47 0.657344
3.48 0.660575
3.49 0.66381
3.5 0.66705
3.51 0.670295
3.52 0.673545
3.53 0.676801
3.54 0.680061
3.55 0.683326
3.56 0.686597
3.57 0.689874
3.58 0.693156
3.59 0.696444
3.6 0.699738
3.61 0.703038
3.62 0.706344
3.63 0.709656
3.64 0.712975
3.65 0.7163
3.66 0.719632
3.67 0.722971
3.68 0.726316
3.69 0.729668
3.7 0.733028
3.71 0.736395
3.72 0.739769
3.73 0.743151
3.74 0.746541
3.75 0.749938
3.76 0.753343
3.77 0.756757
3.78 0.760178
3.79 0.763608
3.8 0.767047
3.81 0.770494
3.82 0.77395
3.83 0.777414
3.84 0.780888
3.85 0.784371
3.86 0.787864
3.87 0.791365
3.88 0.794877
3.89 0.798398
3.9 0.801929
3.91 0.80547
3.92 0.809022
3.93 0.812584
3.94 0.816156
3.95 0.819739
3.96 0.823333
3.97 0.826937
3.98 0.830553
3.99 0.83418
4 0.837819
4.01 0.841469
4.02 0.845131
4.03 0.848804
4.04 0.85249
4.05 0.856188
4.06 0.859898
4.07 0.863621
4.08 0.867356
4.09 0.871104
4.1 0.874865
4.11 0.878639
4.12 0.882426
4.13 0.886227
4.14 0.890041
4.15 0.893869
4.16 0.897711
4.17 0.901567
4.18 0.905437
4.19 0.909322
4.2 0.913221
4.21 0.917134
4.22 0.921062
4.23 0.925006
4.24 0.928964
4.25 0.932938
4.26 0.936927
4.27 0.940932
4.28 0.944952
4.29 0.948988
4.3 0.953041
4.31 0.957109
4.32 0.961194
4.33 0.965295
4.34 0.969413
4.35 0.973548
4.36 0.9777
4.37 0.981869
4.38 0.986055
4.39 0.990258
4.4 0.994479
4.41 0.998718
4.42 1.00297
4.43 1.00725
4.44 1.01154
4.45 1.01585
4.46 1.02018
4.47 1.02453
4.48 1.0289
4.49 1.03328
4.5 1.03769
4.51 1.04211
4.52 1.04655
4.53 1.05101
4.54 1.0555
4.55 1.06
4.56 1.06452
4.57 1.06906
4.58 1.07362
4.59 1.0782
4.6 1.0828
4.61 1.08742
4.62 1.09207
4.63 1.09673
4.64 1.10141
4.65 1.10612
4.66 1.11084
4.67 1.11559
4.68 1.12036
4.69 1.12515
4.7 1.12996
4.71 1.13479
4.72 1.13964
4.73 1.14452
4.74 1.14942
4.75 1.15434
4.76 1.15928
4.77 1.16424
4.78 1.16923
4.79 1.17424
4.8 1.17927
4.81 1.18432
4.82 1.18939
4.83 1.19449
4.84 1.19961
4.85 1.20476
4.86 1.20992
4.87 1.21511
4.88 1.22032
4.89 1.22556
4.9 1.23082
4.91 1.2361
4.92 1.2414
4.93 1.24673
4.94 1.25208
4.95 1.25746
4.96 1.26285
4.97 1.26827
4.98 1.27372
4.99 1.27919
5 1.28468
5.01 1.29019
5.02 1.29573
5.03 1.30129
5.04 1.30688
5.05 1.31249
5.06 1.31812
5.07 1.32377
5.08 1.32945
5.09 1.33516
5.1 1.34088
5.11 1.34663
5.12 1.3524
5.13 1.3582
5.14 1.36402
5.15 1.36986
5.16 1.37573
5.17 1.38162
5.18 1.38753
5.19 1.39347
5.2 1.39943
5.21 1.40541
5.22 1.41142
5.23 1.41744
5.24 1.4235
5.25 1.42957
5.26 1.43567
5.27 1.44179
5.28 1.44793
5.29 1.4541
5.3 1.46029
5.31 1.4665
5.32 1.47273
5.33 1.47898
5.34 1.48526
5.35 1.49156
5.36 1.49788
5.37 1.50423
5.38 1.51059
5.39 1.51698
5.4 1.52339
5.41 1.52982
5.42 1.53628
5.43 1.54275
5.44 1.54925
5.45 1.55576
5.46 1.5623
5.47 1.56886
5.48 1.57544
5.49 1.58204
5.5 1.58867
5.51 1.59531
5.52 1.60197
5.53 1.60866
5.54 1.61536
5.55 1.62209
5.56 1.62883
5.57 1.6356
5.58 1.64239
5.59 1.6492
5.6 1.65602
5.61 1.66287
5.62 1.66974
5.63 1.67663
5.64 1.68353
5.65 1.69046
5.66 1.69741
5.67 1.70438
5.68 1.71137
5.69 1.71837
5.7 1.7254
5.71 1.73245
5.72 1.73952
5.73 1.74661
5.74 1.75372
5.75 1.76085
5.76 1.768
5.77 1.77517
5.78 1.78236
5.79 1.78957
5.8 1.7968
5.81 1.80406
5.82 1.81133
5.83 1.81863
5.84 1.82595
5.85 1.83329
5.86 1.84065
5.87 1.84803
5.88 1.85544
5.89 1.86286
5.9 1.87032
5.91 1.87779
5.92 1.88529
5.93 1.89281
5.94 1.90036
5.95 1.90793
5.96 1.91553
5.97 1.92315
5.98 1.9308
5.99 1.93847
6 1.94618
6.01 1.95391
6.02 1.96166
6.03 1.96945
6.04 1.97726
6.05 1.98511
6.06 1.99298
6.07 2.00089
6.08 2.00883
6.09 2.0168
6.1 2.0248
6.11 2.03284
6.12 2.04091
6.13 2.04902
6.14 2.05716
6.15 2.06534
6.16 2.07356
6.17 2.08182
6.18 2.09012
6.19 2.09845
6.2 2.10683
6.21 2.11526
6.22 2.12372
6.23 2.13223
6.24 2.14079
6.25 2.14939
6.26 2.15804
6.27 2.16674
6.28 2.17549
6.29 2.1843
6.3 2.19315
6.31 2.20206
6.32 2.21102
6.33 2.22004
6.34 2.22912
6.35 2.23825
6.36 2.24745
6.37 2.25671
6.38 2.26603
6.39 2.27541
6.4 2.28486
6.41 2.29438
6.42 2.30397
6.43 2.31362
6.44 2.32335
6.45 2.33314
6.46 2.34302
6.47 2.35296
6.48 2.36299
6.49 2.37309
6.5 2.38327
6.51 2.39353
6.52 2.40388
6.53 2.41431
6.54 2.42482
6.55 2.43542
6.56 2.44611
6.57 2.45689
6.58 2.46775
6.59 2.47871
6.6 2.48977
6.61 2.50091
6.62 2.51216
6.63 2.52349
6.64 2.53493
6.65 2.54647
6.66 2.55811
6.67 2.56984
6.68 2.58168
6.69 2.59363
6.7 2.60567
6.71 2.61783
6.72 2.63008
6.73 2.64245
6.74 2.65492
6.75 2.6675
6.76 2.68019
6.77 2.69299
6.78 2.70589
6.79 2.71891
6.8 2.73203
6.81 2.74527
6.82 2.75862
6.83 2.77207
6.84 2.78564
6.85 2.79932
6.86 2.8131
6.87 2.827
6.88 2.841
6.89 2.85511
6.9 2.86933
6.91 2.88366
6.92 2.89809
6.93 2.91263
6.94 2.92727
6.95 2.94201
6.96 2.95686
6.97 2.9718
6.98 2.98685
6.99 3.00199
7 3.01722
7.01 3.03255
7.02 3.04796
7.03 3.06347
7.04 3.07906
7.05 3.09474
7.06 3.1105
7.07 3.12633
7.08 3.14225
7.09 3.15823
7.1 3.17429
7.11 3.19041
7.12 3.2066
7.13 3.22284
7.14 3.23915
7.15 3.25551
7.16 3.27192
7.17 3.28837
7.18 3.30487
7.19 3.3214
7.2 3.33798
7.21 3.35458
7.22 3.3712
7.23 3.38785
7.24 3.40452
7.25 3.4212
7.26 3.43789
7.27 3.45459
7.28 3.47128
7.29 3.48797
7.3 3.50465
7.31 3.52131
7.32 3.53795
7.33 3.55457
7.34 3.57116
7.35 3.58772
7.36 3.60423
7.37 3.62071
7.38 3.63713
7.39 3.65349
7.4 3.6698
7.41 3.68604
7.42 3.70221
7.43 3.7183
7.44 3.73432
7.45 3.75024
7.46 3.76608
7.47 3.78182
7.48 3.79745
7.49 3.81298
7.5 3.8284
7.51 3.8437
7.52 3.85888
7.53 3.87393
7.54 3.88885
7.55 3.90363
7.56 3.91827
7.57 3.93277
7.58 3.94711
7.59 3.9613
7.6 3.97533
7.61 3.9892
7.62 4.00289
7.63 4.01642
7.64 4.02977
7.65 4.04295
7.66 4.05594
7.67 4.06874
7.68 4.08136
7.69 4.09379
7.7 4.10602
7.71 4.11806
7.72 4.12989
7.73 4.14153
7.74 4.15296
7.75 4.16419
7.76 4.17521
7.77 4.18602
7.78 4.19662
7.79 4.20702
7.8 4.2172
7.81 4.22717
7.82 4.23693
7.83 4.24648
7.84 4.25582
7.85 4.26494
7.86 4.27386
7.87 4.28256
7.88 4.29105
7.89 4.29934
7.9 4.30741
7.91 4.31528
7.92 4.32294
7.93 4.3304
7.94 4.33765
7.95 4.34471
7.96 4.35156
7.97 4.35821
7.98 4.36467
7.99 4.37094
8 4.37701
8.01 4.3829
8.02 4.3886
8.03 4.39411
8.04 4.39944
8.05 4.40459
8.06 4.40957
8.07 4.41437
8.08 4.419
8.09 4.42345
8.1 4.42775
8.11 4.43187
8.12 4.43584
8.13 4.43965
8.14 4.4433
8.15 4.4468
8.16 4.45014
8.17 4.45334
8.18 4.4564
8.19 4.45931
8.2 4.46209
8.21 4.46472
8.22 4.46723
8.23 4.4696
8.24 4.47184
8.25 4.47396
8.26 4.47595
8.27 4.47782
8.28 4.47957
8.29 4.48121
8.3 4.48273
8.31 4.48415
8.32 4.48545
8.33 4.48665
8.34 4.48774
8.35 4.48873
8.36 4.48962
8.37 4.49042
8.38 4.49112
8.39 4.49172
8.4 4.49224
8.41 4.49267
8.42 4.49301
8.43 4.49326
8.44 4.49344
8.45 4.49353
8.46 4.49354
8.47 4.49348
8.48 4.49334
8.49 4.49313
8.5 4.49284
8.51 4.49249
8.52 4.49207
8.53 4.49158
8.54 4.49102
8.55 4.49041
8.56 4.48973
8.57 4.48899
8.58 4.48819
8.59 4.48733
8.6 4.48642
8.61 4.48545
8.62 4.48443
8.63 4.48336
8.64 4.48223
8.65 4.48106
8.66 4.47984
8.67 4.47857
8.68 4.47726
8.69 4.4759
8.7 4.47449
8.71 4.47305
8.72 4.47156
8.73 4.47003
8.74 4.46846
8.75 4.46686
8.76 4.46521
8.77 4.46353
8.78 4.46181
8.79 4.46006
8.8 4.45828
8.81 4.45646
8.82 4.45461
8.83 4.45272
8.84 4.45081
8.85 4.44887
8.86 4.44689
8.87 4.44489
8.88 4.44286
8.89 4.44081
8.9 4.43872
8.91 4.43661
8.92 4.43448
8.93 4.43232
8.94 4.43014
8.95 4.42794
8.96 4.42571
8.97 4.42346
8.98 4.42119
8.99 4.41889
9 4.41658
9.01 4.41425
9.02 4.41189
9.03 4.40952
9.04 4.40713
9.05 4.40472
9.06 4.4023
9.07 4.39985
9.08 4.39739
9.09 4.39491
9.1 4.39242
9.11 4.38991
9.12 4.38739
9.13 4.38485
9.14 4.3823
9.15 4.37973
9.16 4.37715
9.17 4.37456
9.18 4.37195
9.19 4.36933
9.2 4.3667
9.21 4.36405
9.22 4.3614
9.23 4.35873
9.24 4.35605
9.25 4.35336
9.26 4.35066
9.27 4.34795
9.28 4.34522
9.29 4.34249
9.3 4.33975
9.31 4.337
9.32 4.33424
9.33 4.33147
9.34 4.32869
9.35 4.3259
9.36 4.32311
9.37 4.3203
9.38 4.31749
9.39 4.31467
9.4 4.31184
9.41 4.30901
9.42 4.30616
9.43 4.30331
9.44 4.30046
9.45 4.29759
9.46 4.29472
9.47 4.29185
9.48 4.28896
9.49 4.28607
9.5 4.28318
9.51 4.28028
9.52 4.27737
9.53 4.27445
9.54 4.27154
9.55 4.26861
9.56 4.26568
9.57 4.26275
9.58 4.25981
9.59 4.25686
9.6 4.25391
9.61 4.25096
9.62 4.248
9.63 4.24504
9.64 4.24207
9.65 4.23909
9.66 4.23612
9.67 4.23314
9.68 4.23015
9.69 4.22716
9.7 4.22417
9.71 4.22118
9.72 4.21818
9.73 4.21517
9.74 4.21216
9.75 4.20915
9.76 4.20614
9.77 4.20312
9.78 4.2001
9.79 4.19708
9.8 4.19405
9.81 4.19102
9.82 4.18799
9.83 4.18496
9.84 4.18192
9.85 4.17888
9.86 4.17584
9.87 4.17279
9.88 4.16974
9.89 4.16669
9.9 4.16364
9.91 4.16059
9.92 4.15753
9.93 4.15447
9.94 4.15141
9.95 4.14835
9.96 4.14529
9.97 4.14222
9.98 4.13915
9.99 4.13608
10 4.13301
10.001 0
