0 -10
0.01 -8.17619
0.02 -8.17149
0.03 -8.16676
0.04 -8.16203
0.05 -8.15728
0.06 -8.15251
0.07 -8.14772
0.08 -8.14292
0.09 -8.1381
0.1 -8.13327
0.11 -8.12842
0.12 -8.12356
0.13 -8.11867
0.14 -8.11377
0.15 -8.10886
0.16 -8.10393
0.17 -8.09898
0.18 -8.09401
0.19 -8.08902
0.2 -8.08402
0.21 -8.079
0.22 -8.07397
0.23 -8.06891
0.24 -8.06384
0.25 -8.05875
0.26 -8.05364
0.27 -8.04851
0.28 -8.04337
0.29 -8.0382
0.3 -8.03302
0.31 -8.02781
0.32 -8.02259
0.33 -8.01735
0.34 -8.01209
0.35 -8.00681
0.36 -8.00151
0.37 -7.99618
0.38 -7.99084
0.39 -7.98548
0.4 -7.98009
0.41 -7.97469
0.42 -7.96926
0.43 -7.96381
0.44 -7.95833
0.45 -7.95284
0.46 -7.94732
0.47 -7.94178
0.48 -7.93622
0.49 -7.93063
0.5 -7.92502
0.51 -7.91938
0.52 -7.91372
0.53 -7.90803
0.54 -7.90232
0.55 -7.89658
0.56 -7.89082
0.57 -7.88503
0.58 -7.87921
0.59 -7.87337
0.6 -7.8675
0.61 -7.86159
0.62 -7.85566
0.63 -7.8497
0.64 -7.84372
0.65 -7.8377
0.66 -7.83165
0.67 -7.82557
0.68 -7.81946
0.69 -7.81331
0.7 -7.80713
0.71 -7.80092
0.72 -7.79468
0.73 -7.7884
0.74 -7.78209
0.75 -7.77574
0.76 -7.76936
0.77 -7.76294
0.78 -7.75648
0.79 -7.74999
0.8 -7.74345
0.81 -7.73688
0.82 -7.73027
0.83 -7.72362
0.84 -7.71693
0.85 -7.7102
0.86 -7.70342
0.87 -7.6966
0.88 -7.68974
0.89 -7.68284
0.9 -7.67589
0.91 -7.66889
0.92 -7.66185
0.93 -7.65477
0.94 -7.64763
0.95 -7.64045
0.96 -7.63322
0.97 -7.62594
0.98 -7.61861
0.99 -7.61124
1 -7.6038
1.01 -7.59632
1.02 -7.58879
1.03 -7.5812
1.04 -7.57356
1.05 -7.56586
1.06 -7.55811
1.07 -7.55031
1.08 -7.54245
1.09 -7.53453
1.1 -7.52655
1.11 -7.51852
1.12 -7.51043
1.13 -7.50227
1.14 -7.49406
1.15 -7.48579
1.16 -7.47746
1.17 -7.46907
1.18 -7.46062
1.19 -7.4521
1.2 -7.44352
1.21 -7.43489
1.22 -7.42618
1.23 -7.41742
1.24 -7.40859
1.25 -7.39969
1.26 -7.39074
1.27 -7.38172
1.28 -7.37263
1.29 -7.36348
1.3 -7.35427
1.31 -7.34499
1.32 -7.33565
1.33 -7.32624
1.34 -7.31677
1.35 -7.30723
1.36 -7.29763
1.37 -7.28797
1.38 -7.27824
1.39 -7.26845
1.4 -7.25859
1.41 -7.24868
1.42 -7.2387
1.43 -7.22866
1.44 -7.21855
1.45 -7.20839
1.46 -7.19817
1.47 -7.18789
1.48 -7.17755
1.49 -7.16715
1.5 -7.1567
1.51 -7.14619
1.52 -7.13563
1.53 -7.12501
1.54 -7.11435
1.55 -7.10363
1.56 -7.09286
1.57 -7.08204
1.58 -7.07118
1.59 -7.06027
1.6 -7.04931
1.61 -7.03831
1.62 -7.02728
1.63 -7.0162
1.64 -7.00508
1.65 -6.99393
1.66 -6.98275
1.67 -6.97153
1.68 -6.96029
1.69 -6.94901
1.7 -6.93771
1.71 -6.92639
1.72 -6.91504
1.73 -6.90368
1.74 -6.89229
1.75 -6.88089
1.76 -6.86948
1.77 -6.85806
1.78 -6.84663
1.79 -6.8352
1.8 -6.82376
1.81 -6.81232
1.82 -6.80088
1.83 -6.78945
1.84 -6.77802
1.85 -6.7666
1.86 -6.75519
1.87 -6.7438
1.88 -6.73242
1.89 -6.72107
1.9 -6.70973
1.91 -6.69842
1.92 -6.68714
1.93 -6.67588
1.94 -6.66466
1.95 -6.65347
1.96 -6.64232
1.97 -6.63121
1.98 -6.62014
1.99 -6.60912
2 -6.59814
2.01 -6.58721
2.02 -6.57633
2.03 -6.5655
2.04 -6.55473
2.05 -6.54402
2.06 -6.53337
2.07 -6.52278
2.08 -6.51225
2.09 -6.50179
2.1 -6.4914
2.11 -6.48108
2.12 -6.47082
2.13 -6.46065
2.14 -6.45054
2.15 -6.44052
2.16 -6.43057
2.17 -6.4207
2.18 -6.41092
2.19 -6.40121
2.2 -6.39159
2.21 -6.38206
2.22 -6.37261
2.23 -6.36324
2.24 -6.35397
2.25 -6.34479
2.26 -6.33569
2.27 -6.32669
2.28 -6.31778
2.29 -6.30896
2.3 -6.30023
2.31 -6.2916
2.32 -6.28306
2.33 -6.27462
2.34 -6.26627
2.35 -6.25802
2.36 -6.24986
2.37 -6.2418
2.38 -6.23384
2.39 -6.22597
2.4 -6.2182
2.41 -6.21052
2.42 -6.20294
2.43 -6.19545
2.44 -6.18807
2.45 -6.18077
2.46 -6.17357
2.47 -6.16647
2.48 -6.15946
2.49 -6.15255
2.5 -6.14573
2.51 -6.139
2.52 -6.13236
2.53 -6.12582
2.54 -6.11937
2.55 -6.11301
2.56 -6.10674
2.57 -6.10056
2.58 -6.09447
2.59 -6.08847
2.6 -6.08255
2.61 -6.07672
2.62 -6.07098
2.63 -6.06532
2.64 -6.05975
2.65 -6.05426
2.66 -6.04886
2.67 -6.04353
2.68 -6.03829
2.69 -6.03313
2.7 -6.02804
2.71 -6.02304
2.72 -6.01811
2.73 -6.01326
2.74 -6.00848
2.75 -6.00378
2.76 -5.99915
2.77 -5.99459
2.78 -5.99011
2.79 -5.9857
2.8 -5.98135
2.81 -5.97708
2.82 -5.97287
2.83 -5.96873
2.84 -5.96466
2.85 -5.96065
2.86 -5.9567
2.87 -5.95282
2.88 -5.949
2.89 -5.94524
2.9 -5.94154
2.91 -5.9379
2.92 -5.93432
2.93 -5.9308
2.94 -5.92733
2.95 -5.92392
2.96 -5.92056
2.97 -5.91726
2.98 -5.91401
2.99 -5.91081
3 -5.90766
3.01 -5.90457
3.02 -5.90152
3.03 -5.89853
3.04 -5.89558
3.05 -5.89267
3.06 -5.88982
3.07 -5.88701
3.08 -5.88424
3.09 -5.88152
3.1 -5.87884
3.11 -5.87621
3.12 -5.87361
3.13 -5.87106
3.14 -5.86855
3.15 -5.86607
3.16 -5.86364
3.17 -5.86124
3.18 -5.85888
3.19 -5.85656
3.2 -5.85428
3.21 -5.85203
3.22 -5.84981
3.23 -5.84763
3.24 -5.84548
3.25 -5.84337
3.26 -5.84128
3.27 -5.83923
3.28 -5.83721
3.29 -5.83523
3.3 -5.83327
3.31 -5.83134
3.32 -5.82944
3.33 -5.82757
3.34 -5.82572
3.35 -5.8239
3.36 -5.82211
3.37 -5.82035
3.38 -5.81861
3.39 -5.8169
3.4 -5.81521
3.41 -5.81355
3.42 -5.81191
3.43 -5.8103
3.44 -5.80871
3.45 -5.80714
3.46 -5.80559
3.47 -5.80406
3.48 -5.80256
3.49 -5.80108
3.5 -5.79961
3.51 -5.79817
3.52 -5.79675
3.53 -5.79535
3.54 -5.79396
3.55 -5.7926
3.56 -5.79125
3.57 -5.78992
3.58 -5.78861
3.59 -5.78732
3.6 -5.78604
3.61 -5.78478
3.62 -5.78354
3.63 -5.78231
3.64 -5.7811
3.65 -5.7799
3.66 -5.77872
3.67 -5.77756
3.68 -5.77641
3.69 -5.77527
3.7 -5.77415
3.71 -5.77304
3.72 -5.77194
3.73 -5.77086
3.74 -5.76979
3.75 -5.76874
3.76 -5.76769
3.77 -5.76666
3.78 -5.76564
3.79 -5.76463
3.8 -5.76364
3.81 -5.76266
3.82 -5.76168
3.83 -5.76072
3.84 -5.75977
3.85 -5.75883
3.86 -5.7579
3.87 -5.75698
3.88 -5.75607
3.89 -5.75517
3.9 -5.75428
3.91 -5.75341
3.92 -5.75253
3.93 -5.75167
3.94 -5.75082
3.95 -5.74998
3.96 -5.74914
3.97 -5.74832
3.98 -5.7475
3.99 -5.74669
4 -5.74589
4.01 -5.7451
4.02 -5.74431
4.03 -5.74353
4.04 -5.74277
4.05 -5.742
4.06 -5.74125
4.07 -5.7405
4.08 -5.73976
4.09 -5.73903
4.1 -5.7383
4.11 -5.73758
4.12 -5.73687
4.13 -5.73616
4.14 -5.73546
4.15 -5.73477
4.16 -5.73408
4.17 -5.7334
4.18 -5.73272
4.19 -5.73205
4.2 -5.73139
4.21 -5.73073
4.22 -5.73008
4.23 -5.72943
4.24 -5.72879
4.25 -5.72815
4.26 -5.72752
4.27 -5.7269
4.28 -5.72628
4.29 -5.72566
4.3 -5.72505
4.31 -5.72445
4.32 -5.72385
4.33 -5.72325
4.34 -5.72266
4.35 -5.72208
4.36 -5.7215
4.37 -5.72092
4.38 -5.72035
4.39 -5.71978
4.4 -5.71922
4.41 -5.71866
4.42 -5.71811
4.43 -5.71756
4.44 -5.71701
4.45 -5.71647
4.46 -5.71593
4.47 -5.7154
4.48 -5.71487
4.49 -5.71434
4.5 -5.71382
4.51 -5.7133
4.52 -5.71279
4.53 -5.71228
4.54 -5.71177
4.55 -5.71127
4.56 -5.71077
4.57 -5.71028
4.58 -5.70979
4.59 -5.7093
4.6 -5.70881
4.61 -5.70833
4.62 -5.70786
4.63 -5.70738
4.64 -5.70691
4.65 -5.70644
4.66 -5.70598
4.67 -5.70552
4.68 -5.70506
4.69 -5.70461
4.7 -5.70416
4.71 -5.70371
4.72 -5.70327
4.73 -5.70283
4.74 -5.70239
4.75 -5.70195
4.76 -5.70152
4.77 -5.70109
4.78 -5.70067
4.79 -5.70025
4.8 -5.69983
4.81 -5.69941
4.82 -5.699
4.83 -5.69859
4.84 -5.69818
4.85 -5.69778
4.86 -5.69737
4.87 -5.69698
4.88 -5.69658
4.89 -5.69619
4.9 -5.6958
4.91 -5.69541
4.92 -5.69503
4.93 -5.69465
4.94 -5.69427
4.95 -5.69389
4.96 -5.69352
4.97 -5.69315
4.98 -5.69278
4.99 -5.69241
5 -5.69205
5.01 -5.69169
5.02 -5.69133
5.03 -5.69098
5.04 -5.69063
5.05 -5.69028
5.06 -5.68993
5.07 -5.68959
5.08 -5.68925
5.09 -5.68891
5.1 -5.68857
5.11 -5.68824
5.12 -5.6879
5.13 -5.68757
5.14 -5.68725
5.15 -5.68692
5.16 -5.6866
5.17 -5.68628
5.18 -5.68596
5.19 -5.68565
5.2 -5.68533
5.21 -5.68502
5.22 -5.68471
5.23 -5.68441
5.24 -5.6841
5.25 -5.6838
5.26 -5.6835
5.27 -5.6832
5.28 -5.6829
5.29 -5.68261
5.3 -5.68232
5.31 -5.68203
5.32 -5.68174
5.33 -5.68145
5.34 -5.68116
5.35 -5.68088
5.36 -5.6806
5.37 -5.68032
5.38 -5.68004
5.39 -5.67976
5.4 -5.67948
5.41 -5.67921
5.42 -5.67894
5.43 -5.67866
5.44 -5.67839
5.45 -5.67812
5.46 -5.67785
5.47 -5.67759
5.48 -5.67732
5.49 -5.67705
5.5 -5.67679
5.51 -5.67652
5.52 -5.67626
5.53 -5.676
5.54 -5.67574
5.55 -5.67547
5.56 -5.67521
5.57 -5.67495
5.58 -5.67469
5.59 -5.67443
5.6 -5.67417
5.61 -5.67391
5.62 -5.67365
5.63 -5.67339
5.64 -5.67313
5.65 -5.67287
5.66 -5.67261
5.67 -5.67234
5.68 -5.67208
5.69 -5.67182
5.7 -5.67155
5.71 -5.67129
5.72 -5.67102
5.73 -5.67075
5.74 -5.67048
5.75 -5.67021
5.76 -5.66994
5.77 -5.66966
5.78 -5.66939
5.79 -5.66911
5.8 -5.66883
5.81 -5.66855
5.82 -5.66827
5.83 -5.66798
5.84 -5.66769
5.85 -5.6674
5.86 -5.66711
5.87 -5.66681
5.88 -5.66651
5.89 -5.66621
5.9 -5.6659
5.91 -5.66559
5.92 -5.66528
5.93 -5.66496
5.94 -5.66464
5.95 -5.66431
5.96 -5.66398
5.97 -5.66365
5.98 -5.66331
5.99 -5.66297
6 -5.66262
6.01 -5.66227
6.02 -5.66192
6.03 -5.66156
6.04 -5.66119
6.05 -5.66082
6.06 -5.66044
6.07 -5.66006
6.08 -5.65967
6.09 -5.65928
6.1 -5.65888
6.11 -5.65847
6.12 -5.65806
6.13 -5.65764
6.14 -5.65722
6.15 -5.65678
6.16 -5.65635
6.17 -5.6559
6.18 -5.65545
6.19 -5.65499
6.2 -5.65453
6.21 -5.65406
6.22 -5.65358
6.23 -5.65309
6.24 -5.6526
6.25 -5.6521
6.26 -5.65159
6.27 -5.65108
6.28 -5.65056
6.29 -5.65003
6.3 -5.64949
6.31 -5.64895
6.32 -5.6484
6.33 -5.64784
6.34 -5.64728
6.35 -5.6467
6.36 -5.64612
6.37 -5.64554
6.38 -5.64495
6.39 -5.64435
6.4 -5.64374
6.41 -5.64313
6.42 -5.64251
6.43 -5.64188
6.44 -5.64125
6.45 -5.64062
6.46 -5.63998
6.47 -5.63933
6.48 -5.63868
6.49 -5.63802
6.5 -5.63736
6.51 -5.6367
6.52 -5.63603
6.53 -5.63536
6.54 -5.63469
6.55 -5.63402
6.56 -5.63334
6.57 -5.63267
6.58 -5.63199
6.59 -5.63132
6.6 -5.63064
6.61 -5.62997
6.62 -5.6293
6.63 -5.62864
6.64 -5.62798
6.65 -5.62732
6.66 -5.62667
6.67 -5.62603
6.68 -5.6254
6.69 -5.62477
6.7 -5.62416
6.71 -5.62355
6.72 -5.62296
6.73 -5.62239
6.74 -5.62183
6.75 -5.62128
6.76 -5.62076
6.77 -5.62026
6.78 -5.61977
6.79 -5.61931
6.8 -5.61888
6.81 -5.61847
6.82 -5.61809
6.83 -5.61774
6.84 -5.61742
6.85 -5.61714
6.86 -5.61689
6.87 -5.61668
6.88 -5.61652
6.89 -5.61639
6.9 -5.61632
6.91 -5.61629
6.92 -5.61631
6.93 -5.61638
6.94 -5.61651
6.95 -5.6167
6.96 -5.61695
6.97 -5.61727
6.98 -5.61765
6.99 -5.6181
7 -5.61862
7.01 -5.61922
7.02 -5.6199
7.03 -5.62067
7.04 -5.62152
7.05 -5.62245
7.06 -5.62348
7.07 -5.62461
7.08 -5.62583
7.09 -5.62716
7.1 -5.62859
7.11 -5.63013
7.12 -5.63179
7.13 -5.63356
7.14 -5.63545
7.15 -5.63746
7.16 -5.6396
7.17 -5.64187
7.18 -5.64428
7.19 -5.64682
7.2 -5.6495
7.21 -5.65233
7.22 -5.6553
7.23 -5.65842
7.24 -5.6617
7.25 -5.66513
7.26 -5.66872
7.27 -5.67247
7.28 -5.67639
7.29 -5.68047
7.3 -5.68473
7.31 -5.68916
7.32 -5.69376
7.33 -5.69854
7.34 -5.70349
7.35 -5.70863
7.36 -5.71395
7.37 -5.71946
7.38 -5.72515
7.39 -5.73102
7.4 -5.73708
7.41 -5.74333
7.42 -5.74977
7.43 -5.7564
7.44 -5.76321
7.45 -5.77022
7.46 -5.77741
7.47 -5.78479
7.48 -5.79236
7.49 -5.80011
7.5 -5.80805
7.51 -5.81617
7.52 -5.82448
7.53 -5.83296
7.54 -5.84163
7.55 -5.85047
7.56 -5.85948
7.57 -5.86866
7.58 -5.87802
7.59 -5.88754
7.6 -5.89722
7.61 -5.90706
7.62 -5.91706
7.63 -5.92721
7.64 -5.93751
7.65 -5.94796
7.66 -5.95855
7.67 -5.96927
7.68 -5.98013
7.69 -5.99112
7.7 -6.00224
7.71 -6.01348
7.72 -6.02483
7.73 -6.0363
7.74 -6.04788
7.75 -6.05956
7.76 -6.07134
7.77 -6.08322
7.78 -6.09519
7.79 -6.10724
7.8 -6.11938
7.81 -6.1316
7.82 -6.14389
7.83 -6.15625
7.84 -6.16867
7.85 -6.18116
7.86 -6.1937
7.87 -6.2063
7.88 -6.21895
7.89 -6.23164
7.9 -6.24437
7.91 -6.25714
7.92 -6.26994
7.93 -6.28277
7.94 -6.29563
7.95 -6.3085
7.96 -6.3214
7.97 -6.33431
7.98 -6.34724
7.99 -6.36017
8 -6.37311
8.01 -6.38605
8.02 -6.39898
8.03 -6.41192
8.04 -6.42484
8.05 -6.43776
8.06 -6.45066
8.07 -6.46355
8.08 -6.47642
8.09 -6.48927
8.1 -6.5021
8.11 -6.5149
8.12 -6.52767
8.13 -6.54042
8.14 -6.55313
8.15 -6.56581
8.16 -6.57845
8.17 -6.59105
8.18 -6.60362
8.19 -6.61614
8.2 -6.62862
8.21 -6.64106
8.22 -6.65345
8.23 -6.66579
8.24 -6.67808
8.25 -6.69033
8.26 -6.70252
8.27 -6.71466
8.28 -6.72675
8.29 -6.73878
8.3 -6.75075
8.31 -6.76267
8.32 -6.77453
8.33 -6.78634
8.34 -6.79808
8.35 -6.80977
8.36 -6.82139
8.37 -6.83296
8.38 -6.84446
8.39 -6.8559
8.4 -6.86728
8.41 -6.87859
8.42 -6.88985
8.43 -6.90103
8.44 -6.91216
8.45 -6.92322
8.46 -6.93422
8.47 -6.94515
8.48 -6.95602
8.49 -6.96682
8.5 -6.97756
8.51 -6.98824
8.52 -6.99885
8.53 -7.00939
8.54 -7.01987
8.55 -7.03029
8.56 -7.04064
8.57 -7.05093
8.58 -7.06115
8.59 -7.07131
8.6 -7.0814
8.61 -7.09143
8.62 -7.1014
8.63 -7.11131
8.64 -7.12115
8.65 -7.13092
8.66 -7.14064
8.67 -7.15029
8.68 -7.15988
8.69 -7.16941
8.7 -7.17888
8.71 -7.18829
8.72 -7.19763
8.73 -7.20692
8.74 -7.21614
8.75 -7.22531
8.76 -7.23441
8.77 -7.24346
8.78 -7.25245
8.79 -7.26137
8.8 -7.27025
8.81 -7.27906
8.82 -7.28781
8.83 -7.29651
8.84 -7.30516
8.85 -7.31374
8.86 -7.32227
8.87 -7.33075
8.88 -7.33917
8.89 -7.34753
8.9 -7.35584
8.91 -7.3641
8.92 -7.3723
8.93 -7.38045
8.94 -7.38855
8.95 -7.3966
8.96 -7.40459
8.97 -7.41253
8.98 -7.42042
8.99 -7.42826
9 -7.43605
9.01 -7.44379
9.02 -7.45148
9.03 -7.45912
9.04 -7.46672
9.05 -7.47426
9.06 -7.48175
9.07 -7.4892
9.08 -7.4966
9.09 -7.50395
9.1 -7.51126
9.11 -7.51852
9.12 -7.52573
9.13 -7.5329
9.14 -7.54003
9.15 -7.5471
9.16 -7.55414
9.17 -7.56113
9.18 -7.56807
9.19 -7.57498
9.2 -7.58184
9.21 -7.58865
9.22 -7.59543
9.23 -7.60216
9.24 -7.60885
9.25 -7.6155
9.26 -7.6221
9.27 -7.62867
9.28 -7.6352
9.29 -7.64168
9.3 -7.64813
9.31 -7.65454
9.32 -7.66091
9.33 -7.66723
9.34 -7.67353
9.35 -7.67978
9.36 -7.68599
9.37 -7.69217
9.38 -7.69831
9.39 -7.70441
9.4 -7.71048
9.41 -7.7165
9.42 -7.7225
9.43 -7.72846
9.44 -7.73438
9.45 -7.74026
9.46 -7.74611
9.47 -7.75193
9.48 -7.75771
9.49 -7.76346
9.5 -7.76918
9.51 -7.77486
9.52 -7.7805
9.53 -7.78612
9.54 -7.7917
9.55 -7.79725
9.56 -7.80277
9.57 -7.80825
9.58 -7.81371
9.59 -7.81913
9.6 -7.82452
9.61 -7.82988
9.62 -7.83521
9.63 -7.8405
9.64 -7.84577
9.65 -7.85101
9.66 -7.85622
9.67 -7.8614
9.68 -7.86655
9.69 -7.87167
9.7 -7.87676
9.71 -7.88183
9.72 -7.88686
9.73 -7.89187
9.74 -7.89685
9.75 -7.9018
9.76 -7.90672
9.77 -7.91162
9.78 -7.91649
9.79 -7.92134
9.8 -7.92615
9.81 -7.93094
9.82 -7.93571
9.83 -7.94045
9.84 -7.94516
9.85 -7.94985
9.86 -7.95451
9.87 -7.95915
9.88 -7.96376
9.89 -7.96835
9.9 -7.97291
9.91 -7.97745
9.92 -7.98196
9.93 -7.98646
9.94 -7.99092
9.95 -7.99537
9.96 -7.99979
9.97 -8.00418
9.98 -8.00856
9.99 -8.01291
10 -8.01724
10.001 -10
