0 -10
0.01 -8.99231
0.02 -8.98792
0.03 -8.9835
0.04 -8.97905
0.05 -8.97457
0.06 -8.97006
0.07 -8.96552
0.08 -8.96095
0.09 -8.95634
0.1 -8.95171
0.11 -8.94704
0.12 -8.94235
0.13 -8.93762
0.14 -8.93285
0.15 -8.92806
0.16 -8.92323
0.17 -8.91838
0.18 -8.91349
0.19 -8.90856
0.2 -8.90361
0.21 -8.89862
0.22 -8.89359
0.23 -8.88854
0.24 -8.88345
0.25 -8.87833
0.26 -8.87317
0.27 -8.86798
0.28 -8.86275
0.29 -8.8575
0.3 -8.8522
0.31 -8.84688
0.32 -8.84152
0.33 -8.83612
0.34 -8.83069
0.35 -8.82522
0.36 -8.81972
0.37 -8.81419
0.38 -8.80862
0.39 -8.80301
0.4 -8.79737
0.41 -8.79169
0.42 -8.78598
0.43 -8.78023
0.44 -8.77445
0.45 -8.76863
0.46 -8.76278
0.47 -8.75689
0.48 -8.75096
0.49 -8.745
0.5 -8.739
0.51 -8.73296
0.52 -8.72689
0.53 -8.72078
0.54 -8.71464
0.55 -8.70846
0.56 -8.70224
0.57 -8.69599
0.58 -8.6897
0.59 -8.68337
0.6 -8.67701
0.61 -8.67061
0.62 -8.66417
0.63 -8.6577
0.64 -8.65119
0.65 -8.64464
0.66 -8.63806
0.67 -8.63144
0.68 -8.62479
0.69 -8.61809
0.7 -8.61136
0.71 -8.6046
0.72 -8.5978
0.73 -8.59096
0.74 -8.58408
0.75 -8.57717
0.76 -8.57022
0.77 -8.56323
0.78 -8.55621
0.79 -8.54915
0.8 -8.54206
0.81 -8.53492
0.82 -8.52775
0.83 -8.52055
0.84 -8.51331
0.85 -8.50603
0.86 -8.49871
0.87 -8.49136
0.88 -8.48397
0.89 -8.47655
0.9 -8.46909
0.91 -8.46159
0.92 -8.45406
0.93 -8.44649
0.94 -8.43888
0.95 -8.43124
0.96 -8.42356
0.97 -8.41584
0.98 -8.40809
0.99 -8.4003
1 -8.39248
1.01 -8.38462
1.02 -8.37672
1.03 -8.36878
1.04 -8.36081
1.05 -8.3528
1.06 -8.34475
1.07 -8.33667
1.08 -8.32855
1.09 -8.32039
1.1 -8.31219
1.11 -8.30396
1.12 -8.29568
1.13 -8.28737
1.14 -8.27902
1.15 -8.27064
1.16 -8.26221
1.17 -8.25374
1.18 -8.24524
1.19 -8.23669
1.2 -8.22811
1.21 -8.21948
1.22 -8.21081
1.23 -8.2021
1.24 -8.19335
1.25 -8.18456
1.26 -8.17572
1.27 -8.16684
1.28 -8.15791
1.29 -8.14894
1.3 -8.13993
1.31 -8.13087
1.32 -8.12176
1.33 -8.1126
1.34 -8.10339
1.35 -8.09413
1.36 -8.08483
1.37 -8.07547
1.38 -8.06605
1.39 -8.05659
1.4 -8.04707
1.41 -8.03749
1.42 -8.02785
1.43 -8.01816
1.44 -8.0084
1.45 -7.99859
1.46 -7.98871
1.47 -7.97876
1.48 -7.96875
1.49 -7.95867
1.5 -7.94852
1.51 -7.9383
1.52 -7.92801
1.53 -7.91764
1.54 -7.9072
1.55 -7.89667
1.56 -7.88607
1.57 -7.87538
1.58 -7.8646
1.59 -7.85374
1.6 -7.84279
1.61 -7.83175
1.62 -7.82061
1.63 -7.80937
1.64 -7.79804
1.65 -7.78661
1.66 -7.77507
1.67 -7.76342
1.68 -7.75166
1.69 -7.7398
1.7 -7.72781
1.71 -7.71571
1.72 -7.7035
1.73 -7.69115
1.74 -7.67869
1.75 -7.66609
1.76 -7.65337
1.77 -7.64051
1.78 -7.62752
1.79 -7.61439
1.8 -7.60112
1.81 -7.58771
1.82 -7.57415
1.83 -7.56044
1.84 -7.54659
1.85 -7.53258
1.86 -7.51842
1.87 -7.5041
1.88 -7.48962
1.89 -7.47499
1.9 -7.46019
1.91 -7.44523
1.92 -7.43011
1.93 -7.41482
1.94 -7.39937
1.95 -7.38375
1.96 -7.36796
1.97 -7.35201
1.98 -7.33588
1.99 -7.31959
2 -7.30314
2.01 -7.28652
2.02 -7.26973
2.03 -7.25278
2.04 -7.23566
2.05 -7.21839
2.06 -7.20095
2.07 -7.18336
2.08 -7.16562
2.09 -7.14773
2.1 -7.12969
2.11 -7.1115
2.12 -7.09318
2.13 -7.07473
2.14 -7.05614
2.15 -7.03743
2.16 -7.0186
2.17 -6.99966
2.18 -6.98061
2.19 -6.96146
2.2 -6.94222
2.21 -6.9229
2.22 -6.90349
2.23 -6.88401
2.24 -6.86447
2.25 -6.84488
2.26 -6.82524
2.27 -6.80557
2.28 -6.78587
2.29 -6.76614
2.3 -6.74641
2.31 -6.72669
2.32 -6.70697
2.33 -6.68727
2.34 -6.6676
2.35 -6.64798
2.36 -6.6284
2.37 -6.60889
2.38 -6.58944
2.39 -6.57008
2.4 -6.5508
2.41 -6.53163
2.42 -6.51256
2.43 -6.49362
2.44 -6.4748
2.45 -6.45612
2.46 -6.43759
2.47 -6.41921
2.48 -6.401
2.49 -6.38295
2.5 -6.36509
2.51 -6.34741
2.52 -6.32992
2.53 -6.31264
2.54 -6.29556
2.55 -6.27869
2.56 -6.26204
2.57 -6.24561
2.58 -6.22941
2.59 -6.21344
2.6 -6.19771
2.61 -6.18221
2.62 -6.16696
2.63 -6.15195
2.64 -6.13719
2.65 -6.12268
2.66 -6.10842
2.67 -6.09441
2.68 -6.08065
2.69 -6.06715
2.7 -6.05389
2.71 -6.0409
2.72 -6.02815
2.73 -6.01566
2.74 -6.00341
2.75 -5.99142
2.76 -5.97967
2.77 -5.96817
2.78 -5.95692
2.79 -5.9459
2.8 -5.93513
2.81 -5.92459
2.82 -5.91429
2.83 -5.90421
2.84 -5.89437
2.85 -5.88475
2.86 -5.87535
2.87 -5.86617
2.88 -5.85721
2.89 -5.84846
2.9 -5.83991
2.91 -5.83157
2.92 -5.82343
2.93 -5.81548
2.94 -5.80773
2.95 -5.80017
2.96 -5.79279
2.97 -5.7856
2.98 -5.77858
2.99 -5.77174
3 -5.76506
3.01 -5.75856
3.02 -5.75221
3.03 -5.74603
3.04 -5.74
3.05 -5.73412
3.06 -5.72839
3.07 -5.72281
3.08 -5.71736
3.09 -5.71206
3.1 -5.70689
3.11 -5.70185
3.12 -5.69694
3.13 -5.69215
3.14 -5.68748
3.15 -5.68294
3.16 -5.6785
3.17 -5.67419
3.18 -5.66998
3.19 -5.66587
3.2 -5.66187
3.21 -5.65798
3.22 -5.65418
3.23 -5.65047
3.24 -5.64686
3.25 -5.64334
3.26 -5.63991
3.27 -5.63657
3.28 -5.63331
3.29 -5.63013
3.3 -5.62703
3.31 -5.62401
3.32 -5.62106
3.33 -5.61819
3.34 -5.61538
3.35 -5.61265
3.36 -5.60998
3.37 -5.60738
3.38 -5.60485
3.39 -5.60237
3.4 -5.59996
3.41 -5.5976
3.42 -5.5953
3.43 -5.59306
3.44 -5.59087
3.45 -5.58873
3.46 -5.58664
3.47 -5.58461
3.48 -5.58262
3.49 -5.58068
3.5 -5.57879
3.51 -5.57694
3.52 -5.57513
3.53 -5.57336
3.54 -5.57164
3.55 -5.56996
3.56 -5.56831
3.57 -5.56671
3.58 -5.56514
3.59 -5.5636
3.6 -5.5621
3.61 -5.56064
3.62 -5.5592
3.63 -5.5578
3.64 -5.55643
3.65 -5.5551
3.66 -5.55379
3.67 -5.55251
3.68 -5.55126
3.69 -5.55003
3.7 -5.54883
3.71 -5.54766
3.72 -5.54652
3.73 -5.54539
3.74 -5.5443
3.75 -5.54322
3.76 -5.54217
3.77 -5.54114
3.78 -5.54013
3.79 -5.53914
3.8 -5.53818
3.81 -5.53723
3.82 -5.5363
3.83 -5.53539
3.84 -5.5345
3.85 -5.53363
3.86 -5.53278
3.87 -5.53194
3.88 -5.53112
3.89 -5.53031
3.9 -5.52953
3.91 -5.52875
3.92 -5.52799
3.93 -5.52725
3.94 -5.52652
3.95 -5.5258
3.96 -5.5251
3.97 -5.52441
3.98 -5.52374
3.99 -5.52307
4 -5.52242
4.01 -5.52178
4.02 -5.52116
4.03 -5.52054
4.04 -5.51993
4.05 -5.51934
4.06 -5.51876
4.07 -5.51818
4.08 -5.51762
4.09 -5.51706
4.1 -5.51652
4.11 -5.51599
4.12 -5.51546
4.13 -5.51494
4.14 -5.51444
4.15 -5.51394
4.16 -5.51344
4.17 -5.51296
4.18 -5.51249
4.19 -5.51202
4.2 -5.51156
4.21 -5.5111
4.22 -5.51066
4.23 -5.51022
4.24 -5.50979
4.25 -5.50936
4.26 -5.50894
4.27 -5.50853
4.28 -5.50812
4.29 -5.50772
4.3 -5.50733
4.31 -5.50694
4.32 -5.50656
4.33 -5.50618
4.34 -5.50581
4.35 -5.50544
4.36 -5.50508
4.37 -5.50472
4.38 -5.50437
4.39 -5.50402
4.4 -5.50368
4.41 -5.50334
4.42 -5.50301
4.43 -5.50268
4.44 -5.50235
4.45 -5.50203
4.46 -5.50172
4.47 -5.5014
4.48 -5.50109
4.49 -5.50079
4.5 -5.50049
4.51 -5.50019
4.52 -5.49989
4.53 -5.4996
4.54 -5.49931
4.55 -5.49903
4.56 -5.49875
4.57 -5.49847
4.58 -5.49819
4.59 -5.49792
4.6 -5.49765
4.61 -5.49738
4.62 -5.49712
4.63 -5.49686
4.64 -5.4966
4.65 -5.49634
4.66 -5.49609
4.67 -5.49584
4.68 -5.49559
4.69 -5.49534
4.7 -5.49509
4.71 -5.49485
4.72 -5.49461
4.73 -5.49437
4.74 -5.49413
4.75 -5.4939
4.76 -5.49366
4.77 -5.49343
4.78 -5.4932
4.79 -5.49297
4.8 -5.49274
4.81 -5.49252
4.82 -5.49229
4.83 -5.49207
4.84 -5.49185
4.85 -5.49163
4.86 -5.49141
4.87 -5.49119
4.88 -5.49097
4.89 -5.49076
4.9 -5.49054
4.91 -5.49033
4.92 -5.49012
4.93 -5.4899
4.94 -5.48969
4.95 -5.48948
4.96 -5.48927
4.97 -5.48906
4.98 -5.48885
4.99 -5.48865
5 -5.48844
5.01 -5.48823
5.02 -5.48802
5.03 -5.48782
5.04 -5.48761
5.05 -5.48741
5.06 -5.4872
5.07 -5.48699
5.08 -5.48679
5.09 -5.48658
5.1 -5.48638
5.11 -5.48617
5.12 -5.48597
5.13 -5.48576
5.14 -5.48555
5.15 -5.48535
5.16 -5.48514
5.17 -5.48493
5.18 -5.48473
5.19 -5.48452
5.2 -5.48431
5.21 -5.4841
5.22 -5.48389
5.23 -5.48368
5.24 -5.48347
5.25 -5.48326
5.26 -5.48305
5.27 -5.48283
5.28 -5.48262
5.29 -5.4824
5.3 -5.48219
5.31 -5.48197
5.32 -5.48175
5.33 -5.48153
5.34 -5.48131
5.35 -5.48109
5.36 -5.48086
5.37 -5.48064
5.38 -5.48041
5.39 -5.48018
5.4 -5.47995
5.41 -5.47972
5.42 -5.47949
5.43 -5.47925
5.44 -5.47902
5.45 -5.47878
5.46 -5.47854
5.47 -5.47829
5.48 -5.47805
5.49 -5.4778
5.5 -5.47756
5.51 -5.4773
5.52 -5.47705
5.53 -5.4768
5.54 -5.47654
5.55 -5.47628
5.56 -5.47602
5.57 -5.47575
5.58 -5.47549
5.59 -5.47522
5.6 -5.47494
5.61 -5.47467
5.62 -5.47439
5.63 -5.47411
5.64 -5.47383
5.65 -5.47354
5.66 -5.47325
5.67 -5.47296
5.68 -5.47266
5.69 -5.47236
5.7 -5.47206
5.71 -5.47176
5.72 -5.47145
5.73 -5.47114
5.74 -5.47082
5.75 -5.4705
5.76 -5.47018
5.77 -5.46986
5.78 -5.46953
5.79 -5.4692
5.8 -5.46886
5.81 -5.46852
5.82 -5.46818
5.83 -5.46783
5.84 -5.46748
5.85 -5.46712
5.86 -5.46676
5.87 -5.4664
5.88 -5.46603
5.89 -5.46566
5.9 -5.46528
5.91 -5.4649
5.92 -5.46452
5.93 -5.46413
5.94 -5.46374
5.95 -5.46334
5.96 -5.46294
5.97 -5.46253
5.98 -5.46212
5.99 -5.46171
6 -5.46129
6.01 -5.46086
6.02 -5.46043
6.03 -5.46
6.04 -5.45956
6.05 -5.45912
6.06 -5.45867
6.07 -5.45822
6.08 -5.45776
6.09 -5.4573
6.1 -5.45683
6.11 -5.45636
6.12 -5.45588
6.13 -5.4554
6.14 -5.45492
6.15 -5.45443
6.16 -5.45393
6.17 -5.45343
6.18 -5.45292
6.19 -5.45241
6.2 -5.45189
6.21 -5.45137
6.22 -5.45085
6.23 -5.45032
6.24 -5.44978
6.25 -5.44924
6.26 -5.44869
6.27 -5.44814
6.28 -5.44759
6.29 -5.44703
6.3 -5.44646
6.31 -5.44589
6.32 -5.44531
6.33 -5.44473
6.34 -5.44415
6.35 -5.44356
6.36 -5.44297
6.37 -5.44237
6.38 -5.44176
6.39 -5.44116
6.4 -5.44054
6.41 -5.43993
6.42 -5.43931
6.43 -5.43868
6.44 -5.43805
6.45 -5.43742
6.46 -5.43678
6.47 -5.43614
6.48 -5.4355
6.49 -5.43485
6.5 -5.4342
6.51 -5.43354
6.52 -5.43288
6.53 -5.43222
6.54 -5.43156
6.55 -5.43089
6.56 -5.43022
6.57 -5.42955
6.58 -5.42887
6.59 -5.42819
6.6 -5.42751
6.61 -5.42683
6.62 -5.42615
6.63 -5.42547
6.64 -5.42478
6.65 -5.42409
6.66 -5.42341
6.67 -5.42272
6.68 -5.42203
6.69 -5.42134
6.7 -5.42065
6.71 -5.41996
6.72 -5.41928
6.73 -5.41859
6.74 -5.41791
6.75 -5.41723
6.76 -5.41655
6.77 -5.41587
6.78 -5.41519
6.79 -5.41452
6.8 -5.41385
6.81 -5.41319
6.82 -5.41253
6.83 -5.41187
6.84 -5.41122
6.85 -5.41058
6.86 -5.40994
6.87 -5.40931
6.88 -5.40869
6.89 -5.40807
6.9 -5.40746
6.91 -5.40686
6.92 -5.40627
6.93 -5.40569
6.94 -5.40512
6.95 -5.40456
6.96 -5.40401
6.97 -5.40348
6.98 -5.40296
6.99 -5.40245
7 -5.40196
7.01 -5.40148
7.02 -5.40101
7.03 -5.40057
7.04 -5.40014
7.05 -5.39973
7.06 -5.39933
7.07 -5.39896
7.08 -5.39861
7.09 -5.39828
7.1 -5.39797
7.11 -5.39769
7.12 -5.39743
7.13 -5.39719
7.14 -5.39698
7.15 -5.3968
7.16 -5.39665
7.17 -5.39652
7.18 -5.39643
7.19 -5.39636
7.2 -5.39633
7.21 -5.39633
7.22 -5.39637
7.23 -5.39644
7.24 -5.39655
7.25 -5.3967
7.26 -5.39689
7.27 -5.39712
7.28 -5.39738
7.29 -5.3977
7.3 -5.39805
7.31 -5.39846
7.32 -5.39891
7.33 -5.3994
7.34 -5.39995
7.35 -5.40055
7.36 -5.4012
7.37 -5.40191
7.38 -5.40267
7.39 -5.40348
7.4 -5.40436
7.41 -5.4053
7.42 -5.40629
7.43 -5.40735
7.44 -5.40848
7.45 -5.40967
7.46 -5.41092
7.47 -5.41225
7.48 -5.41365
7.49 -5.41512
7.5 -5.41666
7.51 -5.41827
7.52 -5.41997
7.53 -5.42174
7.54 -5.42359
7.55 -5.42553
7.56 -5.42755
7.57 -5.42965
7.58 -5.43184
7.59 -5.43411
7.6 -5.43648
7.61 -5.43893
7.62 -5.44148
7.63 -5.44413
7.64 -5.44687
7.65 -5.4497
7.66 -5.45264
7.67 -5.45567
7.68 -5.45881
7.69 -5.46204
7.7 -5.46539
7.71 -5.46884
7.72 -5.47239
7.73 -5.47606
7.74 -5.47983
7.75 -5.48371
7.76 -5.48771
7.77 -5.49182
7.78 -5.49604
7.79 -5.50038
7.8 -5.50484
7.81 -5.50941
7.82 -5.5141
7.83 -5.51892
7.84 -5.52385
7.85 -5.5289
7.86 -5.53407
7.87 -5.53937
7.88 -5.54479
7.89 -5.55033
7.9 -5.556
7.91 -5.56179
7.92 -5.5677
7.93 -5.57374
7.94 -5.57991
7.95 -5.5862
7.96 -5.59262
7.97 -5.59916
7.98 -5.60582
7.99 -5.61262
8 -5.61953
8.01 -5.62658
8.02 -5.63374
8.03 -5.64103
8.04 -5.64844
8.05 -5.65598
8.06 -5.66364
8.07 -5.67142
8.08 -5.67932
8.09 -5.68734
8.1 -5.69548
8.11 -5.70373
8.12 -5.71211
8.13 -5.7206
8.14 -5.7292
8.15 -5.73791
8.16 -5.74674
8.17 -5.75568
8.18 -5.76473
8.19 -5.77388
8.2 -5.78314
8.21 -5.7925
8.22 -5.80197
8.23 -5.81154
8.24 -5.8212
8.25 -5.83097
8.26 -5.84083
8.27 -5.85078
8.28 -5.86082
8.29 -5.87095
8.3 -5.88117
8.31 -5.89148
8.32 -5.90187
8.33 -5.91234
8.34 -5.92289
8.35 -5.93352
8.36 -5.94422
8.37 -5.955
8.38 -5.96584
8.39 -5.97676
8.4 -5.98774
8.41 -5.99879
8.42 -6.0099
8.43 -6.02107
8.44 -6.03229
8.45 -6.04358
8.46 -6.05491
8.47 -6.0663
8.48 -6.07774
8.49 -6.08923
8.5 -6.10076
8.51 -6.11233
8.52 -6.12395
8.53 -6.1356
8.54 -6.1473
8.55 -6.15902
8.56 -6.17078
8.57 -6.18257
8.58 -6.1944
8.59 -6.20624
8.6 -6.21812
8.61 -6.23002
8.62 -6.24194
8.63 -6.25388
8.64 -6.26584
8.65 -6.27781
8.66 -6.2898
8.67 -6.3018
8.68 -6.31382
8.69 -6.32585
8.7 -6.33788
8.71 -6.34992
8.72 -6.36197
8.73 -6.37402
8.74 -6.38607
8.75 -6.39812
8.76 -6.41017
8.77 -6.42223
8.78 -6.43427
8.79 -6.44632
8.8 -6.45836
8.81 -6.47039
8.82 -6.48241
8.83 -6.49443
8.84 -6.50643
8.85 -6.51842
8.86 -6.5304
8.87 -6.54237
8.88 -6.55432
8.89 -6.56625
8.9 -6.57817
8.91 -6.59007
8.92 -6.60195
8.93 -6.61381
8.94 -6.62566
8.95 -6.63748
8.96 -6.64927
8.97 -6.66105
8.98 -6.6728
8.99 -6.68453
9 -6.69623
9.01 -6.70791
9.02 -6.71956
9.03 -6.73118
9.04 -6.74278
9.05 -6.75434
9.06 -6.76588
9.07 -6.77739
9.08 -6.78886
9.09 -6.80031
9.1 -6.81173
9.11 -6.82311
9.12 -6.83446
9.13 -6.84578
9.14 -6.85706
9.15 -6.86832
9.16 -6.87953
9.17 -6.89072
9.18 -6.90186
9.19 -6.91298
9.2 -6.92405
9.21 -6.9351
9.22 -6.9461
9.23 -6.95707
9.24 -6.968
9.25 -6.9789
9.26 -6.98976
9.27 -7.00057
9.28 -7.01136
9.29 -7.0221
9.3 -7.03281
9.31 -7.04347
9.32 -7.0541
9.33 -7.06469
9.34 -7.07524
9.35 -7.08575
9.36 -7.09622
9.37 -7.10666
9.38 -7.11705
9.39 -7.1274
9.4 -7.13771
9.41 -7.14799
9.42 -7.15822
9.43 -7.16841
9.44 -7.17856
9.45 -7.18867
9.46 -7.19874
9.47 -7.20877
9.48 -7.21876
9.49 -7.22871
9.5 -7.23862
9.51 -7.24849
9.52 -7.25832
9.53 -7.2681
9.54 -7.27785
9.55 -7.28755
9.56 -7.29722
9.57 -7.30684
9.58 -7.31642
9.59 -7.32597
9.6 -7.33547
9.61 -7.34493
9.62 -7.35435
9.63 -7.36373
9.64 -7.37307
9.65 -7.38237
9.66 -7.39162
9.67 -7.40084
9.68 -7.41002
9.69 -7.41916
9.7 -7.42826
9.71 -7.43732
9.72 -7.44633
9.73 -7.45531
9.74 -7.46425
9.75 -7.47315
9.76 -7.48201
9.77 -7.49083
9.78 -7.49961
9.79 -7.50836
9.8 -7.51706
9.81 -7.52573
9.82 -7.53435
9.83 -7.54294
9.84 -7.55149
9.85 -7.56
9.86 -7.56847
9.87 -7.57691
9.88 -7.58531
9.89 -7.59367
9.9 -7.60199
9.91 -7.61027
9.92 -7.61852
9.93 -7.62673
9.94 -7.63491
9.95 -7.64304
9.96 -7.65115
9.97 -7.65921
9.98 -7.66724
9.99 -7.67523
10 -7.68319
10.001 -10
