0 0
0.01 0.43041
0.02 0.429033
0.03 0.427646
0.04 0.42625
0.05 0.424843
0.06 0.423427
0.07 0.422
0.08 0.420564
0.09 0.419117
0.1 0.41766
0.11 0.416192
0.12 0.414715
0.13 0.413227
0.14 0.411728
0.15 0.410219
0.16 0.408699
0.17 0.407169
0.18 0.405628
0.19 0.404076
0.2 0.402513
0.21 0.40094
0.22 0.399356
0.23 0.397761
0.24 0.396155
0.25 0.394538
0.26 0.39291
0.27 0.391271
0.28 0.389621
0.29 0.387959
0.3 0.386287
0.31 0.384603
0.32 0.382908
0.33 0.381202
0.34 0.379485
0.35 0.377757
0.36 0.376017
0.37 0.374266
0.38 0.372503
0.39 0.37073
0.4 0.368945
0.41 0.367148
0.42 0.365341
0.43 0.363522
0.44 0.361692
0.45 0.35985
0.46 0.357997
0.47 0.356134
0.48 0.354258
0.49 0.352372
0.5 0.350475
0.51 0.348566
0.52 0.346646
0.53 0.344716
0.54 0.342774
0.55 0.340821
0.56 0.338858
0.57 0.336884
0.58 0.334899
0.59 0.332903
0.6 0.330897
0.61 0.32888
0.62 0.326853
0.63 0.324816
0.64 0.322768
0.65 0.320711
0.66 0.318643
0.67 0.316566
0.68 0.314479
0.69 0.312382
0.7 0.310276
0.71 0.308161
0.72 0.306037
0.73 0.303904
0.74 0.301762
0.75 0.299612
0.76 0.297453
0.77 0.295286
0.78 0.293112
0.79 0.290929
0.8 0.288739
0.81 0.286542
0.82 0.284338
0.83 0.282128
0.84 0.279911
0.85 0.277688
0.86 0.275459
0.87 0.273225
0.88 0.270986
0.89 0.268741
0.9 0.266493
0.91 0.26424
0.92 0.261984
0.93 0.259725
0.94 0.257462
0.95 0.255198
0.96 0.252931
0.97 0.250663
0.98 0.248393
0.99 0.246123
1 0.243853
1.01 0.241584
1.02 0.239316
1.03 0.237049
1.04 0.234784
1.05 0.232523
1.06 0.230264
1.07 0.22801
1.08 0.22576
1.09 0.223516
1.1 0.221278
1.11 0.219046
1.12 0.216822
1.13 0.214607
1.14 0.2124
1.15 0.210203
1.16 0.208017
1.17 0.205842
1.18 0.20368
1.19 0.201531
1.2 0.199396
1.21 0.197277
1.22 0.195173
1.23 0.193086
1.24 0.191017
1.25 0.188968
1.26 0.186938
1.27 0.18493
1.28 0.182943
1.29 0.18098
1.3 0.179041
1.31 0.177128
1.32 0.175241
1.33 0.173383
1.34 0.171553
1.35 0.169753
1.36 0.167985
1.37 0.16625
1.38 0.164548
1.39 0.162882
1.4 0.161252
1.41 0.15966
1.42 0.158107
1.43 0.156595
1.44 0.155124
1.45 0.153697
1.46 0.152314
1.47 0.150977
1.48 0.149687
1.49 0.148445
1.5 0.147254
1.51 0.146114
1.52 0.145026
1.53 0.143993
1.54 0.143016
1.55 0.142095
1.56 0.141233
1.57 0.14043
1.58 0.139689
1.59 0.13901
1.6 0.138395
1.61 0.137845
1.62 0.137362
1.63 0.136946
1.64 0.1366
1.65 0.136325
1.66 0.136121
1.67 0.13599
1.68 0.135934
1.69 0.135953
1.7 0.13605
1.71 0.136224
1.72 0.136477
1.73 0.136811
1.74 0.137226
1.75 0.137724
1.76 0.138305
1.77 0.138971
1.78 0.139722
1.79 0.14056
1.8 0.141485
1.81 0.142498
1.82 0.1436
1.83 0.144791
1.84 0.146073
1.85 0.147446
1.86 0.14891
1.87 0.150467
1.88 0.152116
1.89 0.153857
1.9 0.155693
1.91 0.157621
1.92 0.159643
1.93 0.16176
1.94 0.16397
1.95 0.166274
1.96 0.168672
1.97 0.171163
1.98 0.173748
1.99 0.176426
2 0.179196
2.01 0.182059
2.02 0.185014
2.03 0.188059
2.04 0.191195
2.05 0.19442
2.06 0.197734
2.07 0.201135
2.08 0.204623
2.09 0.208197
2.1 0.211854
2.11 0.215595
2.12 0.219417
2.13 0.223319
2.14 0.2273
2.15 0.231358
2.16 0.235492
2.17 0.239699
2.18 0.243979
2.19 0.248328
2.2 0.252746
2.21 0.257231
2.22 0.26178
2.23 0.266392
2.24 0.271065
2.25 0.275796
2.26 0.280584
2.27 0.285427
2.28 0.290322
2.29 0.295269
2.3 0.300263
2.31 0.305305
2.32 0.310391
2.33 0.31552
2.34 0.32069
2.35 0.325898
2.36 0.331144
2.37 0.336425
2.38 0.34174
2.39 0.347086
2.4 0.352462
2.41 0.357867
2.42 0.3633
2.43 0.368757
2.44 0.374239
2.45 0.379744
2.46 0.38527
2.47 0.390816
2.48 0.396382
2.49 0.401966
2.5 0.407566
2.51 0.413183
2.52 0.418815
2.53 0.424461
2.54 0.430121
2.55 0.435794
2.56 0.441479
2.57 0.447176
2.58 0.452883
2.59 0.458601
2.6 0.464329
2.61 0.470067
2.62 0.475813
2.63 0.481569
2.64 0.487333
2.65 0.493105
2.66 0.498884
2.67 0.504672
2.68 0.510466
2.69 0.516268
2.7 0.522076
2.71 0.527891
2.72 0.533712
2.73 0.53954
2.74 0.545373
2.75 0.551213
2.76 0.557057
2.77 0.562908
2.78 0.568763
2.79 0.574623
2.8 0.580489
2.81 0.586358
2.82 0.592232
2.83 0.598111
2.84 0.603993
2.85 0.609879
2.86 0.615768
2.87 0.62166
2.88 0.627555
2.89 0.633453
2.9 0.639353
2.91 0.645255
2.92 0.651158
2.93 0.657063
2.94 0.662969
2.95 0.668876
2.96 0.674783
2.97 0.68069
2.98 0.686597
2.99 0.692503
3 0.698408
3.01 0.704311
3.02 0.710213
3.03 0.716112
3.04 0.722009
3.05 0.727902
3.06 0.733793
3.07 0.739679
3.08 0.745562
3.09 0.751439
3.1 0.757312
3.11 0.763179
3.12 0.769041
3.13 0.774897
3.14 0.780746
3.15 0.786588
3.16 0.792423
3.17 0.79825
3.18 0.804069
3.19 0.80988
3.2 0.815683
3.21 0.821476
3.22 0.82726
3.23 0.833034
3.24 0.838799
3.25 0.844553
3.26 0.850297
3.27 0.856029
3.28 0.861751
3.29 0.867461
3.3 0.87316
3.31 0.878847
3.32 0.884522
3.33 0.890184
3.34 0.895834
3.35 0.901472
3.36 0.907096
3.37 0.912708
3.38 0.918306
3.39 0.92389
3.4 0.929462
3.41 0.935019
3.42 0.940563
3.43 0.946093
3.44 0.951609
3.45 0.957111
3.46 0.962599
3.47 0.968073
3.48 0.973533
3.49 0.978978
3.5 0.984409
3.51 0.989825
3.52 0.995228
3.53 1.00062
3.54 1.00599
3.55 1.01135
3.56 1.01669
3.57 1.02202
3.58 1.02734
3.59 1.03264
3.6 1.03793
3.61 1.0432
3.62 1.04846
3.63 1.05371
3.64 1.05894
3.65 1.06416
3.66 1.06936
3.67 1.07455
3.68 1.07973
3.69 1.0849
3.7 1.09005
3.71 1.09518
3.72 1.10031
3.73 1.10542
3.74 1.11052
3.75 1.1156
3.76 1.12068
3.77 1.12574
3.78 1.13079
3.79 1.13582
3.8 1.14085
3.81 1.14586
3.82 1.15086
3.83 1.15585
3.84 1.16083
3.85 1.1658
3.86 1.17076
3.87 1.1757
3.88 1.18064
3.89 1.18556
3.9 1.19048
3.91 1.19538
3.92 1.20027
3.93 1.20516
3.94 1.21003
3.95 1.2149
3.96 1.21975
3.97 1.2246
3.98 1.22944
3.99 1.23427
4 1.23909
4.01 1.2439
4.02 1.24871
4.03 1.2535
4.04 1.25829
4.05 1.26307
4.06 1.26784
4.07 1.27261
4.08 1.27737
4.09 1.28212
4.1 1.28686
4.11 1.2916
4.12 1.29633
4.13 1.30105
4.14 1.30577
4.15 1.31048
4.16 1.31519
4.17 1.31989
4.18 1.32458
4.19 1.32927
4.2 1.33396
4.21 1.33864
4.22 1.34331
4.23 1.34798
4.24 1.35264
4.25 1.3573
4.26 1.36196
4.27 1.36661
4.28 1.37126
4.29 1.3759
4.3 1.38054
4.31 1.38517
4.32 1.38981
4.33 1.39443
4.34 1.39906
4.35 1.40368
4.36 1.4083
4.37 1.41291
4.38 1.41753
4.39 1.42213
4.4 1.42674
4.41 1.43135
4.42 1.43595
4.43 1.44055
4.44 1.44514
4.45 1.44974
4.46 1.45433
4.47 1.45892
4.48 1.46351
4.49 1.4681
4.5 1.47269
4.51 1.47727
4.52 1.48185
4.53 1.48643
4.54 1.49101
4.55 1.49559
4.56 1.50017
4.57 1.50475
4.58 1.50932
4.59 1.5139
4.6 1.51847
4.61 1.52304
4.62 1.52762
4.63 1.53219
4.64 1.53676
4.65 1.54133
4.66 1.5459
4.67 1.55047
4.68 1.55504
4.69 1.55961
4.7 1.56418
4.71 1.56875
4.72 1.57331
4.73 1.57788
4.74 1.58245
4.75 1.58702
4.76 1.59159
4.77 1.59616
4.78 1.60073
4.79 1.60529
4.8 1.60986
4.81 1.61443
4.82 1.619
4.83 1.62357
4.84 1.62815
4.85 1.63272
4.86 1.63729
4.87 1.64186
4.88 1.64643
4.89 1.65101
4.9 1.65558
4.91 1.66016
4.92 1.66473
4.93 1.66931
4.94 1.67389
4.95 1.67847
4.96 1.68305
4.97 1.68763
4.98 1.69221
4.99 1.69679
5 1.70137
5.01 1.70596
5.02 1.71054
5.03 1.71513
5.04 1.71972
5.05 1.72431
5.06 1.7289
5.07 1.73349
5.08 1.73808
5.09 1.74267
5.1 1.74727
5.11 1.75187
5.12 1.75647
5.13 1.76107
5.14 1.76567
5.15 1.77027
5.16 1.77488
5.17 1.77948
5.18 1.78409
5.19 1.7887
5.2 1.79332
5.21 1.79793
5.22 1.80255
5.23 1.80716
5.24 1.81179
5.25 1.81641
5.26 1.82103
5.27 1.82566
5.28 1.83029
5.29 1.83492
5.3 1.83956
5.31 1.84419
5.32 1.84883
5.33 1.85348
5.34 1.85812
5.35 1.86277
5.36 1.86742
5.37 1.87208
5.38 1.87673
5.39 1.88139
5.4 1.88606
5.41 1.89073
5.42 1.8954
5.43 1.90007
5.44 1.90475
5.45 1.90943
5.46 1.91412
5.47 1.91881
5.48 1.9235
5.49 1.9282
5.5 1.93291
5.51 1.93761
5.52 1.94233
5.53 1.94704
5.54 1.95176
5.55 1.95649
5.56 1.96122
5.57 1.96596
5.58 1.97071
5.59 1.97545
5.6 1.98021
5.61 1.98497
5.62 1.98974
5.63 1.99451
5.64 1.99929
5.65 2.00408
5.66 2.00887
5.67 2.01367
5.68 2.01848
5.69 2.02329
5.7 2.02812
5.71 2.03295
5.72 2.03778
5.73 2.04263
5.74 2.04749
5.75 2.05235
5.76 2.05722
5.77 2.0621
5.78 2.06699
5.79 2.07189
5.8 2.0768
5.81 2.08173
5.82 2.08666
5.83 2.0916
5.84 2.09655
5.85 2.10151
5.86 2.10648
5.87 2.11147
5.88 2.11647
5.89 2.12148
5.9 2.1265
5.91 2.13153
5.92 2.13658
5.93 2.14164
5.94 2.14671
5.95 2.1518
5.96 2.1569
5.97 2.16202
5.98 2.16715
5.99 2.17229
6 2.17745
6.01 2.18263
6.02 2.18782
6.03 2.19303
6.04 2.19826
6.05 2.2035
6.06 2.20876
6.07 2.21404
6.08 2.21933
6.09 2.22464
6.1 2.22998
6.11 2.23533
6.12 2.2407
6.13 2.24609
6.14 2.2515
6.15 2.25693
6.16 2.26238
6.17 2.26786
6.18 2.27335
6.19 2.27887
6.2 2.28441
6.21 2.28997
6.22 2.29556
6.23 2.30117
6.24 2.3068
6.25 2.31246
6.26 2.31814
6.27 2.32385
6.28 2.32959
6.29 2.33535
6.3 2.34113
6.31 2.34695
6.32 2.35279
6.33 2.35866
6.34 2.36456
6.35 2.37048
6.36 2.37644
6.37 2.38242
6.38 2.38844
6.39 2.39448
6.4 2.40056
6.41 2.40666
6.42 2.4128
6.43 2.41898
6.44 2.42518
6.45 2.43142
6.46 2.43769
6.47 2.44399
6.48 2.45033
6.49 2.4567
6.5 2.46311
6.51 2.46956
6.52 2.47604
6.53 2.48256
6.54 2.48911
6.55 2.4957
6.56 2.50233
6.57 2.509
6.58 2.51571
6.59 2.52245
6.6 2.52924
6.61 2.53606
6.62 2.54293
6.63 2.54984
6.64 2.55678
6.65 2.56377
6.66 2.5708
6.67 2.57788
6.68 2.58499
6.69 2.59215
6.7 2.59936
6.71 2.6066
6.72 2.6139
6.73 2.62123
6.74 2.62861
6.75 2.63604
6.76 2.64351
6.77 2.65103
6.78 2.65859
6.79 2.66621
6.8 2.67386
6.81 2.68157
6.82 2.68932
6.83 2.69712
6.84 2.70497
6.85 2.71286
6.86 2.72081
6.87 2.7288
6.88 2.73684
6.89 2.74493
6.9 2.75307
6.91 2.76126
6.92 2.7695
6.93 2.77779
6.94 2.78613
6.95 2.79451
6.96 2.80295
6.97 2.81144
6.98 2.81998
6.99 2.82857
7 2.8372
7.01 2.84589
7.02 2.85463
7.03 2.86342
7.04 2.87226
7.05 2.88114
7.06 2.89008
7.07 2.89907
7.08 2.90811
7.09 2.91719
7.1 2.92633
7.11 2.93551
7.12 2.94474
7.13 2.95403
7.14 2.96336
7.15 2.97273
7.16 2.98216
7.17 2.99163
7.18 3.00115
7.19 3.01072
7.2 3.02033
7.21 3.02999
7.22 3.0397
7.23 3.04945
7.24 3.05924
7.25 3.06908
7.26 3.07896
7.27 3.08888
7.28 3.09884
7.29 3.10885
7.3 3.1189
7.31 3.12899
7.32 3.13912
7.33 3.14928
7.34 3.15949
7.35 3.16973
7.36 3.18001
7.37 3.19032
7.38 3.20067
7.39 3.21105
7.4 3.22147
7.41 3.23192
7.42 3.2424
7.43 3.25291
7.44 3.26345
7.45 3.27402
7.46 3.28461
7.47 3.29524
7.48 3.30589
7.49 3.31656
7.5 3.32725
7.51 3.33797
7.52 3.34871
7.53 3.35947
7.54 3.37025
7.55 3.38104
7.56 3.39185
7.57 3.40268
7.58 3.41352
7.59 3.42437
7.6 3.43524
7.61 3.44611
7.62 3.45699
7.63 3.46788
7.64 3.47878
7.65 3.48968
7.66 3.50058
7.67 3.51149
7.68 3.5224
7.69 3.5333
7.7 3.54421
7.71 3.5551
7.72 3.566
7.73 3.57689
7.74 3.58776
7.75 3.59863
7.76 3.60949
7.77 3.62033
7.78 3.63116
7.79 3.64198
7.8 3.65277
7.81 3.66355
7.82 3.6743
7.83 3.68504
7.84 3.69574
7.85 3.70643
7.86 3.71708
7.87 3.7277
7.88 3.7383
7.89 3.74886
7.9 3.75938
7.91 3.76987
7.92 3.78032
7.93 3.79073
7.94 3.8011
7.95 3.81143
7.96 3.82171
7.97 3.83194
7.98 3.84212
7.99 3.85225
8 3.86233
8.01 3.87236
8.02 3.88232
8.03 3.89223
8.04 3.90208
8.05 3.91186
8.06 3.92158
8.07 3.93124
8.08 3.94082
8.09 3.95034
8.1 3.95978
8.11 3.96915
8.12 3.97845
8.13 3.98766
8.14 3.9968
8.15 4.00586
8.16 4.01483
8.17 4.02372
8.18 4.03252
8.19 4.04123
8.2 4.04985
8.21 4.05838
8.22 4.06682
8.23 4.07516
8.24 4.0834
8.25 4.09155
8.26 4.09959
8.27 4.10754
8.28 4.11538
8.29 4.12312
8.3 4.13075
8.31 4.13827
8.32 4.14569
8.33 4.15299
8.34 4.16019
8.35 4.16727
8.36 4.17424
8.37 4.1811
8.38 4.18784
8.39 4.19447
8.4 4.20097
8.41 4.20737
8.42 4.21364
8.43 4.21979
8.44 4.22583
8.45 4.23174
8.46 4.23753
8.47 4.24321
8.48 4.24876
8.49 4.25419
8.5 4.25949
8.51 4.26468
8.52 4.26974
8.53 4.27468
8.54 4.2795
8.55 4.28419
8.56 4.28877
8.57 4.29322
8.58 4.29755
8.59 4.30175
8.6 4.30584
8.61 4.3098
8.62 4.31364
8.63 4.31736
8.64 4.32096
8.65 4.32445
8.66 4.32781
8.67 4.33105
8.68 4.33418
8.69 4.33719
8.7 4.34008
8.71 4.34286
8.72 4.34552
8.73 4.34807
8.74 4.3505
8.75 4.35283
8.76 4.35504
8.77 4.35714
8.78 4.35913
8.79 4.36101
8.8 4.36278
8.81 4.36445
8.82 4.36601
8.83 4.36747
8.84 4.36882
8.85 4.37007
8.86 4.37122
8.87 4.37227
8.88 4.37322
8.89 4.37407
8.9 4.37482
8.91 4.37548
8.92 4.37604
8.93 4.37651
8.94 4.37689
8.95 4.37718
8.96 4.37737
8.97 4.37748
8.98 4.37749
8.99 4.37743
9 4.37727
9.01 4.37703
9.02 4.37671
9.03 4.37631
9.04 4.37582
9.05 4.37525
9.06 4.37461
9.07 4.37389
9.08 4.37309
9.09 4.37222
9.1 4.37127
9.11 4.37025
9.12 4.36915
9.13 4.36799
9.14 4.36675
9.15 4.36545
9.16 4.36408
9.17 4.36264
9.18 4.36114
9.19 4.35957
9.2 4.35794
9.21 4.35624
9.22 4.35449
9.23 4.35267
9.24 4.3508
9.25 4.34886
9.26 4.34687
9.27 4.34482
9.28 4.34272
9.29 4.34056
9.3 4.33834
9.31 4.33608
9.32 4.33376
9.33 4.33139
9.34 4.32897
9.35 4.3265
9.36 4.32398
9.37 4.32141
9.38 4.3188
9.39 4.31614
9.4 4.31343
9.41 4.31068
9.42 4.30789
9.43 4.30505
9.44 4.30217
9.45 4.29925
9.46 4.29629
9.47 4.29328
9.48 4.29024
9.49 4.28716
9.5 4.28404
9.51 4.28088
9.52 4.27769
9.53 4.27446
9.54 4.2712
9.55 4.2679
9.56 4.26456
9.57 4.26119
9.58 4.25779
9.59 4.25436
9.6 4.25089
9.61 4.24739
9.62 4.24386
9.63 4.2403
9.64 4.23671
9.65 4.23309
9.66 4.22944
9.67 4.22577
9.68 4.22206
9.69 4.21833
9.7 4.21457
9.71 4.21079
9.72 4.20697
9.73 4.20314
9.74 4.19927
9.75 4.19539
9.76 4.19147
9.77 4.18754
9.78 4.18358
9.79 4.17959
9.8 4.17559
9.81 4.17156
9.82 4.16751
9.83 4.16343
9.84 4.15934
9.85 4.15522
9.86 4.15108
9.87 4.14693
9.88 4.14275
9.89 4.13855
9.9 4.13433
9.91 4.13009
9.92 4.12584
9.93 4.12156
9.94 4.11727
9.95 4.11296
9.96 4.10863
9.97 4.10428
9.98 4.09991
9.99 4.09553
10 4.09113
10.001 0
