0 5
0.01 4.24126
0.02 4.24172
0.03 4.24219
0.04 4.24266
0.05 4.24313
0.06 4.2436
0.07 4.24407
0.08 4.24454
0.09 4.24502
0.1 4.2455
0.11 4.24598
0.12 4.24646
0.13 4.24695
0.14 4.24743
0.15 4.24792
0.16 4.24841
0.17 4.2489
0.18 4.2494
0.19 4.24989
0.2 4.25039
0.21 4.25089
0.22 4.2514
0.23 4.2519
0.24 4.25241
0.25 4.25292
0.26 4.25344
0.27 4.25395
0.28 4.25447
0.29 4.25499
0.3 4.25552
0.31 4.25605
0.32 4.25658
0.33 4.25712
0.34 4.25765
0.35 4.2582
0.36 4.25874
0.37 4.25929
0.38 4.25985
0.39 4.2604
0.4 4.26097
0.41 4.26153
0.42 4.2621
0.43 4.26268
0.44 4.26326
0.45 4.26385
0.46 4.26444
0.47 4.26504
0.48 4.26564
0.49 4.26625
0.5 4.26687
0.51 4.26749
0.52 4.26812
0.53 4.26875
0.54 4.2694
0.55 4.27005
0.56 4.27071
0.57 4.27137
0.58 4.27205
0.59 4.27273
0.6 4.27343
0.61 4.27413
0.62 4.27484
0.63 4.27557
0.64 4.2763
0.65 4.27704
0.66 4.2778
0.67 4.27856
0.68 4.27934
0.69 4.28014
0.7 4.28094
0.71 4.28176
0.72 4.28259
0.73 4.28343
0.74 4.28429
0.75 4.28517
0.76 4.28606
0.77 4.28697
0.78 4.28789
0.79 4.28883
0.8 4.28979
0.81 4.29076
0.82 4.29176
0.83 4.29277
0.84 4.2938
0.85 4.29486
0.86 4.29593
0.87 4.29702
0.88 4.29814
0.89 4.29928
0.9 4.30044
0.91 4.30162
0.92 4.30283
0.93 4.30407
0.94 4.30532
0.95 4.30661
0.96 4.30792
0.97 4.30925
0.98 4.31062
0.99 4.31201
1 4.31343
1.01 4.31488
1.02 4.31636
1.03 4.31786
1.04 4.3194
1.05 4.32097
1.06 4.32257
1.07 4.3242
1.08 4.32587
1.09 4.32757
1.1 4.3293
1.11 4.33106
1.12 4.33286
1.13 4.3347
1.14 4.33657
1.15 4.33848
1.16 4.34042
1.17 4.3424
1.18 4.34441
1.19 4.34646
1.2 4.34856
1.21 4.35068
1.22 4.35285
1.23 4.35506
1.24 4.3573
1.25 4.35959
1.26 4.36191
1.27 4.36428
1.28 4.36668
1.29 4.36913
1.3 4.37162
1.31 4.37415
1.32 4.37672
1.33 4.37933
1.34 4.38198
1.35 4.38468
1.36 4.38742
1.37 4.3902
1.38 4.39303
1.39 4.3959
1.4 4.39881
1.41 4.40176
1.42 4.40476
1.43 4.40781
1.44 4.4109
1.45 4.41403
1.46 4.41721
1.47 4.42044
1.48 4.42371
1.49 4.42702
1.5 4.43039
1.51 4.4338
1.52 4.43726
1.53 4.44076
1.54 4.44431
1.55 4.44791
1.56 4.45156
1.57 4.45526
1.58 4.45901
1.59 4.46281
1.6 4.46666
1.61 4.47056
1.62 4.47452
1.63 4.47852
1.64 4.48258
1.65 4.4867
1.66 4.49087
1.67 4.49509
1.68 4.49937
1.69 4.50371
1.7 4.5081
1.71 4.51256
1.72 4.51707
1.73 4.52164
1.74 4.52628
1.75 4.53098
1.76 4.53574
1.77 4.54057
1.78 4.54546
1.79 4.55043
1.8 4.55545
1.81 4.56055
1.82 4.56572
1.83 4.57097
1.84 4.57628
1.85 4.58167
1.86 4.58714
1.87 4.59268
1.88 4.5983
1.89 4.604
1.9 4.60978
1.91 4.61565
1.92 4.6216
1.93 4.62763
1.94 4.63375
1.95 4.63996
1.96 4.64625
1.97 4.65264
1.98 4.65911
1.99 4.66568
2 4.67235
2.01 4.6791
2.02 4.68596
2.03 4.69291
2.04 4.69995
2.05 4.7071
2.06 4.71434
2.07 4.72168
2.08 4.72913
2.09 4.73667
2.1 4.74431
2.11 4.75206
2.12 4.7599
2.13 4.76785
2.14 4.77589
2.15 4.78404
2.16 4.79228
2.17 4.80063
2.18 4.80907
2.19 4.81761
2.2 4.82625
2.21 4.83498
2.22 4.8438
2.23 4.85272
2.24 4.86172
2.25 4.87082
2.26 4.88
2.27 4.88926
2.28 4.89861
2.29 4.90804
2.3 4.91754
2.31 4.92711
2.32 4.93675
2.33 4.94646
2.34 4.95624
2.35 4.96607
2.36 4.97596
2.37 4.9859
2.38 4.99589
2.39 5.00592
2.4 5.01599
2.41 5.0261
2.42 5.03624
2.43 5.04641
2.44 5.0566
2.45 5.06681
2.46 5.07703
2.47 5.08727
2.48 5.0975
2.49 5.10774
2.5 5.11798
2.51 5.1282
2.52 5.13842
2.53 5.14861
2.54 5.15879
2.55 5.16893
2.56 5.17905
2.57 5.18914
2.58 5.19919
2.59 5.20919
2.6 5.21915
2.61 5.22906
2.62 5.23892
2.63 5.24873
2.64 5.25847
2.65 5.26816
2.66 5.27778
2.67 5.28733
2.68 5.29681
2.69 5.30622
2.7 5.31556
2.71 5.32481
2.72 5.33399
2.73 5.34309
2.74 5.35211
2.75 5.36104
2.76 5.36989
2.77 5.37865
2.78 5.38732
2.79 5.3959
2.8 5.4044
2.81 5.4128
2.82 5.42111
2.83 5.42933
2.84 5.43746
2.85 5.44549
2.86 5.45344
2.87 5.46129
2.88 5.46905
2.89 5.47671
2.9 5.48428
2.91 5.49176
2.92 5.49915
2.93 5.50645
2.94 5.51365
2.95 5.52076
2.96 5.52779
2.97 5.53472
2.98 5.54157
2.99 5.54833
3 5.555
3.01 5.56158
3.02 5.56808
3.03 5.57449
3.04 5.58082
3.05 5.58706
3.06 5.59323
3.07 5.59931
3.08 5.60531
3.09 5.61123
3.1 5.61708
3.11 5.62284
3.12 5.62853
3.13 5.63415
3.14 5.63969
3.15 5.64516
3.16 5.65055
3.17 5.65588
3.18 5.66113
3.19 5.66632
3.2 5.67144
3.21 5.67649
3.22 5.68147
3.23 5.68639
3.24 5.69125
3.25 5.69604
3.26 5.70078
3.27 5.70545
3.28 5.71006
3.29 5.71461
3.3 5.71911
3.31 5.72355
3.32 5.72793
3.33 5.73226
3.34 5.73654
3.35 5.74076
3.36 5.74493
3.37 5.74905
3.38 5.75312
3.39 5.75713
3.4 5.7611
3.41 5.76503
3.42 5.7689
3.43 5.77273
3.44 5.77652
3.45 5.78026
3.46 5.78396
3.47 5.78761
3.48 5.79122
3.49 5.79479
3.5 5.79832
3.51 5.80181
3.52 5.80527
3.53 5.80868
3.54 5.81206
3.55 5.81539
3.56 5.8187
3.57 5.82196
3.58 5.82519
3.59 5.82839
3.6 5.83156
3.61 5.83469
3.62 5.83778
3.63 5.84085
3.64 5.84388
3.65 5.84689
3.66 5.84986
3.67 5.85281
3.68 5.85572
3.69 5.85861
3.7 5.86146
3.71 5.8643
3.72 5.8671
3.73 5.86988
3.74 5.87263
3.75 5.87535
3.76 5.87805
3.77 5.88073
3.78 5.88338
3.79 5.88601
3.8 5.88861
3.81 5.89119
3.82 5.89375
3.83 5.89629
3.84 5.8988
3.85 5.9013
3.86 5.90377
3.87 5.90622
3.88 5.90865
3.89 5.91106
3.9 5.91346
3.91 5.91583
3.92 5.91819
3.93 5.92052
3.94 5.92284
3.95 5.92514
3.96 5.92742
3.97 5.92969
3.98 5.93194
3.99 5.93417
4 5.93639
4.01 5.93859
4.02 5.94077
4.03 5.94294
4.04 5.9451
4.05 5.94724
4.06 5.94936
4.07 5.95147
4.08 5.95357
4.09 5.95565
4.1 5.95772
4.11 5.95978
4.12 5.96182
4.13 5.96385
4.14 5.96587
4.15 5.96788
4.16 5.96987
4.17 5.97185
4.18 5.97382
4.19 5.97578
4.2 5.97773
4.21 5.97966
4.22 5.98159
4.23 5.9835
4.24 5.9854
4.25 5.9873
4.26 5.98918
4.27 5.99105
4.28 5.99291
4.29 5.99477
4.3 5.99661
4.31 5.99844
4.32 6.00027
4.33 6.00209
4.34 6.00389
4.35 6.00569
4.36 6.00748
4.37 6.00926
4.38 6.01103
4.39 6.0128
4.4 6.01456
4.41 6.01631
4.42 6.01805
4.43 6.01978
4.44 6.02151
4.45 6.02322
4.46 6.02494
4.47 6.02664
4.48 6.02834
4.49 6.03003
4.5 6.03171
4.51 6.03339
4.52 6.03506
4.53 6.03672
4.54 6.03838
4.55 6.04003
4.56 6.04168
4.57 6.04332
4.58 6.04495
4.59 6.04658
4.6 6.0482
4.61 6.04981
4.62 6.05143
4.63 6.05303
4.64 6.05463
4.65 6.05622
4.66 6.05781
4.67 6.0594
4.68 6.06098
4.69 6.06255
4.7 6.06412
4.71 6.06568
4.72 6.06724
4.73 6.0688
4.74 6.07035
4.75 6.07189
4.76 6.07343
4.77 6.07497
4.78 6.0765
4.79 6.07803
4.8 6.07956
4.81 6.08108
4.82 6.08259
4.83 6.08411
4.84 6.08561
4.85 6.08712
4.86 6.08862
4.87 6.09012
4.88 6.09161
4.89 6.0931
4.9 6.09459
4.91 6.09607
4.92 6.09755
4.93 6.09903
4.94 6.1005
4.95 6.10197
4.96 6.10343
4.97 6.1049
4.98 6.10636
4.99 6.10781
5 6.10927
5.01 6.11072
5.02 6.11217
5.03 6.11361
5.04 6.11506
5.05 6.1165
5.06 6.11794
5.07 6.11937
5.08 6.1208
5.09 6.12223
5.1 6.12366
5.11 6.12509
5.12 6.12651
5.13 6.12793
5.14 6.12935
5.15 6.13077
5.16 6.13218
5.17 6.13359
5.18 6.135
5.19 6.13641
5.2 6.13782
5.21 6.13922
5.22 6.14062
5.23 6.14202
5.24 6.14342
5.25 6.14482
5.26 6.14621
5.27 6.14761
5.28 6.149
5.29 6.15039
5.3 6.15178
5.31 6.15317
5.32 6.15456
5.33 6.15594
5.34 6.15733
5.35 6.15871
5.36 6.16009
5.37 6.16147
5.38 6.16285
5.39 6.16423
5.4 6.16561
5.41 6.16699
5.42 6.16836
5.43 6.16974
5.44 6.17111
5.45 6.17249
5.46 6.17386
5.47 6.17523
5.48 6.17661
5.49 6.17798
5.5 6.17935
5.51 6.18072
5.52 6.18209
5.53 6.18346
5.54 6.18484
5.55 6.18621
5.56 6.18758
5.57 6.18895
5.58 6.19032
5.59 6.19169
5.6 6.19306
5.61 6.19443
5.62 6.1958
5.63 6.19717
5.64 6.19855
5.65 6.19992
5.66 6.20129
5.67 6.20267
5.68 6.20404
5.69 6.20542
5.7 6.20679
5.71 6.20817
5.72 6.20955
5.73 6.21092
5.74 6.2123
5.75 6.21368
5.76 6.21507
5.77 6.21645
5.78 6.21783
5.79 6.21922
5.8 6.22061
5.81 6.22199
5.82 6.22338
5.83 6.22478
5.84 6.22617
5.85 6.22756
5.86 6.22896
5.87 6.23036
5.88 6.23176
5.89 6.23316
5.9 6.23456
5.91 6.23597
5.92 6.23738
5.93 6.23879
5.94 6.2402
5.95 6.24162
5.96 6.24303
5.97 6.24445
5.98 6.24587
5.99 6.2473
6 6.24873
6.01 6.25016
6.02 6.25159
6.03 6.25302
6.04 6.25446
6.05 6.2559
6.06 6.25735
6.07 6.25879
6.08 6.26024
6.09 6.26169
6.1 6.26315
6.11 6.26461
6.12 6.26607
6.13 6.26754
6.14 6.26901
6.15 6.27048
6.16 6.27195
6.17 6.27343
6.18 6.27491
6.19 6.2764
6.2 6.27789
6.21 6.27938
6.22 6.28088
6.23 6.28238
6.24 6.28388
6.25 6.28539
6.26 6.2869
6.27 6.28841
6.28 6.28993
6.29 6.29146
6.3 6.29298
6.31 6.29451
6.32 6.29604
6.33 6.29758
6.34 6.29912
6.35 6.30067
6.36 6.30221
6.37 6.30377
6.38 6.30532
6.39 6.30688
6.4 6.30844
6.41 6.31001
6.42 6.31158
6.43 6.31315
6.44 6.31473
6.45 6.31631
6.46 6.3179
6.47 6.31948
6.48 6.32107
6.49 6.32267
6.5 6.32427
6.51 6.32587
6.52 6.32747
6.53 6.32907
6.54 6.33068
6.55 6.33229
6.56 6.33391
6.57 6.33552
6.58 6.33714
6.59 6.33876
6.6 6.34038
6.61 6.34201
6.62 6.34363
6.63 6.34526
6.64 6.34689
6.65 6.34852
6.66 6.35015
6.67 6.35178
6.68 6.35341
6.69 6.35504
6.7 6.35667
6.71 6.35831
6.72 6.35994
6.73 6.36157
6.74 6.3632
6.75 6.36482
6.76 6.36645
6.77 6.36807
6.78 6.36969
6.79 6.37131
6.8 6.37293
6.81 6.37454
6.82 6.37614
6.83 6.37775
6.84 6.37935
6.85 6.38094
6.86 6.38253
6.87 6.38411
6.88 6.38568
6.89 6.38725
6.9 6.38881
6.91 6.39036
6.92 6.3919
6.93 6.39343
6.94 6.39496
6.95 6.39647
6.96 6.39797
6.97 6.39946
6.98 6.40094
6.99 6.4024
7 6.40385
7.01 6.40528
7.02 6.4067
7.03 6.4081
7.04 6.40949
7.05 6.41086
7.06 6.41221
7.07 6.41354
7.08 6.41485
7.09 6.41613
7.1 6.4174
7.11 6.41864
7.12 6.41986
7.13 6.42105
7.14 6.42222
7.15 6.42336
7.16 6.42447
7.17 6.42555
7.18 6.4266
7.19 6.42762
7.2 6.42861
7.21 6.42956
7.22 6.43048
7.23 6.43136
7.24 6.4322
7.25 6.43301
7.26 6.43377
7.27 6.4345
7.28 6.43518
7.29 6.43581
7.3 6.4364
7.31 6.43695
7.32 6.43744
7.33 6.43789
7.34 6.43828
7.35 6.43863
7.36 6.43892
7.37 6.43915
7.38 6.43932
7.39 6.43944
7.4 6.4395
7.41 6.43949
7.42 6.43943
7.43 6.43929
7.44 6.4391
7.45 6.43883
7.46 6.43849
7.47 6.43809
7.48 6.43761
7.49 6.43705
7.5 6.43642
7.51 6.43571
7.52 6.43493
7.53 6.43406
7.54 6.43311
7.55 6.43208
7.56 6.43096
7.57 6.42975
7.58 6.42846
7.59 6.42707
7.6 6.4256
7.61 6.42403
7.62 6.42237
7.63 6.42061
7.64 6.41875
7.65 6.41679
7.66 6.41473
7.67 6.41258
7.68 6.41032
7.69 6.40795
7.7 6.40548
7.71 6.4029
7.72 6.40022
7.73 6.39742
7.74 6.39452
7.75 6.3915
7.76 6.38837
7.77 6.38513
7.78 6.38178
7.79 6.37831
7.8 6.37473
7.81 6.37103
7.82 6.36721
7.83 6.36328
7.84 6.35923
7.85 6.35506
7.86 6.35078
7.87 6.34637
7.88 6.34185
7.89 6.33721
7.9 6.33245
7.91 6.32757
7.92 6.32258
7.93 6.31747
7.94 6.31224
7.95 6.30689
7.96 6.30143
7.97 6.29585
7.98 6.29016
7.99 6.28435
8 6.27844
8.01 6.27241
8.02 6.26626
8.03 6.26001
8.04 6.25366
8.05 6.24719
8.06 6.24062
8.07 6.23395
8.08 6.22717
8.09 6.22029
8.1 6.21332
8.11 6.20625
8.12 6.19908
8.13 6.19182
8.14 6.18447
8.15 6.17704
8.16 6.16951
8.17 6.16191
8.18 6.15422
8.19 6.14645
8.2 6.13861
8.21 6.1307
8.22 6.12271
8.23 6.11465
8.24 6.10653
8.25 6.09834
8.26 6.0901
8.27 6.08179
8.28 6.07343
8.29 6.06502
8.3 6.05656
8.31 6.04805
8.32 6.0395
8.33 6.03091
8.34 6.02228
8.35 6.01361
8.36 6.00491
8.37 5.99618
8.38 5.98742
8.39 5.97864
8.4 5.96984
8.41 5.96101
8.42 5.95217
8.43 5.94332
8.44 5.93446
8.45 5.92558
8.46 5.9167
8.47 5.90782
8.48 5.89893
8.49 5.89005
8.5 5.88117
8.51 5.87229
8.52 5.86342
8.53 5.85457
8.54 5.84572
8.55 5.83689
8.56 5.82807
8.57 5.81928
8.58 5.8105
8.59 5.80175
8.6 5.79302
8.61 5.78431
8.62 5.77563
8.63 5.76699
8.64 5.75837
8.65 5.74978
8.66 5.74123
8.67 5.73271
8.68 5.72423
8.69 5.71579
8.7 5.70739
8.71 5.69902
8.72 5.6907
8.73 5.68242
8.74 5.67418
8.75 5.66599
8.76 5.65785
8.77 5.64975
8.78 5.64169
8.79 5.63369
8.8 5.62574
8.81 5.61783
8.82 5.60997
8.83 5.60217
8.84 5.59442
8.85 5.58672
8.86 5.57907
8.87 5.57147
8.88 5.56393
8.89 5.55644
8.9 5.54901
8.91 5.54163
8.92 5.5343
8.93 5.52703
8.94 5.51982
8.95 5.51266
8.96 5.50556
8.97 5.49851
8.98 5.49152
8.99 5.48458
9 5.4777
9.01 5.47088
9.02 5.46411
9.03 5.4574
9.04 5.45074
9.05 5.44415
9.06 5.4376
9.07 5.43111
9.08 5.42468
9.09 5.4183
9.1 5.41198
9.11 5.40571
9.12 5.3995
9.13 5.39334
9.14 5.38724
9.15 5.38119
9.16 5.37519
9.17 5.36925
9.18 5.36336
9.19 5.35753
9.2 5.35174
9.21 5.34601
9.22 5.34034
9.23 5.33471
9.24 5.32913
9.25 5.32361
9.26 5.31813
9.27 5.31271
9.28 5.30734
9.29 5.30201
9.3 5.29674
9.31 5.29151
9.32 5.28633
9.33 5.2812
9.34 5.27612
9.35 5.27108
9.36 5.26609
9.37 5.26115
9.38 5.25625
9.39 5.2514
9.4 5.2466
9.41 5.24183
9.42 5.23712
9.43 5.23244
9.44 5.22781
9.45 5.22322
9.46 5.21868
9.47 5.21417
9.48 5.20971
9.49 5.20529
9.5 5.20091
9.51 5.19657
9.52 5.19227
9.53 5.18801
9.54 5.18379
9.55 5.1796
9.56 5.17546
9.57 5.17135
9.58 5.16728
9.59 5.16324
9.6 5.15925
9.61 5.15529
9.62 5.15136
9.63 5.14747
9.64 5.14361
9.65 5.13979
9.66 5.136
9.67 5.13225
9.68 5.12853
9.69 5.12484
9.7 5.12118
9.71 5.11756
9.72 5.11397
9.73 5.11041
9.74 5.10688
9.75 5.10338
9.76 5.09991
9.77 5.09647
9.78 5.09306
9.79 5.08967
9.8 5.08632
9.81 5.08299
9.82 5.0797
9.83 5.07643
9.84 5.07318
9.85 5.06997
9.86 5.06678
9.87 5.06362
9.88 5.06048
9.89 5.05737
9.9 5.05428
9.91 5.05122
9.92 5.04818
9.93 5.04517
9.94 5.04218
9.95 5.03921
9.96 5.03627
9.97 5.03335
9.98 5.03046
9.99 5.02758
10 5.02473
10.001 5
