0 -10
0.01 -7.47807
0.02 -7.46678
0.03 -7.45536
0.04 -7.44383
0.05 -7.43216
0.06 -7.42037
0.07 -7.40845
0.08 -7.3964
0.09 -7.38422
0.1 -7.37191
0.11 -7.35947
0.12 -7.3469
0.13 -7.33419
0.14 -7.32135
0.15 -7.30837
0.16 -7.29526
0.17 -7.28202
0.18 -7.26864
0.19 -7.25513
0.2 -7.24149
0.21 -7.22771
0.22 -7.2138
0.23 -7.19976
0.24 -7.18558
0.25 -7.17128
0.26 -7.15685
0.27 -7.14229
0.28 -7.1276
0.29 -7.1128
0.3 -7.09787
0.31 -7.08282
0.32 -7.06766
0.33 -7.05239
0.34 -7.037
0.35 -7.02151
0.36 -7.00591
0.37 -6.99021
0.38 -6.97442
0.39 -6.95853
0.4 -6.94256
0.41 -6.9265
0.42 -6.91037
0.43 -6.89416
0.44 -6.87788
0.45 -6.86154
0.46 -6.84515
0.47 -6.8287
0.48 -6.81221
0.49 -6.79567
0.5 -6.77911
0.51 -6.76252
0.52 -6.74591
0.53 -6.72928
0.54 -6.71266
0.55 -6.69603
0.56 -6.67941
0.57 -6.66281
0.58 -6.64623
0.59 -6.62968
0.6 -6.61317
0.61 -6.5967
0.62 -6.58029
0.63 -6.56394
0.64 -6.54766
0.65 -6.53145
0.66 -6.51533
0.67 -6.4993
0.68 -6.48336
0.69 -6.46753
0.7 -6.45181
0.71 -6.43621
0.72 -6.42074
0.73 -6.4054
0.74 -6.39019
0.75 -6.37513
0.76 -6.36022
0.77 -6.34547
0.78 -6.33088
0.79 -6.31646
0.8 -6.3022
0.81 -6.28813
0.82 -6.27423
0.83 -6.26052
0.84 -6.247
0.85 -6.23367
0.86 -6.22053
0.87 -6.2076
0.88 -6.19486
0.89 -6.18233
0.9 -6.17001
0.91 -6.15789
0.92 -6.14598
0.93 -6.13428
0.94 -6.1228
0.95 -6.11153
0.96 -6.10047
0.97 -6.08962
0.98 -6.07898
0.99 -6.06856
1 -6.05835
1.01 -6.04835
1.02 -6.03857
1.03 -6.02899
1.04 -6.01962
1.05 -6.01046
1.06 -6.0015
1.07 -5.99274
1.08 -5.98419
1.09 -5.97584
1.1 -5.96768
1.11 -5.95972
1.12 -5.95195
1.13 -5.94437
1.14 -5.93698
1.15 -5.92977
1.16 -5.92274
1.17 -5.91589
1.18 -5.90922
1.19 -5.90272
1.2 -5.89639
1.21 -5.89023
1.22 -5.88423
1.23 -5.87839
1.24 -5.8727
1.25 -5.86718
1.26 -5.8618
1.27 -5.85657
1.28 -5.85149
1.29 -5.84655
1.3 -5.84175
1.31 -5.83708
1.32 -5.83254
1.33 -5.82814
1.34 -5.82386
1.35 -5.81971
1.36 -5.81567
1.37 -5.81176
1.38 -5.80796
1.39 -5.80427
1.4 -5.80069
1.41 -5.79721
1.42 -5.79385
1.43 -5.79058
1.44 -5.78741
1.45 -5.78433
1.46 -5.78135
1.47 -5.77847
1.48 -5.77566
1.49 -5.77295
1.5 -5.77032
1.51 -5.76777
1.52 -5.7653
1.53 -5.76291
1.54 -5.76059
1.55 -5.75835
1.56 -5.75617
1.57 -5.75407
1.58 -5.75203
1.59 -5.75006
1.6 -5.74815
1.61 -5.7463
1.62 -5.74451
1.63 -5.74278
1.64 -5.74111
1.65 -5.73949
1.66 -5.73792
1.67 -5.73641
1.68 -5.73494
1.69 -5.73352
1.7 -5.73215
1.71 -5.73083
1.72 -5.72955
1.73 -5.72831
1.74 -5.72711
1.75 -5.72596
1.76 -5.72484
1.77 -5.72376
1.78 -5.72272
1.79 -5.72171
1.8 -5.72074
1.81 -5.7198
1.82 -5.71889
1.83 -5.71802
1.84 -5.71717
1.85 -5.71636
1.86 -5.71557
1.87 -5.71481
1.88 -5.71408
1.89 -5.71337
1.9 -5.71269
1.91 -5.71203
1.92 -5.7114
1.93 -5.71078
1.94 -5.71019
1.95 -5.70962
1.96 -5.70908
1.97 -5.70855
1.98 -5.70804
1.99 -5.70755
2 -5.70707
2.01 -5.70662
2.02 -5.70618
2.03 -5.70575
2.04 -5.70534
2.05 -5.70495
2.06 -5.70457
2.07 -5.70421
2.08 -5.70386
2.09 -5.70352
2.1 -5.70319
2.11 -5.70288
2.12 -5.70258
2.13 -5.70229
2.14 -5.70201
2.15 -5.70174
2.16 -5.70148
2.17 -5.70123
2.18 -5.70099
2.19 -5.70076
2.2 -5.70053
2.21 -5.70032
2.22 -5.70011
2.23 -5.69991
2.24 -5.69972
2.25 -5.69953
2.26 -5.69935
2.27 -5.69918
2.28 -5.69902
2.29 -5.69886
2.3 -5.6987
2.31 -5.69855
2.32 -5.69841
2.33 -5.69827
2.34 -5.69813
2.35 -5.698
2.36 -5.69787
2.37 -5.69775
2.38 -5.69763
2.39 -5.69752
2.4 -5.69741
2.41 -5.6973
2.42 -5.69719
2.43 -5.69709
2.44 -5.69699
2.45 -5.69689
2.46 -5.69679
2.47 -5.6967
2.48 -5.69661
2.49 -5.69652
2.5 -5.69643
2.51 -5.69635
2.52 -5.69626
2.53 -5.69618
2.54 -5.6961
2.55 -5.69602
2.56 -5.69594
2.57 -5.69586
2.58 -5.69578
2.59 -5.6957
2.6 -5.69563
2.61 -5.69555
2.62 -5.69548
2.63 -5.6954
2.64 -5.69532
2.65 -5.69525
2.66 -5.69517
2.67 -5.6951
2.68 -5.69502
2.69 -5.69495
2.7 -5.69487
2.71 -5.69479
2.72 -5.69472
2.73 -5.69464
2.74 -5.69456
2.75 -5.69448
2.76 -5.6944
2.77 -5.69432
2.78 -5.69424
2.79 -5.69416
2.8 -5.69408
2.81 -5.69399
2.82 -5.69391
2.83 -5.69382
2.84 -5.69374
2.85 -5.69365
2.86 -5.69356
2.87 -5.69347
2.88 -5.69338
2.89 -5.69328
2.9 -5.69319
2.91 -5.69309
2.92 -5.69299
2.93 -5.6929
2.94 -5.69279
2.95 -5.69269
2.96 -5.69259
2.97 -5.69248
2.98 -5.69238
2.99 -5.69227
3 -5.69216
3.01 -5.69205
3.02 -5.69193
3.03 -5.69182
3.04 -5.6917
3.05 -5.69158
3.06 -5.69146
3.07 -5.69134
3.08 -5.69121
3.09 -5.69109
3.1 -5.69096
3.11 -5.69083
3.12 -5.69069
3.13 -5.69056
3.14 -5.69042
3.15 -5.69029
3.16 -5.69015
3.17 -5.69
3.18 -5.68986
3.19 -5.68972
3.2 -5.68957
3.21 -5.68942
3.22 -5.68927
3.23 -5.68911
3.24 -5.68896
3.25 -5.6888
3.26 -5.68864
3.27 -5.68847
3.28 -5.68831
3.29 -5.68814
3.3 -5.68798
3.31 -5.68781
3.32 -5.68763
3.33 -5.68746
3.34 -5.68728
3.35 -5.6871
3.36 -5.68692
3.37 -5.68674
3.38 -5.68655
3.39 -5.68637
3.4 -5.68618
3.41 -5.68599
3.42 -5.68579
3.43 -5.6856
3.44 -5.6854
3.45 -5.6852
3.46 -5.685
3.47 -5.6848
3.48 -5.68459
3.49 -5.68438
3.5 -5.68417
3.51 -5.68396
3.52 -5.68375
3.53 -5.68353
3.54 -5.68331
3.55 -5.68309
3.56 -5.68287
3.57 -5.68265
3.58 -5.68242
3.59 -5.68219
3.6 -5.68196
3.61 -5.68173
3.62 -5.68149
3.63 -5.68126
3.64 -5.68102
3.65 -5.68078
3.66 -5.68054
3.67 -5.68029
3.68 -5.68005
3.69 -5.6798
3.7 -5.67955
3.71 -5.6793
3.72 -5.67905
3.73 -5.67879
3.74 -5.67853
3.75 -5.67827
3.76 -5.67801
3.77 -5.67775
3.78 -5.67748
3.79 -5.67722
3.8 -5.67695
3.81 -5.67668
3.82 -5.67641
3.83 -5.67613
3.84 -5.67586
3.85 -5.67558
3.86 -5.6753
3.87 -5.67502
3.88 -5.67474
3.89 -5.67445
3.9 -5.67417
3.91 -5.67388
3.92 -5.67359
3.93 -5.6733
3.94 -5.67301
3.95 -5.67271
3.96 -5.67242
3.97 -5.67212
3.98 -5.67182
3.99 -5.67152
4 -5.67122
4.01 -5.67092
4.02 -5.67061
4.03 -5.6703
4.04 -5.67
4.05 -5.66969
4.06 -5.66937
4.07 -5.66906
4.08 -5.66875
4.09 -5.66843
4.1 -5.66811
4.11 -5.66779
4.12 -5.66747
4.13 -5.66715
4.14 -5.66683
4.15 -5.66651
4.16 -5.66618
4.17 -5.66585
4.18 -5.66552
4.19 -5.66519
4.2 -5.66486
4.21 -5.66453
4.22 -5.6642
4.23 -5.66386
4.24 -5.66353
4.25 -5.66319
4.26 -5.66285
4.27 -5.66251
4.28 -5.66217
4.29 -5.66182
4.3 -5.66148
4.31 -5.66114
4.32 -5.66079
4.33 -5.66044
4.34 -5.66009
4.35 -5.65974
4.36 -5.65939
4.37 -5.65904
4.38 -5.65868
4.39 -5.65833
4.4 -5.65797
4.41 -5.65762
4.42 -5.65726
4.43 -5.6569
4.44 -5.65654
4.45 -5.65618
4.46 -5.65581
4.47 -5.65545
4.48 -5.65508
4.49 -5.65472
4.5 -5.65435
4.51 -5.65398
4.52 -5.65361
4.53 -5.65324
4.54 -5.65287
4.55 -5.65249
4.56 -5.65212
4.57 -5.65174
4.58 -5.65137
4.59 -5.65099
4.6 -5.65061
4.61 -5.65023
4.62 -5.64985
4.63 -5.64946
4.64 -5.64908
4.65 -5.64869
4.66 -5.64831
4.67 -5.64792
4.68 -5.64753
4.69 -5.64714
4.7 -5.64675
4.71 -5.64636
4.72 -5.64596
4.73 -5.64557
4.74 -5.64517
4.75 -5.64477
4.76 -5.64437
4.77 -5.64397
4.78 -5.64357
4.79 -5.64316
4.8 -5.64276
4.81 -5.64235
4.82 -5.64194
4.83 -5.64153
4.84 -5.64112
4.85 -5.64071
4.86 -5.6403
4.87 -5.63988
4.88 -5.63946
4.89 -5.63904
4.9 -5.63862
4.91 -5.6382
4.92 -5.63777
4.93 -5.63735
4.94 -5.63692
4.95 -5.63649
4.96 -5.63606
4.97 -5.63563
4.98 -5.63519
4.99 -5.63475
5 -5.63431
5.01 -5.63387
5.02 -5.63343
5.03 -5.63298
5.04 -5.63254
5.05 -5.63209
5.06 -5.63163
5.07 -5.63118
5.08 -5.63072
5.09 -5.63026
5.1 -5.6298
5.11 -5.62934
5.12 -5.62887
5.13 -5.6284
5.14 -5.62793
5.15 -5.62746
5.16 -5.62698
5.17 -5.6265
5.18 -5.62602
5.19 -5.62553
5.2 -5.62505
5.21 -5.62456
5.22 -5.62406
5.23 -5.62357
5.24 -5.62307
5.25 -5.62257
5.26 -5.62206
5.27 -5.62155
5.28 -5.62104
5.29 -5.62052
5.3 -5.62001
5.31 -5.61948
5.32 -5.61896
5.33 -5.61843
5.34 -5.6179
5.35 -5.61736
5.36 -5.61682
5.37 -5.61628
5.38 -5.61573
5.39 -5.61518
5.4 -5.61463
5.41 -5.61407
5.42 -5.6135
5.43 -5.61294
5.44 -5.61237
5.45 -5.61179
5.46 -5.61121
5.47 -5.61063
5.48 -5.61004
5.49 -5.60945
5.5 -5.60885
5.51 -5.60825
5.52 -5.60765
5.53 -5.60704
5.54 -5.60642
5.55 -5.6058
5.56 -5.60518
5.57 -5.60455
5.58 -5.60392
5.59 -5.60328
5.6 -5.60264
5.61 -5.60199
5.62 -5.60133
5.63 -5.60068
5.64 -5.60001
5.65 -5.59934
5.66 -5.59867
5.67 -5.59799
5.68 -5.5973
5.69 -5.59661
5.7 -5.59592
5.71 -5.59522
5.72 -5.59451
5.73 -5.5938
5.74 -5.59308
5.75 -5.59236
5.76 -5.59163
5.77 -5.59089
5.78 -5.59015
5.79 -5.5894
5.8 -5.58865
5.81 -5.58789
5.82 -5.58713
5.83 -5.58636
5.84 -5.58558
5.85 -5.5848
5.86 -5.58401
5.87 -5.58321
5.88 -5.58241
5.89 -5.5816
5.9 -5.58079
5.91 -5.57997
5.92 -5.57914
5.93 -5.57831
5.94 -5.57747
5.95 -5.57663
5.96 -5.57578
5.97 -5.57492
5.98 -5.57406
5.99 -5.57318
6 -5.57231
6.01 -5.57143
6.02 -5.57054
6.03 -5.56964
6.04 -5.56874
6.05 -5.56783
6.06 -5.56692
6.07 -5.56599
6.08 -5.56507
6.09 -5.56413
6.1 -5.56319
6.11 -5.56225
6.12 -5.5613
6.13 -5.56034
6.14 -5.55937
6.15 -5.5584
6.16 -5.55743
6.17 -5.55644
6.18 -5.55546
6.19 -5.55446
6.2 -5.55346
6.21 -5.55246
6.22 -5.55144
6.23 -5.55043
6.24 -5.5494
6.25 -5.54838
6.26 -5.54734
6.27 -5.5463
6.28 -5.54526
6.29 -5.54421
6.3 -5.54316
6.31 -5.5421
6.32 -5.54103
6.33 -5.53997
6.34 -5.53889
6.35 -5.53782
6.36 -5.53674
6.37 -5.53565
6.38 -5.53456
6.39 -5.53347
6.4 -5.53237
6.41 -5.53127
6.42 -5.53017
6.43 -5.52906
6.44 -5.52795
6.45 -5.52684
6.46 -5.52573
6.47 -5.52461
6.48 -5.52349
6.49 -5.52237
6.5 -5.52125
6.51 -5.52013
6.52 -5.51901
6.53 -5.51788
6.54 -5.51676
6.55 -5.51563
6.56 -5.51451
6.57 -5.51338
6.58 -5.51226
6.59 -5.51113
6.6 -5.51001
6.61 -5.50889
6.62 -5.50777
6.63 -5.50666
6.64 -5.50555
6.65 -5.50444
6.66 -5.50333
6.67 -5.50223
6.68 -5.50113
6.69 -5.50004
6.7 -5.49895
6.71 -5.49786
6.72 -5.49679
6.73 -5.49572
6.74 -5.49465
6.75 -5.4936
6.76 -5.49255
6.77 -5.49151
6.78 -5.49048
6.79 -5.48946
6.8 -5.48845
6.81 -5.48745
6.82 -5.48646
6.83 -5.48548
6.84 -5.48452
6.85 -5.48356
6.86 -5.48263
6.87 -5.4817
6.88 -5.48079
6.89 -5.4799
6.9 -5.47902
6.91 -5.47816
6.92 -5.47731
6.93 -5.47649
6.94 -5.47568
6.95 -5.47489
6.96 -5.47413
6.97 -5.47338
6.98 -5.47266
6.99 -5.47196
7 -5.47128
7.01 -5.47062
7.02 -5.47
7.03 -5.46939
7.04 -5.46882
7.05 -5.46827
7.06 -5.46775
7.07 -5.46726
7.08 -5.4668
7.09 -5.46637
7.1 -5.46597
7.11 -5.46561
7.12 -5.46528
7.13 -5.46499
7.14 -5.46473
7.15 -5.4645
7.16 -5.46432
7.17 -5.46417
7.18 -5.46407
7.19 -5.464
7.2 -5.46398
7.21 -5.464
7.22 -5.46406
7.23 -5.46417
7.24 -5.46433
7.25 -5.46453
7.26 -5.46478
7.27 -5.46508
7.28 -5.46543
7.29 -5.46583
7.3 -5.46628
7.31 -5.46679
7.32 -5.46735
7.33 -5.46797
7.34 -5.46864
7.35 -5.46938
7.36 -5.47017
7.37 -5.47102
7.38 -5.47193
7.39 -5.47291
7.4 -5.47395
7.41 -5.47506
7.42 -5.47623
7.43 -5.47747
7.44 -5.47877
7.45 -5.48015
7.46 -5.48159
7.47 -5.48311
7.48 -5.4847
7.49 -5.48637
7.5 -5.48811
7.51 -5.48992
7.52 -5.49181
7.53 -5.49378
7.54 -5.49583
7.55 -5.49796
7.56 -5.50017
7.57 -5.50246
7.58 -5.50484
7.59 -5.50729
7.6 -5.50984
7.61 -5.51247
7.62 -5.51518
7.63 -5.51799
7.64 -5.52088
7.65 -5.52386
7.66 -5.52693
7.67 -5.53009
7.68 -5.53334
7.69 -5.53669
7.7 -5.54013
7.71 -5.54366
7.72 -5.54728
7.73 -5.551
7.74 -5.55482
7.75 -5.55873
7.76 -5.56273
7.77 -5.56684
7.78 -5.57104
7.79 -5.57533
7.8 -5.57973
7.81 -5.58422
7.82 -5.58881
7.83 -5.5935
7.84 -5.59828
7.85 -5.60317
7.86 -5.60815
7.87 -5.61323
7.88 -5.61841
7.89 -5.62368
7.9 -5.62906
7.91 -5.63453
7.92 -5.64009
7.93 -5.64576
7.94 -5.65152
7.95 -5.65737
7.96 -5.66332
7.97 -5.66937
7.98 -5.6755
7.99 -5.68174
8 -5.68806
8.01 -5.69447
8.02 -5.70098
8.03 -5.70757
8.04 -5.71426
8.05 -5.72103
8.06 -5.72789
8.07 -5.73483
8.08 -5.74186
8.09 -5.74897
8.1 -5.75616
8.11 -5.76343
8.12 -5.77078
8.13 -5.7782
8.14 -5.78571
8.15 -5.79328
8.16 -5.80093
8.17 -5.80866
8.18 -5.81645
8.19 -5.8243
8.2 -5.83223
8.21 -5.84022
8.22 -5.84827
8.23 -5.85638
8.24 -5.86455
8.25 -5.87278
8.26 -5.88106
8.27 -5.88939
8.28 -5.89778
8.29 -5.90622
8.3 -5.9147
8.31 -5.92323
8.32 -5.9318
8.33 -5.94041
8.34 -5.94907
8.35 -5.95776
8.36 -5.96648
8.37 -5.97524
8.38 -5.98404
8.39 -5.99286
8.4 -6.00171
8.41 -6.01058
8.42 -6.01948
8.43 -6.0284
8.44 -6.03734
8.45 -6.0463
8.46 -6.05528
8.47 -6.06427
8.48 -6.07327
8.49 -6.08228
8.5 -6.09131
8.51 -6.10034
8.52 -6.10937
8.53 -6.11841
8.54 -6.12745
8.55 -6.1365
8.56 -6.14554
8.57 -6.15458
8.58 -6.16362
8.59 -6.17265
8.6 -6.18167
8.61 -6.19069
8.62 -6.1997
8.63 -6.20869
8.64 -6.21768
8.65 -6.22665
8.66 -6.2356
8.67 -6.24454
8.68 -6.25347
8.69 -6.26237
8.7 -6.27126
8.71 -6.28013
8.72 -6.28897
8.73 -6.29779
8.74 -6.30659
8.75 -6.31537
8.76 -6.32412
8.77 -6.33285
8.78 -6.34155
8.79 -6.35022
8.8 -6.35887
8.81 -6.36748
8.82 -6.37607
8.83 -6.38463
8.84 -6.39316
8.85 -6.40166
8.86 -6.41012
8.87 -6.41856
8.88 -6.42696
8.89 -6.43533
8.9 -6.44366
8.91 -6.45196
8.92 -6.46023
8.93 -6.46846
8.94 -6.47666
8.95 -6.48483
8.96 -6.49296
8.97 -6.50105
8.98 -6.50911
8.99 -6.51713
9 -6.52512
9.01 -6.53307
9.02 -6.54098
9.03 -6.54886
9.04 -6.5567
9.05 -6.5645
9.06 -6.57227
9.07 -6.58
9.08 -6.58769
9.09 -6.59534
9.1 -6.60296
9.11 -6.61054
9.12 -6.61808
9.13 -6.62559
9.14 -6.63306
9.15 -6.64049
9.16 -6.64789
9.17 -6.65525
9.18 -6.66257
9.19 -6.66985
9.2 -6.6771
9.21 -6.68431
9.22 -6.69148
9.23 -6.69861
9.24 -6.70571
9.25 -6.71278
9.26 -6.7198
9.27 -6.72679
9.28 -6.73375
9.29 -6.74066
9.3 -6.74754
9.31 -6.75439
9.32 -6.7612
9.33 -6.76797
9.34 -6.77471
9.35 -6.78141
9.36 -6.78808
9.37 -6.79471
9.38 -6.80131
9.39 -6.80787
9.4 -6.8144
9.41 -6.82089
9.42 -6.82735
9.43 -6.83377
9.44 -6.84016
9.45 -6.84651
9.46 -6.85284
9.47 -6.85912
9.48 -6.86538
9.49 -6.8716
9.5 -6.87778
9.51 -6.88394
9.52 -6.89006
9.53 -6.89615
9.54 -6.9022
9.55 -6.90823
9.56 -6.91422
9.57 -6.92018
9.58 -6.9261
9.59 -6.932
9.6 -6.93786
9.61 -6.9437
9.62 -6.9495
9.63 -6.95527
9.64 -6.961
9.65 -6.96671
9.66 -6.97239
9.67 -6.97804
9.68 -6.98365
9.69 -6.98924
9.7 -6.99479
9.71 -7.00032
9.72 -7.00582
9.73 -7.01129
9.74 -7.01672
9.75 -7.02213
9.76 -7.02751
9.77 -7.03286
9.78 -7.03819
9.79 -7.04348
9.8 -7.04875
9.81 -7.05398
9.82 -7.05919
9.83 -7.06438
9.84 -7.06953
9.85 -7.07466
9.86 -7.07976
9.87 -7.08483
9.88 -7.08988
9.89 -7.0949
9.9 -7.09989
9.91 -7.10485
9.92 -7.10979
9.93 -7.11471
9.94 -7.11959
9.95 -7.12446
9.96 -7.12929
9.97 -7.1341
9.98 -7.13889
9.99 -7.14365
10 -7.14838
10.001 -10
