0 5
0.01 4.48588
0.02 4.49064
0.03 4.49547
0.04 4.50037
0.05 4.50535
0.06 4.51039
0.07 4.51551
0.08 4.52071
0.09 4.52598
0.1 4.53133
0.11 4.53676
0.12 4.54227
0.13 4.54786
0.14 4.55354
0.15 4.5593
0.16 4.56515
0.17 4.57108
0.18 4.5771
0.19 4.58322
0.2 4.58942
0.21 4.59572
0.22 4.60211
0.23 4.60859
0.24 4.61517
0.25 4.62185
0.26 4.62863
0.27 4.6355
0.28 4.64247
0.29 4.64954
0.3 4.65672
0.31 4.66399
0.32 4.67136
0.33 4.67884
0.34 4.68642
0.35 4.6941
0.36 4.70188
0.37 4.70977
0.38 4.71775
0.39 4.72584
0.4 4.73403
0.41 4.74232
0.42 4.7507
0.43 4.75919
0.44 4.76777
0.45 4.77644
0.46 4.78521
0.47 4.79408
0.48 4.80303
0.49 4.81207
0.5 4.8212
0.51 4.83041
0.52 4.8397
0.53 4.84907
0.54 4.85851
0.55 4.86803
0.56 4.87761
0.57 4.88727
0.58 4.89698
0.59 4.90675
0.6 4.91657
0.61 4.92645
0.62 4.93637
0.63 4.94633
0.64 4.95633
0.65 4.96636
0.66 4.97642
0.67 4.9865
0.68 4.99661
0.69 5.00672
0.7 5.01685
0.71 5.02698
0.72 5.03711
0.73 5.04723
0.74 5.05734
0.75 5.06744
0.76 5.07752
0.77 5.08757
0.78 5.0976
0.79 5.10759
0.8 5.11754
0.81 5.12745
0.82 5.13732
0.83 5.14713
0.84 5.15689
0.85 5.16659
0.86 5.17622
0.87 5.1858
0.88 5.1953
0.89 5.20473
0.9 5.21408
0.91 5.22335
0.92 5.23255
0.93 5.24166
0.94 5.25068
0.95 5.25961
0.96 5.26846
0.97 5.27721
0.98 5.28586
0.99 5.29443
1 5.30289
1.01 5.31125
1.02 5.31952
1.03 5.32768
1.04 5.33575
1.05 5.34371
1.06 5.35157
1.07 5.35932
1.08 5.36698
1.09 5.37453
1.1 5.38197
1.11 5.38931
1.12 5.39655
1.13 5.40369
1.14 5.41073
1.15 5.41766
1.16 5.42449
1.17 5.43122
1.18 5.43785
1.19 5.44438
1.2 5.45081
1.21 5.45715
1.22 5.46338
1.23 5.46952
1.24 5.47557
1.25 5.48152
1.26 5.48738
1.27 5.49315
1.28 5.49882
1.29 5.50441
1.3 5.50991
1.31 5.51532
1.32 5.52065
1.33 5.52589
1.34 5.53104
1.35 5.53612
1.36 5.54111
1.37 5.54602
1.38 5.55086
1.39 5.55562
1.4 5.5603
1.41 5.5649
1.42 5.56943
1.43 5.57389
1.44 5.57828
1.45 5.5826
1.46 5.58685
1.47 5.59103
1.48 5.59514
1.49 5.59919
1.5 5.60317
1.51 5.6071
1.52 5.61095
1.53 5.61475
1.54 5.61849
1.55 5.62217
1.56 5.62579
1.57 5.62936
1.58 5.63287
1.59 5.63632
1.6 5.63972
1.61 5.64307
1.62 5.64637
1.63 5.64961
1.64 5.65281
1.65 5.65595
1.66 5.65905
1.67 5.66211
1.68 5.66511
1.69 5.66807
1.7 5.67099
1.71 5.67386
1.72 5.67669
1.73 5.67948
1.74 5.68222
1.75 5.68493
1.76 5.6876
1.77 5.69023
1.78 5.69282
1.79 5.69537
1.8 5.69788
1.81 5.70036
1.82 5.70281
1.83 5.70522
1.84 5.70759
1.85 5.70993
1.86 5.71224
1.87 5.71452
1.88 5.71677
1.89 5.71898
1.9 5.72117
1.91 5.72332
1.92 5.72545
1.93 5.72754
1.94 5.72961
1.95 5.73165
1.96 5.73367
1.97 5.73566
1.98 5.73762
1.99 5.73955
2 5.74147
2.01 5.74335
2.02 5.74522
2.03 5.74706
2.04 5.74887
2.05 5.75066
2.06 5.75244
2.07 5.75419
2.08 5.75591
2.09 5.75762
2.1 5.75931
2.11 5.76097
2.12 5.76262
2.13 5.76425
2.14 5.76585
2.15 5.76744
2.16 5.76901
2.17 5.77056
2.18 5.7721
2.19 5.77362
2.2 5.77512
2.21 5.7766
2.22 5.77807
2.23 5.77952
2.24 5.78095
2.25 5.78237
2.26 5.78378
2.27 5.78517
2.28 5.78654
2.29 5.78791
2.3 5.78925
2.31 5.79059
2.32 5.7919
2.33 5.79321
2.34 5.7945
2.35 5.79579
2.36 5.79705
2.37 5.79831
2.38 5.79955
2.39 5.80079
2.4 5.80201
2.41 5.80321
2.42 5.80441
2.43 5.8056
2.44 5.80678
2.45 5.80794
2.46 5.8091
2.47 5.81024
2.48 5.81138
2.49 5.8125
2.5 5.81362
2.51 5.81473
2.52 5.81583
2.53 5.81691
2.54 5.81799
2.55 5.81907
2.56 5.82013
2.57 5.82118
2.58 5.82223
2.59 5.82327
2.6 5.8243
2.61 5.82532
2.62 5.82634
2.63 5.82735
2.64 5.82835
2.65 5.82934
2.66 5.83033
2.67 5.83131
2.68 5.83228
2.69 5.83325
2.7 5.83421
2.71 5.83517
2.72 5.83611
2.73 5.83706
2.74 5.83799
2.75 5.83892
2.76 5.83985
2.77 5.84077
2.78 5.84168
2.79 5.84259
2.8 5.84349
2.81 5.84439
2.82 5.84529
2.83 5.84617
2.84 5.84706
2.85 5.84794
2.86 5.84881
2.87 5.84968
2.88 5.85055
2.89 5.85141
2.9 5.85226
2.91 5.85312
2.92 5.85396
2.93 5.85481
2.94 5.85565
2.95 5.85649
2.96 5.85732
2.97 5.85815
2.98 5.85898
2.99 5.8598
3 5.86062
3.01 5.86143
3.02 5.86225
3.03 5.86305
3.04 5.86386
3.05 5.86466
3.06 5.86546
3.07 5.86626
3.08 5.86705
3.09 5.86785
3.1 5.86863
3.11 5.86942
3.12 5.8702
3.13 5.87098
3.14 5.87176
3.15 5.87254
3.16 5.87331
3.17 5.87408
3.18 5.87485
3.19 5.87562
3.2 5.87638
3.21 5.87714
3.22 5.8779
3.23 5.87866
3.24 5.87941
3.25 5.88017
3.26 5.88092
3.27 5.88167
3.28 5.88242
3.29 5.88316
3.3 5.88391
3.31 5.88465
3.32 5.88539
3.33 5.88613
3.34 5.88687
3.35 5.8876
3.36 5.88834
3.37 5.88907
3.38 5.8898
3.39 5.89053
3.4 5.89126
3.41 5.89199
3.42 5.89271
3.43 5.89344
3.44 5.89416
3.45 5.89488
3.46 5.8956
3.47 5.89632
3.48 5.89704
3.49 5.89775
3.5 5.89847
3.51 5.89918
3.52 5.8999
3.53 5.90061
3.54 5.90132
3.55 5.90203
3.56 5.90274
3.57 5.90345
3.58 5.90416
3.59 5.90486
3.6 5.90557
3.61 5.90627
3.62 5.90697
3.63 5.90768
3.64 5.90838
3.65 5.90908
3.66 5.90978
3.67 5.91048
3.68 5.91118
3.69 5.91187
3.7 5.91257
3.71 5.91327
3.72 5.91396
3.73 5.91465
3.74 5.91535
3.75 5.91604
3.76 5.91673
3.77 5.91742
3.78 5.91811
3.79 5.9188
3.8 5.91949
3.81 5.92018
3.82 5.92087
3.83 5.92156
3.84 5.92224
3.85 5.92293
3.86 5.92361
3.87 5.9243
3.88 5.92498
3.89 5.92566
3.9 5.92635
3.91 5.92703
3.92 5.92771
3.93 5.92839
3.94 5.92907
3.95 5.92975
3.96 5.93043
3.97 5.93111
3.98 5.93178
3.99 5.93246
4 5.93314
4.01 5.93381
4.02 5.93449
4.03 5.93516
4.04 5.93583
4.05 5.93651
4.06 5.93718
4.07 5.93785
4.08 5.93852
4.09 5.9392
4.1 5.93987
4.11 5.94054
4.12 5.9412
4.13 5.94187
4.14 5.94254
4.15 5.94321
4.16 5.94388
4.17 5.94454
4.18 5.94521
4.19 5.94587
4.2 5.94654
4.21 5.9472
4.22 5.94787
4.23 5.94853
4.24 5.94919
4.25 5.94985
4.26 5.95051
4.27 5.95117
4.28 5.95183
4.29 5.95249
4.3 5.95315
4.31 5.95381
4.32 5.95447
4.33 5.95513
4.34 5.95578
4.35 5.95644
4.36 5.95709
4.37 5.95775
4.38 5.9584
4.39 5.95906
4.4 5.95971
4.41 5.96036
4.42 5.96102
4.43 5.96167
4.44 5.96232
4.45 5.96297
4.46 5.96362
4.47 5.96427
4.48 5.96492
4.49 5.96556
4.5 5.96621
4.51 5.96686
4.52 5.96751
4.53 5.96815
4.54 5.9688
4.55 5.96944
4.56 5.97009
4.57 5.97073
4.58 5.97138
4.59 5.97202
4.6 5.97266
4.61 5.9733
4.62 5.97395
4.63 5.97459
4.64 5.97523
4.65 5.97587
4.66 5.97651
4.67 5.97715
4.68 5.97779
4.69 5.97843
4.7 5.97907
4.71 5.9797
4.72 5.98034
4.73 5.98098
4.74 5.98162
4.75 5.98225
4.76 5.98289
4.77 5.98353
4.78 5.98416
4.79 5.9848
4.8 5.98543
4.81 5.98607
4.82 5.9867
4.83 5.98734
4.84 5.98797
4.85 5.98861
4.86 5.98924
4.87 5.98987
4.88 5.99051
4.89 5.99114
4.9 5.99178
4.91 5.99241
4.92 5.99304
4.93 5.99368
4.94 5.99431
4.95 5.99494
4.96 5.99558
4.97 5.99621
4.98 5.99684
4.99 5.99748
5 5.99811
5.01 5.99875
5.02 5.99938
5.03 6.00001
5.04 6.00065
5.05 6.00128
5.06 6.00192
5.07 6.00255
5.08 6.00319
5.09 6.00383
5.1 6.00446
5.11 6.0051
5.12 6.00574
5.13 6.00637
5.14 6.00701
5.15 6.00765
5.16 6.00829
5.17 6.00893
5.18 6.00957
5.19 6.01021
5.2 6.01085
5.21 6.0115
5.22 6.01214
5.23 6.01278
5.24 6.01343
5.25 6.01407
5.26 6.01472
5.27 6.01537
5.28 6.01601
5.29 6.01666
5.3 6.01731
5.31 6.01796
5.32 6.01861
5.33 6.01927
5.34 6.01992
5.35 6.02058
5.36 6.02123
5.37 6.02189
5.38 6.02255
5.39 6.02321
5.4 6.02387
5.41 6.02453
5.42 6.0252
5.43 6.02586
5.44 6.02653
5.45 6.0272
5.46 6.02787
5.47 6.02854
5.48 6.02921
5.49 6.02988
5.5 6.03056
5.51 6.03124
5.52 6.03192
5.53 6.0326
5.54 6.03328
5.55 6.03396
5.56 6.03465
5.57 6.03534
5.58 6.03603
5.59 6.03672
5.6 6.03741
5.61 6.03811
5.62 6.0388
5.63 6.0395
5.64 6.0402
5.65 6.04091
5.66 6.04161
5.67 6.04232
5.68 6.04303
5.69 6.04374
5.7 6.04445
5.71 6.04517
5.72 6.04589
5.73 6.04661
5.74 6.04733
5.75 6.04805
5.76 6.04878
5.77 6.04951
5.78 6.05024
5.79 6.05097
5.8 6.05171
5.81 6.05244
5.82 6.05318
5.83 6.05393
5.84 6.05467
5.85 6.05542
5.86 6.05617
5.87 6.05692
5.88 6.05767
5.89 6.05843
5.9 6.05919
5.91 6.05995
5.92 6.06071
5.93 6.06148
5.94 6.06224
5.95 6.06301
5.96 6.06379
5.97 6.06456
5.98 6.06534
5.99 6.06612
6 6.0669
6.01 6.06768
6.02 6.06846
6.03 6.06925
6.04 6.07004
6.05 6.07083
6.06 6.07162
6.07 6.07242
6.08 6.07322
6.09 6.07401
6.1 6.07481
6.11 6.07562
6.12 6.07642
6.13 6.07722
6.14 6.07803
6.15 6.07884
6.16 6.07965
6.17 6.08046
6.18 6.08127
6.19 6.08208
6.2 6.0829
6.21 6.08371
6.22 6.08453
6.23 6.08535
6.24 6.08616
6.25 6.08698
6.26 6.0878
6.27 6.08862
6.28 6.08944
6.29 6.09026
6.3 6.09108
6.31 6.09189
6.32 6.09271
6.33 6.09353
6.34 6.09435
6.35 6.09516
6.36 6.09598
6.37 6.09679
6.38 6.0976
6.39 6.09842
6.4 6.09922
6.41 6.10003
6.42 6.10084
6.43 6.10164
6.44 6.10244
6.45 6.10324
6.46 6.10403
6.47 6.10482
6.48 6.10561
6.49 6.10639
6.5 6.10717
6.51 6.10795
6.52 6.10872
6.53 6.10949
6.54 6.11025
6.55 6.111
6.56 6.11175
6.57 6.1125
6.58 6.11323
6.59 6.11396
6.6 6.11469
6.61 6.1154
6.62 6.11611
6.63 6.11681
6.64 6.1175
6.65 6.11818
6.66 6.11885
6.67 6.11951
6.68 6.12016
6.69 6.12081
6.7 6.12144
6.71 6.12205
6.72 6.12266
6.73 6.12325
6.74 6.12383
6.75 6.1244
6.76 6.12495
6.77 6.12549
6.78 6.12601
6.79 6.12652
6.8 6.12701
6.81 6.12748
6.82 6.12794
6.83 6.12837
6.84 6.12879
6.85 6.12919
6.86 6.12957
6.87 6.12993
6.88 6.13026
6.89 6.13058
6.9 6.13087
6.91 6.13114
6.92 6.13138
6.93 6.1316
6.94 6.13179
6.95 6.13196
6.96 6.1321
6.97 6.13221
6.98 6.1323
6.99 6.13235
7 6.13237
7.01 6.13236
7.02 6.13232
7.03 6.13225
7.04 6.13214
7.05 6.132
7.06 6.13182
7.07 6.1316
7.08 6.13135
7.09 6.13106
7.1 6.13073
7.11 6.13036
7.12 6.12994
7.13 6.12949
7.14 6.12899
7.15 6.12844
7.16 6.12786
7.17 6.12722
7.18 6.12654
7.19 6.1258
7.2 6.12502
7.21 6.12419
7.22 6.12331
7.23 6.12237
7.24 6.12138
7.25 6.12033
7.26 6.11923
7.27 6.11807
7.28 6.11685
7.29 6.11557
7.3 6.11423
7.31 6.11283
7.32 6.11136
7.33 6.10983
7.34 6.10824
7.35 6.10657
7.36 6.10484
7.37 6.10304
7.38 6.10118
7.39 6.09923
7.4 6.09722
7.41 6.09514
7.42 6.09297
7.43 6.09074
7.44 6.08842
7.45 6.08603
7.46 6.08356
7.47 6.08101
7.48 6.07837
7.49 6.07566
7.5 6.07286
7.51 6.06997
7.52 6.067
7.53 6.06394
7.54 6.0608
7.55 6.05756
7.56 6.05424
7.57 6.05082
7.58 6.04732
7.59 6.04372
7.6 6.04003
7.61 6.03624
7.62 6.03236
7.63 6.02838
7.64 6.02431
7.65 6.02014
7.66 6.01587
7.67 6.0115
7.68 6.00704
7.69 6.00247
7.7 5.99781
7.71 5.99304
7.72 5.98817
7.73 5.98321
7.74 5.97814
7.75 5.97297
7.76 5.96769
7.77 5.96232
7.78 5.95684
7.79 5.95126
7.8 5.94558
7.81 5.9398
7.82 5.93392
7.83 5.92793
7.84 5.92184
7.85 5.91566
7.86 5.90937
7.87 5.90298
7.88 5.89649
7.89 5.88991
7.9 5.88323
7.91 5.87645
7.92 5.86957
7.93 5.8626
7.94 5.85553
7.95 5.84838
7.96 5.84113
7.97 5.83379
7.98 5.82636
7.99 5.81884
8 5.81124
8.01 5.80355
8.02 5.79578
8.03 5.78793
8.04 5.77999
8.05 5.77199
8.06 5.7639
8.07 5.75574
8.08 5.74751
8.09 5.73921
8.1 5.73084
8.11 5.7224
8.12 5.71391
8.13 5.70535
8.14 5.69673
8.15 5.68806
8.16 5.67933
8.17 5.67055
8.18 5.66173
8.19 5.65285
8.2 5.64394
8.21 5.63498
8.22 5.62599
8.23 5.61696
8.24 5.60789
8.25 5.5988
8.26 5.58968
8.27 5.58054
8.28 5.57137
8.29 5.56218
8.3 5.55298
8.31 5.54377
8.32 5.53454
8.33 5.52531
8.34 5.51607
8.35 5.50683
8.36 5.49759
8.37 5.48835
8.38 5.47912
8.39 5.4699
8.4 5.46069
8.41 5.45149
8.42 5.4423
8.43 5.43314
8.44 5.42399
8.45 5.41487
8.46 5.40578
8.47 5.39671
8.48 5.38767
8.49 5.37867
8.5 5.3697
8.51 5.36076
8.52 5.35186
8.53 5.34301
8.54 5.3342
8.55 5.32543
8.56 5.3167
8.57 5.30803
8.58 5.2994
8.59 5.29083
8.6 5.28231
8.61 5.27384
8.62 5.26543
8.63 5.25707
8.64 5.24877
8.65 5.24053
8.66 5.23236
8.67 5.22424
8.68 5.21619
8.69 5.2082
8.7 5.20027
8.71 5.19241
8.72 5.18461
8.73 5.17689
8.74 5.16923
8.75 5.16163
8.76 5.15411
8.77 5.14665
8.78 5.13927
8.79 5.13195
8.8 5.12471
8.81 5.11754
8.82 5.11043
8.83 5.1034
8.84 5.09644
8.85 5.08955
8.86 5.08273
8.87 5.07598
8.88 5.06931
8.89 5.0627
8.9 5.05617
8.91 5.04971
8.92 5.04332
8.93 5.037
8.94 5.03075
8.95 5.02457
8.96 5.01846
8.97 5.01242
8.98 5.00645
8.99 5.00055
9 4.99472
9.01 4.98895
9.02 4.98326
9.03 4.97763
9.04 4.97206
9.05 4.96657
9.06 4.96114
9.07 4.95577
9.08 4.95047
9.09 4.94524
9.1 4.94007
9.11 4.93496
9.12 4.92991
9.13 4.92493
9.14 4.92001
9.15 4.91515
9.16 4.91034
9.17 4.9056
9.18 4.90092
9.19 4.8963
9.2 4.89173
9.21 4.88722
9.22 4.88276
9.23 4.87837
9.24 4.87402
9.25 4.86974
9.26 4.8655
9.27 4.86132
9.28 4.85719
9.29 4.85311
9.3 4.84909
9.31 4.84511
9.32 4.84119
9.33 4.83731
9.34 4.83348
9.35 4.8297
9.36 4.82597
9.37 4.82229
9.38 4.81865
9.39 4.81505
9.4 4.8115
9.41 4.808
9.42 4.80454
9.43 4.80112
9.44 4.79774
9.45 4.79441
9.46 4.79111
9.47 4.78786
9.48 4.78465
9.49 4.78147
9.5 4.77834
9.51 4.77524
9.52 4.77218
9.53 4.76916
9.54 4.76618
9.55 4.76323
9.56 4.76032
9.57 4.75744
9.58 4.7546
9.59 4.75179
9.6 4.74901
9.61 4.74627
9.62 4.74356
9.63 4.74088
9.64 4.73824
9.65 4.73562
9.66 4.73304
9.67 4.73048
9.68 4.72796
9.69 4.72546
9.7 4.723
9.71 4.72056
9.72 4.71815
9.73 4.71576
9.74 4.71341
9.75 4.71108
9.76 4.70878
9.77 4.7065
9.78 4.70425
9.79 4.70202
9.8 4.69982
9.81 4.69765
9.82 4.69549
9.83 4.69336
9.84 4.69126
9.85 4.68918
9.86 4.68711
9.87 4.68508
9.88 4.68306
9.89 4.68107
9.9 4.67909
9.91 4.67714
9.92 4.67521
9.93 4.6733
9.94 4.6714
9.95 4.66953
9.96 4.66768
9.97 4.66585
9.98 4.66403
9.99 4.66224
10 4.66046
10.001 5
