0 0
0.01 0.130729
0.02 0.131895
0.03 0.133109
0.04 0.134368
0.05 0.135674
0.06 0.137026
0.07 0.138424
0.08 0.139868
0.09 0.141357
0.1 0.142892
0.11 0.144472
0.12 0.146096
0.13 0.147765
0.14 0.149477
0.15 0.151233
0.16 0.153032
0.17 0.154873
0.18 0.156756
0.19 0.158679
0.2 0.160643
0.21 0.162646
0.22 0.164688
0.23 0.166767
0.24 0.168883
0.25 0.171035
0.26 0.173222
0.27 0.175443
0.28 0.177696
0.29 0.179981
0.3 0.182297
0.31 0.184641
0.32 0.187014
0.33 0.189413
0.34 0.191838
0.35 0.194287
0.36 0.196759
0.37 0.199251
0.38 0.201764
0.39 0.204296
0.4 0.206844
0.41 0.209409
0.42 0.211988
0.43 0.214579
0.44 0.217183
0.45 0.219796
0.46 0.222419
0.47 0.225049
0.48 0.227685
0.49 0.230326
0.5 0.23297
0.51 0.235618
0.52 0.238266
0.53 0.240915
0.54 0.243564
0.55 0.24621
0.56 0.248854
0.57 0.251494
0.58 0.25413
0.59 0.256762
0.6 0.259387
0.61 0.262007
0.62 0.264619
0.63 0.267225
0.64 0.269824
0.65 0.272415
0.66 0.274998
0.67 0.277574
0.68 0.280142
0.69 0.282702
0.7 0.285255
0.71 0.2878
0.72 0.290339
0.73 0.292871
0.74 0.295398
0.75 0.297918
0.76 0.300434
0.77 0.302946
0.78 0.305454
0.79 0.307959
0.8 0.310462
0.81 0.312964
0.82 0.315465
0.83 0.317967
0.84 0.320471
0.85 0.322977
0.86 0.325486
0.87 0.328
0.88 0.330519
0.89 0.333044
0.9 0.335577
0.91 0.338118
0.92 0.340668
0.93 0.343229
0.94 0.345801
0.95 0.348384
0.96 0.350981
0.97 0.353592
0.98 0.356218
0.99 0.35886
1 0.361518
1.01 0.364193
1.02 0.366887
1.03 0.369599
1.04 0.37233
1.05 0.375082
1.06 0.377854
1.07 0.380647
1.08 0.383463
1.09 0.3863
1.1 0.38916
1.11 0.392043
1.12 0.394949
1.13 0.397879
1.14 0.400833
1.15 0.40381
1.16 0.406812
1.17 0.409839
1.18 0.412889
1.19 0.415964
1.2 0.419064
1.21 0.422188
1.22 0.425336
1.23 0.428508
1.24 0.431704
1.25 0.434924
1.26 0.438168
1.27 0.441435
1.28 0.444724
1.29 0.448036
1.3 0.451371
1.31 0.454727
1.32 0.458104
1.33 0.461503
1.34 0.464922
1.35 0.468361
1.36 0.471819
1.37 0.475296
1.38 0.478791
1.39 0.482304
1.4 0.485834
1.41 0.489381
1.42 0.492943
1.43 0.496521
1.44 0.500113
1.45 0.503719
1.46 0.507339
1.47 0.510971
1.48 0.514615
1.49 0.51827
1.5 0.521936
1.51 0.525612
1.52 0.529297
1.53 0.532991
1.54 0.536693
1.55 0.540402
1.56 0.544118
1.57 0.54784
1.58 0.551567
1.59 0.555298
1.6 0.559034
1.61 0.562774
1.62 0.566516
1.63 0.570261
1.64 0.574007
1.65 0.577754
1.66 0.581502
1.67 0.58525
1.68 0.588998
1.69 0.592744
1.7 0.596489
1.71 0.600232
1.72 0.603973
1.73 0.60771
1.74 0.611444
1.75 0.615174
1.76 0.6189
1.77 0.622622
1.78 0.626338
1.79 0.630049
1.8 0.633754
1.81 0.637453
1.82 0.641145
1.83 0.644831
1.84 0.648509
1.85 0.652181
1.86 0.655844
1.87 0.6595
1.88 0.663148
1.89 0.666787
1.9 0.670417
1.91 0.674039
1.92 0.677652
1.93 0.681256
1.94 0.68485
1.95 0.688435
1.96 0.692011
1.97 0.695577
1.98 0.699132
1.99 0.702678
2 0.706214
2.01 0.70974
2.02 0.713256
2.03 0.716761
2.04 0.720257
2.05 0.723741
2.06 0.727216
2.07 0.73068
2.08 0.734134
2.09 0.737578
2.1 0.741011
2.11 0.744434
2.12 0.747846
2.13 0.751248
2.14 0.75464
2.15 0.758022
2.16 0.761394
2.17 0.764755
2.18 0.768107
2.19 0.771449
2.2 0.774781
2.21 0.778103
2.22 0.781415
2.23 0.784718
2.24 0.788011
2.25 0.791296
2.26 0.79457
2.27 0.797836
2.28 0.801093
2.29 0.804341
2.3 0.80758
2.31 0.810811
2.32 0.814033
2.33 0.817247
2.34 0.820452
2.35 0.82365
2.36 0.82684
2.37 0.830022
2.38 0.833197
2.39 0.836364
2.4 0.839524
2.41 0.842677
2.42 0.845823
2.43 0.848963
2.44 0.852096
2.45 0.855222
2.46 0.858343
2.47 0.861457
2.48 0.864566
2.49 0.867669
2.5 0.870766
2.51 0.873858
2.52 0.876946
2.53 0.880028
2.54 0.883106
2.55 0.886179
2.56 0.889247
2.57 0.892312
2.58 0.895373
2.59 0.89843
2.6 0.901483
2.61 0.904533
2.62 0.90758
2.63 0.910624
2.64 0.913665
2.65 0.916703
2.66 0.919739
2.67 0.922773
2.68 0.925805
2.69 0.928835
2.7 0.931863
2.71 0.93489
2.72 0.937916
2.73 0.940941
2.74 0.943964
2.75 0.946987
2.76 0.95001
2.77 0.953032
2.78 0.956054
2.79 0.959077
2.8 0.962099
2.81 0.965122
2.82 0.968146
2.83 0.97117
2.84 0.974196
2.85 0.977222
2.86 0.98025
2.87 0.98328
2.88 0.986311
2.89 0.989345
2.9 0.99238
2.91 0.995418
2.92 0.998458
2.93 1.0015
2.94 1.00455
2.95 1.0076
2.96 1.01065
2.97 1.0137
2.98 1.01676
2.99 1.01982
3 1.02289
3.01 1.02596
3.02 1.02903
3.03 1.03211
3.04 1.0352
3.05 1.03829
3.06 1.04138
3.07 1.04448
3.08 1.04758
3.09 1.05069
3.1 1.0538
3.11 1.05692
3.12 1.06005
3.13 1.06318
3.14 1.06632
3.15 1.06946
3.16 1.07261
3.17 1.07577
3.18 1.07893
3.19 1.0821
3.2 1.08528
3.21 1.08847
3.22 1.09166
3.23 1.09486
3.24 1.09807
3.25 1.10128
3.26 1.1045
3.27 1.10773
3.28 1.11097
3.29 1.11422
3.3 1.11748
3.31 1.12074
3.32 1.12402
3.33 1.1273
3.34 1.13059
3.35 1.13389
3.36 1.1372
3.37 1.14052
3.38 1.14384
3.39 1.14718
3.4 1.15053
3.41 1.15388
3.42 1.15725
3.43 1.16063
3.44 1.16401
3.45 1.16741
3.46 1.17082
3.47 1.17424
3.48 1.17767
3.49 1.1811
3.5 1.18455
3.51 1.18801
3.52 1.19149
3.53 1.19497
3.54 1.19846
3.55 1.20197
3.56 1.20548
3.57 1.20901
3.58 1.21255
3.59 1.2161
3.6 1.21966
3.61 1.22324
3.62 1.22682
3.63 1.23042
3.64 1.23403
3.65 1.23765
3.66 1.24129
3.67 1.24493
3.68 1.24859
3.69 1.25226
3.7 1.25594
3.71 1.25964
3.72 1.26335
3.73 1.26707
3.74 1.2708
3.75 1.27455
3.76 1.2783
3.77 1.28207
3.78 1.28586
3.79 1.28966
3.8 1.29347
3.81 1.29729
3.82 1.30112
3.83 1.30497
3.84 1.30883
3.85 1.31271
3.86 1.31659
3.87 1.3205
3.88 1.32441
3.89 1.32834
3.9 1.33228
3.91 1.33623
3.92 1.3402
3.93 1.34418
3.94 1.34817
3.95 1.35218
3.96 1.3562
3.97 1.36023
3.98 1.36427
3.99 1.36833
4 1.37241
4.01 1.37649
4.02 1.38059
4.03 1.3847
4.04 1.38883
4.05 1.39297
4.06 1.39712
4.07 1.40128
4.08 1.40546
4.09 1.40965
4.1 1.41386
4.11 1.41808
4.12 1.42231
4.13 1.42655
4.14 1.43081
4.15 1.43507
4.16 1.43936
4.17 1.44365
4.18 1.44796
4.19 1.45228
4.2 1.45661
4.21 1.46096
4.22 1.46532
4.23 1.46969
4.24 1.47407
4.25 1.47847
4.26 1.48288
4.27 1.4873
4.28 1.49173
4.29 1.49617
4.3 1.50063
4.31 1.5051
4.32 1.50958
4.33 1.51407
4.34 1.51858
4.35 1.52309
4.36 1.52762
4.37 1.53216
4.38 1.53671
4.39 1.54127
4.4 1.54584
4.41 1.55043
4.42 1.55502
4.43 1.55963
4.44 1.56425
4.45 1.56887
4.46 1.57351
4.47 1.57816
4.48 1.58282
4.49 1.58749
4.5 1.59217
4.51 1.59686
4.52 1.60156
4.53 1.60628
4.54 1.611
4.55 1.61573
4.56 1.62047
4.57 1.62522
4.58 1.62998
4.59 1.63475
4.6 1.63952
4.61 1.64431
4.62 1.64911
4.63 1.65391
4.64 1.65873
4.65 1.66355
4.66 1.66838
4.67 1.67322
4.68 1.67807
4.69 1.68293
4.7 1.68779
4.71 1.69267
4.72 1.69755
4.73 1.70244
4.74 1.70733
4.75 1.71224
4.76 1.71715
4.77 1.72207
4.78 1.727
4.79 1.73193
4.8 1.73688
4.81 1.74183
4.82 1.74678
4.83 1.75175
4.84 1.75672
4.85 1.7617
4.86 1.76668
4.87 1.77167
4.88 1.77667
4.89 1.78167
4.9 1.78668
4.91 1.7917
4.92 1.79672
4.93 1.80175
4.94 1.80679
4.95 1.81183
4.96 1.81688
4.97 1.82194
4.98 1.827
4.99 1.83206
5 1.83714
5.01 1.84222
5.02 1.8473
5.03 1.85239
5.04 1.85749
5.05 1.86259
5.06 1.8677
5.07 1.87281
5.08 1.87793
5.09 1.88305
5.1 1.88819
5.11 1.89332
5.12 1.89846
5.13 1.90361
5.14 1.90877
5.15 1.91393
5.16 1.91909
5.17 1.92426
5.18 1.92944
5.19 1.93462
5.2 1.93981
5.21 1.94501
5.22 1.95021
5.23 1.95542
5.24 1.96063
5.25 1.96585
5.26 1.97107
5.27 1.97631
5.28 1.98154
5.29 1.98679
5.3 1.99204
5.31 1.9973
5.32 2.00256
5.33 2.00783
5.34 2.01311
5.35 2.0184
5.36 2.02369
5.37 2.02899
5.38 2.0343
5.39 2.03961
5.4 2.04493
5.41 2.05026
5.42 2.0556
5.43 2.06095
5.44 2.0663
5.45 2.07166
5.46 2.07704
5.47 2.08242
5.48 2.0878
5.49 2.0932
5.5 2.09861
5.51 2.10402
5.52 2.10945
5.53 2.11488
5.54 2.12033
5.55 2.12578
5.56 2.13125
5.57 2.13672
5.58 2.14221
5.59 2.14771
5.6 2.15322
5.61 2.15874
5.62 2.16427
5.63 2.16981
5.64 2.17536
5.65 2.18093
5.66 2.18651
5.67 2.1921
5.68 2.19771
5.69 2.20333
5.7 2.20896
5.71 2.21461
5.72 2.22027
5.73 2.22594
5.74 2.23163
5.75 2.23734
5.76 2.24305
5.77 2.24879
5.78 2.25454
5.79 2.26031
5.8 2.26609
5.81 2.27189
5.82 2.2777
5.83 2.28354
5.84 2.28939
5.85 2.29525
5.86 2.30114
5.87 2.30704
5.88 2.31297
5.89 2.31891
5.9 2.32487
5.91 2.33085
5.92 2.33685
5.93 2.34287
5.94 2.34892
5.95 2.35498
5.96 2.36106
5.97 2.36717
5.98 2.37329
5.99 2.37944
6 2.38562
6.01 2.39181
6.02 2.39803
6.03 2.40427
6.04 2.41054
6.05 2.41683
6.06 2.42314
6.07 2.42948
6.08 2.43584
6.09 2.44223
6.1 2.44865
6.11 2.45509
6.12 2.46156
6.13 2.46805
6.14 2.47457
6.15 2.48112
6.16 2.4877
6.17 2.49431
6.18 2.50094
6.19 2.5076
6.2 2.51429
6.21 2.52101
6.22 2.52777
6.23 2.53455
6.24 2.54136
6.25 2.5482
6.26 2.55507
6.27 2.56198
6.28 2.56891
6.29 2.57588
6.3 2.58288
6.31 2.58991
6.32 2.59698
6.33 2.60408
6.34 2.61121
6.35 2.61837
6.36 2.62557
6.37 2.63281
6.38 2.64007
6.39 2.64738
6.4 2.65471
6.41 2.66209
6.42 2.66949
6.43 2.67694
6.44 2.68441
6.45 2.69193
6.46 2.69948
6.47 2.70707
6.48 2.71469
6.49 2.72235
6.5 2.73005
6.51 2.73779
6.52 2.74556
6.53 2.75337
6.54 2.76122
6.55 2.7691
6.56 2.77703
6.57 2.78499
6.58 2.79299
6.59 2.80103
6.6 2.8091
6.61 2.81722
6.62 2.82537
6.63 2.83356
6.64 2.84179
6.65 2.85006
6.66 2.85837
6.67 2.86672
6.68 2.8751
6.69 2.88352
6.7 2.89199
6.71 2.90049
6.72 2.90903
6.73 2.91761
6.74 2.92623
6.75 2.93488
6.76 2.94358
6.77 2.95231
6.78 2.96108
6.79 2.96989
6.8 2.97873
6.81 2.98762
6.82 2.99654
6.83 3.0055
6.84 3.0145
6.85 3.02353
6.86 3.0326
6.87 3.04171
6.88 3.05085
6.89 3.06004
6.9 3.06925
6.91 3.0785
6.92 3.08779
6.93 3.09711
6.94 3.10647
6.95 3.11586
6.96 3.12528
6.97 3.13474
6.98 3.14424
6.99 3.15376
7 3.16332
7.01 3.17291
7.02 3.18253
7.03 3.19218
7.04 3.20186
7.05 3.21158
7.06 3.22132
7.07 3.23109
7.08 3.24089
7.09 3.25072
7.1 3.26058
7.11 3.27047
7.12 3.28038
7.13 3.29031
7.14 3.30028
7.15 3.31027
7.16 3.32028
7.17 3.33031
7.18 3.34037
7.19 3.35046
7.2 3.36056
7.21 3.37069
7.22 3.38083
7.23 3.391
7.24 3.40118
7.25 3.41139
7.26 3.42161
7.27 3.43185
7.28 3.44211
7.29 3.45238
7.3 3.46267
7.31 3.47297
7.32 3.48329
7.33 3.49361
7.34 3.50396
7.35 3.51431
7.36 3.52467
7.37 3.53505
7.38 3.54543
7.39 3.55582
7.4 3.56622
7.41 3.57663
7.42 3.58705
7.43 3.59746
7.44 3.60789
7.45 3.61832
7.46 3.62875
7.47 3.63919
7.48 3.64962
7.49 3.66006
7.5 3.6705
7.51 3.68094
7.52 3.69137
7.53 3.70181
7.54 3.71224
7.55 3.72267
7.56 3.73309
7.57 3.74351
7.58 3.75393
7.59 3.76433
7.6 3.77473
7.61 3.78512
7.62 3.79551
7.63 3.80588
7.64 3.81624
7.65 3.82659
7.66 3.83693
7.67 3.84725
7.68 3.85757
7.69 3.86786
7.7 3.87815
7.71 3.88841
7.72 3.89866
7.73 3.90889
7.74 3.91911
7.75 3.9293
7.76 3.93947
7.77 3.94963
7.78 3.95976
7.79 3.96986
7.8 3.97995
7.81 3.99001
7.82 4.00004
7.83 4.01005
7.84 4.02003
7.85 4.02998
7.86 4.03991
7.87 4.0498
7.88 4.05966
7.89 4.06949
7.9 4.07929
7.91 4.08906
7.92 4.09879
7.93 4.10848
7.94 4.11814
7.95 4.12776
7.96 4.13734
7.97 4.14688
7.98 4.15639
7.99 4.16585
8 4.17526
8.01 4.18464
8.02 4.19396
8.03 4.20325
8.04 4.21248
8.05 4.22167
8.06 4.23081
8.07 4.23989
8.08 4.24893
8.09 4.25791
8.1 4.26684
8.11 4.27572
8.12 4.28453
8.13 4.2933
8.14 4.302
8.15 4.31064
8.16 4.31922
8.17 4.32774
8.18 4.3362
8.19 4.3446
8.2 4.35292
8.21 4.36119
8.22 4.36938
8.23 4.37751
8.24 4.38556
8.25 4.39355
8.26 4.40146
8.27 4.40931
8.28 4.41707
8.29 4.42476
8.3 4.43238
8.31 4.43992
8.32 4.44738
8.33 4.45476
8.34 4.46207
8.35 4.46929
8.36 4.47643
8.37 4.48349
8.38 4.49047
8.39 4.49736
8.4 4.50416
8.41 4.51088
8.42 4.51752
8.43 4.52407
8.44 4.53053
8.45 4.5369
8.46 4.54319
8.47 4.54938
8.48 4.55549
8.49 4.5615
8.5 4.56743
8.51 4.57326
8.52 4.579
8.53 4.58465
8.54 4.59021
8.55 4.59568
8.56 4.60106
8.57 4.60634
8.58 4.61153
8.59 4.61663
8.6 4.62163
8.61 4.62654
8.62 4.63136
8.63 4.63609
8.64 4.64073
8.65 4.64527
8.66 4.64972
8.67 4.65408
8.68 4.65834
8.69 4.66252
8.7 4.6666
8.71 4.67059
8.72 4.67449
8.73 4.67831
8.74 4.68203
8.75 4.68566
8.76 4.6892
8.77 4.69266
8.78 4.69603
8.79 4.69931
8.8 4.7025
8.81 4.70561
8.82 4.70863
8.83 4.71157
8.84 4.71442
8.85 4.71719
8.86 4.71988
8.87 4.72248
8.88 4.72501
8.89 4.72745
8.9 4.72981
8.91 4.7321
8.92 4.7343
8.93 4.73643
8.94 4.73848
8.95 4.74046
8.96 4.74236
8.97 4.74419
8.98 4.74594
8.99 4.74762
9 4.74923
9.01 4.75077
9.02 4.75224
9.03 4.75364
9.04 4.75497
9.05 4.75623
9.06 4.75743
9.07 4.75856
9.08 4.75963
9.09 4.76064
9.1 4.76158
9.11 4.76246
9.12 4.76328
9.13 4.76404
9.14 4.76474
9.15 4.76538
9.16 4.76597
9.17 4.7665
9.18 4.76697
9.19 4.76739
9.2 4.76775
9.21 4.76806
9.22 4.76832
9.23 4.76853
9.24 4.76869
9.25 4.7688
9.26 4.76886
9.27 4.76887
9.28 4.76883
9.29 4.76875
9.3 4.76863
9.31 4.76845
9.32 4.76824
9.33 4.76798
9.34 4.76768
9.35 4.76734
9.36 4.76696
9.37 4.76654
9.38 4.76607
9.39 4.76558
9.4 4.76504
9.41 4.76446
9.42 4.76385
9.43 4.76321
9.44 4.76253
9.45 4.76181
9.46 4.76106
9.47 4.76028
9.48 4.75947
9.49 4.75862
9.5 4.75775
9.51 4.75684
9.52 4.75591
9.53 4.75494
9.54 4.75395
9.55 4.75293
9.56 4.75188
9.57 4.75081
9.58 4.74971
9.59 4.74858
9.6 4.74743
9.61 4.74626
9.62 4.74506
9.63 4.74383
9.64 4.74259
9.65 4.74132
9.66 4.74003
9.67 4.73872
9.68 4.73739
9.69 4.73604
9.7 4.73466
9.71 4.73327
9.72 4.73186
9.73 4.73043
9.74 4.72899
9.75 4.72752
9.76 4.72604
9.77 4.72454
9.78 4.72302
9.79 4.72149
9.8 4.71994
9.81 4.71838
9.82 4.7168
9.83 4.71521
9.84 4.7136
9.85 4.71198
9.86 4.71034
9.87 4.70869
9.88 4.70703
9.89 4.70536
9.9 4.70367
9.91 4.70197
9.92 4.70026
9.93 4.69854
9.94 4.6968
9.95 4.69506
9.96 4.69331
9.97 4.69154
9.98 4.68976
9.99 4.68798
10 4.68618
10.001 0
