0 0
0.01 0.57661
0.02 0.575809
0.03 0.575005
0.04 0.574198
0.05 0.573388
0.06 0.572576
0.07 0.571761
0.08 0.570943
0.09 0.570123
0.1 0.5693
0.11 0.568474
0.12 0.567646
0.13 0.566815
0.14 0.565981
0.15 0.565145
0.16 0.564306
0.17 0.563464
0.18 0.56262
0.19 0.561773
0.2 0.560923
0.21 0.560071
0.22 0.559217
0.23 0.558359
0.24 0.557499
0.25 0.556636
0.26 0.555771
0.27 0.554903
0.28 0.554033
0.29 0.55316
0.3 0.552284
0.31 0.551406
0.32 0.550525
0.33 0.549642
0.34 0.548756
0.35 0.547868
0.36 0.546977
0.37 0.546084
0.38 0.545188
0.39 0.544289
0.4 0.543388
0.41 0.542485
0.42 0.541579
0.43 0.540671
0.44 0.53976
0.45 0.538847
0.46 0.537932
0.47 0.537014
0.48 0.536094
0.49 0.535171
0.5 0.534247
0.51 0.533319
0.52 0.53239
0.53 0.531458
0.54 0.530524
0.55 0.529588
0.56 0.52865
0.57 0.527709
0.58 0.526766
0.59 0.525821
0.6 0.524874
0.61 0.523925
0.62 0.522974
0.63 0.52202
0.64 0.521065
0.65 0.520108
0.66 0.519148
0.67 0.518187
0.68 0.517224
0.69 0.516259
0.7 0.515292
0.71 0.514323
0.72 0.513352
0.73 0.51238
0.74 0.511406
0.75 0.51043
0.76 0.509452
0.77 0.508473
0.78 0.507493
0.79 0.50651
0.8 0.505526
0.81 0.504541
0.82 0.503554
0.83 0.502566
0.84 0.501577
0.85 0.500586
0.86 0.499594
0.87 0.4986
0.88 0.497606
0.89 0.49661
0.9 0.495613
0.91 0.494615
0.92 0.493616
0.93 0.492616
0.94 0.491615
0.95 0.490613
0.96 0.489611
0.97 0.488607
0.98 0.487603
0.99 0.486599
1 0.485593
1.01 0.484587
1.02 0.483581
1.03 0.482574
1.04 0.481567
1.05 0.48056
1.06 0.479552
1.07 0.478544
1.08 0.477536
1.09 0.476528
1.1 0.47552
1.11 0.474511
1.12 0.473504
1.13 0.472496
1.14 0.471488
1.15 0.470481
1.16 0.469475
1.17 0.468468
1.18 0.467463
1.19 0.466458
1.2 0.465454
1.21 0.46445
1.22 0.463448
1.23 0.462446
1.24 0.461445
1.25 0.460446
1.26 0.459448
1.27 0.458451
1.28 0.457456
1.29 0.456462
1.3 0.455469
1.31 0.454479
1.32 0.45349
1.33 0.452503
1.34 0.451517
1.35 0.450534
1.36 0.449554
1.37 0.448575
1.38 0.447599
1.39 0.446625
1.4 0.445654
1.41 0.444686
1.42 0.44372
1.43 0.442757
1.44 0.441798
1.45 0.440841
1.46 0.439888
1.47 0.438938
1.48 0.437992
1.49 0.437049
1.5 0.43611
1.51 0.435175
1.52 0.434244
1.53 0.433317
1.54 0.432395
1.55 0.431477
1.56 0.430563
1.57 0.429655
1.58 0.428751
1.59 0.427852
1.6 0.426958
1.61 0.42607
1.62 0.425187
1.63 0.424309
1.64 0.423437
1.65 0.422572
1.66 0.421712
1.67 0.420858
1.68 0.420011
1.69 0.419171
1.7 0.418337
1.71 0.41751
1.72 0.41669
1.73 0.415878
1.74 0.415073
1.75 0.414275
1.76 0.413485
1.77 0.412703
1.78 0.41193
1.79 0.411165
1.8 0.410408
1.81 0.40966
1.82 0.408921
1.83 0.408191
1.84 0.40747
1.85 0.406759
1.86 0.406058
1.87 0.405366
1.88 0.404685
1.89 0.404014
1.9 0.403354
1.91 0.402704
1.92 0.402066
1.93 0.401439
1.94 0.400823
1.95 0.400218
1.96 0.399626
1.97 0.399046
1.98 0.398478
1.99 0.397923
2 0.39738
2.01 0.396851
2.02 0.396335
2.03 0.395832
2.04 0.395344
2.05 0.394869
2.06 0.394408
2.07 0.393962
2.08 0.39353
2.09 0.393114
2.1 0.392713
2.11 0.392327
2.12 0.391957
2.13 0.391602
2.14 0.391264
2.15 0.390943
2.16 0.390638
2.17 0.39035
2.18 0.390079
2.19 0.389825
2.2 0.389589
2.21 0.389371
2.22 0.389171
2.23 0.38899
2.24 0.388827
2.25 0.388683
2.26 0.388558
2.27 0.388452
2.28 0.388366
2.29 0.3883
2.3 0.388254
2.31 0.388228
2.32 0.388222
2.33 0.388237
2.34 0.388273
2.35 0.38833
2.36 0.388409
2.37 0.388509
2.38 0.388631
2.39 0.388774
2.4 0.38894
2.41 0.389128
2.42 0.389339
2.43 0.389572
2.44 0.389828
2.45 0.390107
2.46 0.390409
2.47 0.390734
2.48 0.391083
2.49 0.391456
2.5 0.391852
2.51 0.392272
2.52 0.392716
2.53 0.393184
2.54 0.393676
2.55 0.394192
2.56 0.394733
2.57 0.395298
2.58 0.395887
2.59 0.396501
2.6 0.397139
2.61 0.397802
2.62 0.398489
2.63 0.399201
2.64 0.399937
2.65 0.400698
2.66 0.401483
2.67 0.402293
2.68 0.403126
2.69 0.403984
2.7 0.404867
2.71 0.405773
2.72 0.406703
2.73 0.407657
2.74 0.408634
2.75 0.409635
2.76 0.410659
2.77 0.411706
2.78 0.412776
2.79 0.413868
2.8 0.414983
2.81 0.416119
2.82 0.417278
2.83 0.418458
2.84 0.419659
2.85 0.42088
2.86 0.422122
2.87 0.423385
2.88 0.424666
2.89 0.425968
2.9 0.427287
2.91 0.428626
2.92 0.429982
2.93 0.431355
2.94 0.432746
2.95 0.434153
2.96 0.435575
2.97 0.437013
2.98 0.438466
2.99 0.439933
3 0.441414
3.01 0.442908
3.02 0.444414
3.03 0.445931
3.04 0.44746
3.05 0.449
3.06 0.450549
3.07 0.452107
3.08 0.453674
3.09 0.455248
3.1 0.45683
3.11 0.458417
3.12 0.460011
3.13 0.461609
3.14 0.463212
3.15 0.464817
3.16 0.466426
3.17 0.468037
3.18 0.469649
3.19 0.471261
3.2 0.472873
3.21 0.474485
3.22 0.476094
3.23 0.477702
3.24 0.479306
3.25 0.480907
3.26 0.482504
3.27 0.484095
3.28 0.485681
3.29 0.487261
3.3 0.488834
3.31 0.490399
3.32 0.491956
3.33 0.493505
3.34 0.495045
3.35 0.496575
3.36 0.498095
3.37 0.499605
3.38 0.501104
3.39 0.502592
3.4 0.504068
3.41 0.505531
3.42 0.506983
3.43 0.508422
3.44 0.509849
3.45 0.511262
3.46 0.512662
3.47 0.514049
3.48 0.515423
3.49 0.516783
3.5 0.51813
3.51 0.519463
3.52 0.520783
3.53 0.522089
3.54 0.523382
3.55 0.524662
3.56 0.52593
3.57 0.527184
3.58 0.528426
3.59 0.529656
3.6 0.530874
3.61 0.53208
3.62 0.533276
3.63 0.53446
3.64 0.535634
3.65 0.536798
3.66 0.537953
3.67 0.539098
3.68 0.540235
3.69 0.541365
3.7 0.542486
3.71 0.543601
3.72 0.54471
3.73 0.545813
3.74 0.546911
3.75 0.548004
3.76 0.549094
3.77 0.55018
3.78 0.551264
3.79 0.552346
3.8 0.553427
3.81 0.554507
3.82 0.555588
3.83 0.556669
3.84 0.557751
3.85 0.558835
3.86 0.559922
3.87 0.561013
3.88 0.562107
3.89 0.563206
3.9 0.56431
3.91 0.565419
3.92 0.566535
3.93 0.567658
3.94 0.568789
3.95 0.569927
3.96 0.571074
3.97 0.572231
3.98 0.573396
3.99 0.574572
4 0.575759
4.01 0.576956
4.02 0.578166
4.03 0.579387
4.04 0.58062
4.05 0.581866
4.06 0.583126
4.07 0.584398
4.08 0.585685
4.09 0.586986
4.1 0.588301
4.11 0.589631
4.12 0.590976
4.13 0.592336
4.14 0.593712
4.15 0.595104
4.16 0.596511
4.17 0.597935
4.18 0.599375
4.19 0.600831
4.2 0.602305
4.21 0.603794
4.22 0.605301
4.23 0.606825
4.24 0.608366
4.25 0.609924
4.26 0.611499
4.27 0.613092
4.28 0.614701
4.29 0.616329
4.3 0.617973
4.31 0.619635
4.32 0.621314
4.33 0.623011
4.34 0.624724
4.35 0.626455
4.36 0.628204
4.37 0.629969
4.38 0.631752
4.39 0.633551
4.4 0.635368
4.41 0.637201
4.42 0.639052
4.43 0.640919
4.44 0.642802
4.45 0.644702
4.46 0.646618
4.47 0.648551
4.48 0.6505
4.49 0.652464
4.5 0.654445
4.51 0.656441
4.52 0.658453
4.53 0.660481
4.54 0.662523
4.55 0.664581
4.56 0.666654
4.57 0.668742
4.58 0.670844
4.59 0.672961
4.6 0.675092
4.61 0.677238
4.62 0.679397
4.63 0.68157
4.64 0.683758
4.65 0.685958
4.66 0.688172
4.67 0.6904
4.68 0.69264
4.69 0.694893
4.7 0.697159
4.71 0.699438
4.72 0.701729
4.73 0.704032
4.74 0.706347
4.75 0.708675
4.76 0.711014
4.77 0.713364
4.78 0.715726
4.79 0.7181
4.8 0.720484
4.81 0.72288
4.82 0.725286
4.83 0.727704
4.84 0.730131
4.85 0.732569
4.86 0.735018
4.87 0.737476
4.88 0.739945
4.89 0.742423
4.9 0.744911
4.91 0.747409
4.92 0.749916
4.93 0.752432
4.94 0.754958
4.95 0.757493
4.96 0.760037
4.97 0.762589
4.98 0.765151
4.99 0.767721
5 0.7703
5.01 0.772887
5.02 0.775482
5.03 0.778086
5.04 0.780698
5.05 0.783318
5.06 0.785946
5.07 0.788582
5.08 0.791226
5.09 0.793877
5.1 0.796537
5.11 0.799203
5.12 0.801878
5.13 0.80456
5.14 0.807249
5.15 0.809946
5.16 0.81265
5.17 0.815361
5.18 0.818079
5.19 0.820805
5.2 0.823538
5.21 0.826277
5.22 0.829024
5.23 0.831778
5.24 0.834539
5.25 0.837307
5.26 0.840082
5.27 0.842863
5.28 0.845652
5.29 0.848448
5.3 0.85125
5.31 0.854059
5.32 0.856876
5.33 0.859699
5.34 0.862529
5.35 0.865366
5.36 0.86821
5.37 0.87106
5.38 0.873918
5.39 0.876783
5.4 0.879654
5.41 0.882533
5.42 0.885419
5.43 0.888311
5.44 0.891211
5.45 0.894118
5.46 0.897032
5.47 0.899954
5.48 0.902883
5.49 0.905819
5.5 0.908762
5.51 0.911713
5.52 0.914671
5.53 0.917637
5.54 0.92061
5.55 0.923592
5.56 0.926581
5.57 0.929577
5.58 0.932582
5.59 0.935595
5.6 0.938616
5.61 0.941645
5.62 0.944682
5.63 0.947727
5.64 0.950781
5.65 0.953844
5.66 0.956915
5.67 0.959995
5.68 0.963084
5.69 0.966181
5.7 0.969288
5.71 0.972404
5.72 0.97553
5.73 0.978664
5.74 0.981809
5.75 0.984963
5.76 0.988126
5.77 0.9913
5.78 0.994484
5.79 0.997678
5.8 1.00088
5.81 1.0041
5.82 1.00732
5.83 1.01056
5.84 1.01381
5.85 1.01707
5.86 1.02033
5.87 1.02362
5.88 1.02691
5.89 1.03021
5.9 1.03353
5.91 1.03686
5.92 1.0402
5.93 1.04355
5.94 1.04692
5.95 1.0503
5.96 1.05369
5.97 1.05709
5.98 1.06051
5.99 1.06395
6 1.06739
6.01 1.07085
6.02 1.07433
6.03 1.07781
6.04 1.08132
6.05 1.08484
6.06 1.08837
6.07 1.09192
6.08 1.09548
6.09 1.09906
6.1 1.10266
6.11 1.10627
6.12 1.1099
6.13 1.11355
6.14 1.11721
6.15 1.12089
6.16 1.12459
6.17 1.1283
6.18 1.13204
6.19 1.13579
6.2 1.13956
6.21 1.14335
6.22 1.14715
6.23 1.15098
6.24 1.15483
6.25 1.15869
6.26 1.16258
6.27 1.16649
6.28 1.17042
6.29 1.17437
6.3 1.17834
6.31 1.18233
6.32 1.18635
6.33 1.19038
6.34 1.19444
6.35 1.19852
6.36 1.20263
6.37 1.20676
6.38 1.21091
6.39 1.21509
6.4 1.21929
6.41 1.22352
6.42 1.22777
6.43 1.23205
6.44 1.23635
6.45 1.24069
6.46 1.24504
6.47 1.24943
6.48 1.25384
6.49 1.25828
6.5 1.26274
6.51 1.26724
6.52 1.27176
6.53 1.27632
6.54 1.2809
6.55 1.28552
6.56 1.29016
6.57 1.29483
6.58 1.29954
6.59 1.30428
6.6 1.30905
6.61 1.31385
6.62 1.31868
6.63 1.32355
6.64 1.32845
6.65 1.33339
6.66 1.33836
6.67 1.34336
6.68 1.3484
6.69 1.35347
6.7 1.35859
6.71 1.36373
6.72 1.36892
6.73 1.37414
6.74 1.3794
6.75 1.38469
6.76 1.39003
6.77 1.3954
6.78 1.40082
6.79 1.40627
6.8 1.41176
6.81 1.4173
6.82 1.42287
6.83 1.42849
6.84 1.43415
6.85 1.43985
6.86 1.44559
6.87 1.45137
6.88 1.4572
6.89 1.46307
6.9 1.46899
6.91 1.47495
6.92 1.48095
6.93 1.48701
6.94 1.4931
6.95 1.49924
6.96 1.50543
6.97 1.51166
6.98 1.51795
6.99 1.52427
7 1.53065
7.01 1.53707
7.02 1.54355
7.03 1.55007
7.04 1.55663
7.05 1.56325
7.06 1.56992
7.07 1.57663
7.08 1.5834
7.09 1.59021
7.1 1.59708
7.11 1.604
7.12 1.61096
7.13 1.61798
7.14 1.62504
7.15 1.63216
7.16 1.63933
7.17 1.64655
7.18 1.65382
7.19 1.66114
7.2 1.66851
7.21 1.67593
7.22 1.6834
7.23 1.69092
7.24 1.6985
7.25 1.70612
7.26 1.7138
7.27 1.72152
7.28 1.7293
7.29 1.73712
7.3 1.745
7.31 1.75292
7.32 1.7609
7.33 1.76892
7.34 1.77699
7.35 1.78511
7.36 1.79328
7.37 1.80149
7.38 1.80975
7.39 1.81806
7.4 1.82641
7.41 1.83481
7.42 1.84326
7.43 1.85174
7.44 1.86028
7.45 1.86885
7.46 1.87747
7.47 1.88613
7.48 1.89483
7.49 1.90357
7.5 1.91236
7.51 1.92118
7.52 1.93004
7.53 1.93893
7.54 1.94787
7.55 1.95684
7.56 1.96585
7.57 1.97489
7.58 1.98396
7.59 1.99307
7.6 2.00221
7.61 2.01139
7.62 2.02059
7.63 2.02982
7.64 2.03909
7.65 2.04838
7.66 2.0577
7.67 2.06705
7.68 2.07642
7.69 2.08582
7.7 2.09525
7.71 2.1047
7.72 2.11417
7.73 2.12367
7.74 2.13319
7.75 2.14274
7.76 2.1523
7.77 2.16189
7.78 2.17151
7.79 2.18114
7.8 2.19079
7.81 2.20047
7.82 2.21017
7.83 2.21989
7.84 2.22963
7.85 2.23939
7.86 2.24918
7.87 2.25898
7.88 2.26881
7.89 2.27866
7.9 2.28854
7.91 2.29844
7.92 2.30836
7.93 2.31831
7.94 2.32829
7.95 2.33829
7.96 2.34832
7.97 2.35838
7.98 2.36847
7.99 2.37859
8 2.38875
8.01 2.39894
8.02 2.40916
8.03 2.41942
8.04 2.42972
8.05 2.44006
8.06 2.45045
8.07 2.46087
8.08 2.47134
8.09 2.48186
8.1 2.49243
8.11 2.50305
8.12 2.51372
8.13 2.52444
8.14 2.53523
8.15 2.54607
8.16 2.55697
8.17 2.56793
8.18 2.57896
8.19 2.59006
8.2 2.60123
8.21 2.61246
8.22 2.62377
8.23 2.63515
8.24 2.64661
8.25 2.65815
8.26 2.66977
8.27 2.68147
8.28 2.69326
8.29 2.70512
8.3 2.71708
8.31 2.72912
8.32 2.74126
8.33 2.75348
8.34 2.7658
8.35 2.7782
8.36 2.79071
8.37 2.8033
8.38 2.81599
8.39 2.82878
8.4 2.84166
8.41 2.85464
8.42 2.86771
8.43 2.88088
8.44 2.89414
8.45 2.9075
8.46 2.92096
8.47 2.93451
8.48 2.94815
8.49 2.96188
8.5 2.97571
8.51 2.98962
8.52 3.00362
8.53 3.01771
8.54 3.03188
8.55 3.04613
8.56 3.06047
8.57 3.07488
8.58 3.08936
8.59 3.10392
8.6 3.11854
8.61 3.13324
8.62 3.148
8.63 3.16281
8.64 3.17769
8.65 3.19261
8.66 3.20759
8.67 3.22262
8.68 3.23769
8.69 3.25279
8.7 3.26793
8.71 3.28311
8.72 3.29831
8.73 3.31354
8.74 3.32878
8.75 3.34404
8.76 3.35931
8.77 3.37459
8.78 3.38988
8.79 3.40516
8.8 3.42044
8.81 3.43571
8.82 3.45096
8.83 3.4662
8.84 3.48142
8.85 3.49662
8.86 3.51179
8.87 3.52692
8.88 3.54202
8.89 3.55708
8.9 3.5721
8.91 3.58707
8.92 3.60199
8.93 3.61686
8.94 3.63167
8.95 3.64643
8.96 3.66111
8.97 3.67573
8.98 3.69029
8.99 3.70477
9 3.71917
9.01 3.73349
9.02 3.74774
9.03 3.76189
9.04 3.77596
9.05 3.78994
9.06 3.80383
9.07 3.81762
9.08 3.83131
9.09 3.8449
9.1 3.85839
9.11 3.87177
9.12 3.88504
9.13 3.8982
9.14 3.91124
9.15 3.92417
9.16 3.93698
9.17 3.94967
9.18 3.96223
9.19 3.97467
9.2 3.98697
9.21 3.99915
9.22 4.01119
9.23 4.02309
9.24 4.03486
9.25 4.04649
9.26 4.05797
9.27 4.06931
9.28 4.0805
9.29 4.09154
9.3 4.10243
9.31 4.11317
9.32 4.12375
9.33 4.13418
9.34 4.14445
9.35 4.15456
9.36 4.1645
9.37 4.17429
9.38 4.18391
9.39 4.19337
9.4 4.20266
9.41 4.21178
9.42 4.22073
9.43 4.22952
9.44 4.23813
9.45 4.24658
9.46 4.25485
9.47 4.26295
9.48 4.27088
9.49 4.27864
9.5 4.28622
9.51 4.29363
9.52 4.30088
9.53 4.30795
9.54 4.31484
9.55 4.32157
9.56 4.32813
9.57 4.33451
9.58 4.34073
9.59 4.34678
9.6 4.35266
9.61 4.35837
9.62 4.36392
9.63 4.36931
9.64 4.37453
9.65 4.37959
9.66 4.38449
9.67 4.38923
9.68 4.39381
9.69 4.39824
9.7 4.40251
9.71 4.40663
9.72 4.4106
9.73 4.41442
9.74 4.41809
9.75 4.42162
9.76 4.425
9.77 4.42824
9.78 4.43134
9.79 4.4343
9.8 4.43713
9.81 4.43982
9.82 4.44238
9.83 4.44481
9.84 4.44712
9.85 4.44929
9.86 4.45135
9.87 4.45328
9.88 4.45509
9.89 4.45679
9.9 4.45837
9.91 4.45984
9.92 4.4612
9.93 4.46244
9.94 4.46359
9.95 4.46462
9.96 4.46556
9.97 4.46639
9.98 4.46712
9.99 4.46776
10 4.46831
10.001 0
