0 5
0.01 3.91753
0.02 3.9178
0.03 3.91808
0.04 3.91835
0.05 3.91863
0.06 3.91891
0.07 3.9192
0.08 3.91949
0.09 3.91977
0.1 3.92007
0.11 3.92036
0.12 3.92066
0.13 3.92096
0.14 3.92126
0.15 3.92157
0.16 3.92188
0.17 3.92219
0.18 3.9225
0.19 3.92282
0.2 3.92314
0.21 3.92347
0.22 3.92379
0.23 3.92412
0.24 3.92445
0.25 3.92479
0.26 3.92513
0.27 3.92547
0.28 3.92581
0.29 3.92616
0.3 3.92651
0.31 3.92687
0.32 3.92722
0.33 3.92758
0.34 3.92795
0.35 3.92832
0.36 3.92869
0.37 3.92906
0.38 3.92944
0.39 3.92982
0.4 3.9302
0.41 3.93059
0.42 3.93098
0.43 3.93138
0.44 3.93177
0.45 3.93218
0.46 3.93258
0.47 3.93299
0.48 3.9334
0.49 3.93382
0.5 3.93424
0.51 3.93466
0.52 3.93509
0.53 3.93552
0.54 3.93596
0.55 3.9364
0.56 3.93684
0.57 3.93729
0.58 3.93774
0.59 3.9382
0.6 3.93866
0.61 3.93912
0.62 3.93959
0.63 3.94006
0.64 3.94054
0.65 3.94102
0.66 3.9415
0.67 3.94199
0.68 3.94249
0.69 3.94298
0.7 3.94349
0.71 3.94399
0.72 3.94451
0.73 3.94502
0.74 3.94554
0.75 3.94607
0.76 3.9466
0.77 3.94713
0.78 3.94767
0.79 3.94822
0.8 3.94877
0.81 3.94932
0.82 3.94988
0.83 3.95045
0.84 3.95102
0.85 3.95159
0.86 3.95217
0.87 3.95276
0.88 3.95335
0.89 3.95394
0.9 3.95454
0.91 3.95515
0.92 3.95576
0.93 3.95638
0.94 3.95701
0.95 3.95763
0.96 3.95827
0.97 3.95891
0.98 3.95956
0.99 3.96021
1 3.96087
1.01 3.96153
1.02 3.9622
1.03 3.96288
1.04 3.96356
1.05 3.96425
1.06 3.96494
1.07 3.96564
1.08 3.96635
1.09 3.96707
1.1 3.96779
1.11 3.96852
1.12 3.96925
1.13 3.96999
1.14 3.97074
1.15 3.97149
1.16 3.97226
1.17 3.97303
1.18 3.9738
1.19 3.97458
1.2 3.97538
1.21 3.97617
1.22 3.97698
1.23 3.97779
1.24 3.97861
1.25 3.97944
1.26 3.98028
1.27 3.98112
1.28 3.98197
1.29 3.98283
1.3 3.9837
1.31 3.98457
1.32 3.98546
1.33 3.98635
1.34 3.98725
1.35 3.98816
1.36 3.98908
1.37 3.99001
1.38 3.99094
1.39 3.99189
1.4 3.99284
1.41 3.9938
1.42 3.99477
1.43 3.99575
1.44 3.99674
1.45 3.99774
1.46 3.99875
1.47 3.99977
1.48 4.0008
1.49 4.00184
1.5 4.00289
1.51 4.00394
1.52 4.00501
1.53 4.00609
1.54 4.00718
1.55 4.00828
1.56 4.00939
1.57 4.01051
1.58 4.01164
1.59 4.01279
1.6 4.01394
1.61 4.0151
1.62 4.01628
1.63 4.01747
1.64 4.01867
1.65 4.01988
1.66 4.0211
1.67 4.02233
1.68 4.02358
1.69 4.02484
1.7 4.02611
1.71 4.02739
1.72 4.02868
1.73 4.02999
1.74 4.03131
1.75 4.03264
1.76 4.03399
1.77 4.03535
1.78 4.03672
1.79 4.03811
1.8 4.03951
1.81 4.04092
1.82 4.04235
1.83 4.04379
1.84 4.04524
1.85 4.04671
1.86 4.04819
1.87 4.04969
1.88 4.0512
1.89 4.05273
1.9 4.05427
1.91 4.05583
1.92 4.0574
1.93 4.05898
1.94 4.06059
1.95 4.06221
1.96 4.06384
1.97 4.06549
1.98 4.06716
1.99 4.06884
2 4.07054
2.01 4.07226
2.02 4.07399
2.03 4.07574
2.04 4.07751
2.05 4.07929
2.06 4.08109
2.07 4.08291
2.08 4.08475
2.09 4.08661
2.1 4.08848
2.11 4.09038
2.12 4.09229
2.13 4.09422
2.14 4.09617
2.15 4.09814
2.16 4.10014
2.17 4.10215
2.18 4.10418
2.19 4.10623
2.2 4.1083
2.21 4.11039
2.22 4.11251
2.23 4.11464
2.24 4.1168
2.25 4.11898
2.26 4.12118
2.27 4.1234
2.28 4.12565
2.29 4.12792
2.3 4.13022
2.31 4.13253
2.32 4.13488
2.33 4.13724
2.34 4.13963
2.35 4.14205
2.36 4.14449
2.37 4.14696
2.38 4.14945
2.39 4.15197
2.4 4.15452
2.41 4.1571
2.42 4.1597
2.43 4.16233
2.44 4.16499
2.45 4.16768
2.46 4.17039
2.47 4.17314
2.48 4.17592
2.49 4.17872
2.5 4.18156
2.51 4.18443
2.52 4.18733
2.53 4.19027
2.54 4.19324
2.55 4.19624
2.56 4.19927
2.57 4.20234
2.58 4.20545
2.59 4.20859
2.6 4.21176
2.61 4.21497
2.62 4.21822
2.63 4.22151
2.64 4.22483
2.65 4.2282
2.66 4.2316
2.67 4.23504
2.68 4.23853
2.69 4.24205
2.7 4.24562
2.71 4.24923
2.72 4.25288
2.73 4.25657
2.74 4.26031
2.75 4.26409
2.76 4.26792
2.77 4.27179
2.78 4.27571
2.79 4.27968
2.8 4.2837
2.81 4.28776
2.82 4.29187
2.83 4.29604
2.84 4.30025
2.85 4.30451
2.86 4.30883
2.87 4.3132
2.88 4.31762
2.89 4.32209
2.9 4.32662
2.91 4.3312
2.92 4.33584
2.93 4.34053
2.94 4.34528
2.95 4.35009
2.96 4.35495
2.97 4.35987
2.98 4.36485
2.99 4.36989
3 4.37499
3.01 4.38015
3.02 4.38537
3.03 4.39065
3.04 4.39599
3.05 4.40139
3.06 4.40686
3.07 4.41239
3.08 4.41798
3.09 4.42363
3.1 4.42935
3.11 4.43513
3.12 4.44097
3.13 4.44688
3.14 4.45286
3.15 4.45889
3.16 4.46499
3.17 4.47116
3.18 4.47739
3.19 4.48368
3.2 4.49004
3.21 4.49647
3.22 4.50295
3.23 4.5095
3.24 4.51611
3.25 4.52279
3.26 4.52953
3.27 4.53633
3.28 4.54319
3.29 4.55011
3.3 4.5571
3.31 4.56414
3.32 4.57125
3.33 4.57841
3.34 4.58562
3.35 4.5929
3.36 4.60023
3.37 4.60762
3.38 4.61506
3.39 4.62255
3.4 4.63009
3.41 4.63768
3.42 4.64533
3.43 4.65302
3.44 4.66075
3.45 4.66853
3.46 4.67636
3.47 4.68422
3.48 4.69213
3.49 4.70007
3.5 4.70805
3.51 4.71607
3.52 4.72411
3.53 4.73219
3.54 4.7403
3.55 4.74844
3.56 4.7566
3.57 4.76479
3.58 4.77299
3.59 4.78122
3.6 4.78947
3.61 4.79773
3.62 4.806
3.63 4.81428
3.64 4.82258
3.65 4.83088
3.66 4.83919
3.67 4.84749
3.68 4.8558
3.69 4.86411
3.7 4.87241
3.71 4.88071
3.72 4.889
3.73 4.89728
3.74 4.90555
3.75 4.91381
3.76 4.92204
3.77 4.93026
3.78 4.93846
3.79 4.94664
3.8 4.95479
3.81 4.96292
3.82 4.97102
3.83 4.97909
3.84 4.98713
3.85 4.99514
3.86 5.00311
3.87 5.01105
3.88 5.01895
3.89 5.02681
3.9 5.03462
3.91 5.0424
3.92 5.05013
3.93 5.05782
3.94 5.06546
3.95 5.07306
3.96 5.0806
3.97 5.0881
3.98 5.09555
3.99 5.10294
4 5.11028
4.01 5.11757
4.02 5.12481
4.03 5.13199
4.04 5.13911
4.05 5.14618
4.06 5.15319
4.07 5.16014
4.08 5.16704
4.09 5.17388
4.1 5.18065
4.11 5.18737
4.12 5.19403
4.13 5.20063
4.14 5.20717
4.15 5.21365
4.16 5.22007
4.17 5.22643
4.18 5.23273
4.19 5.23897
4.2 5.24514
4.21 5.25126
4.22 5.25732
4.23 5.26331
4.24 5.26925
4.25 5.27512
4.26 5.28094
4.27 5.28669
4.28 5.29239
4.29 5.29803
4.3 5.3036
4.31 5.30912
4.32 5.31459
4.33 5.31999
4.34 5.32533
4.35 5.33062
4.36 5.33585
4.37 5.34103
4.38 5.34615
4.39 5.35121
4.4 5.35622
4.41 5.36117
4.42 5.36607
4.43 5.37091
4.44 5.37571
4.45 5.38044
4.46 5.38513
4.47 5.38977
4.48 5.39435
4.49 5.39888
4.5 5.40337
4.51 5.4078
4.52 5.41218
4.53 5.41652
4.54 5.4208
4.55 5.42504
4.56 5.42924
4.57 5.43338
4.58 5.43748
4.59 5.44154
4.6 5.44554
4.61 5.44951
4.62 5.45343
4.63 5.45731
4.64 5.46114
4.65 5.46494
4.66 5.46869
4.67 5.4724
4.68 5.47607
4.69 5.4797
4.7 5.48328
4.71 5.48683
4.72 5.49035
4.73 5.49382
4.74 5.49725
4.75 5.50065
4.76 5.50401
4.77 5.50734
4.78 5.51063
4.79 5.51388
4.8 5.5171
4.81 5.52029
4.82 5.52344
4.83 5.52656
4.84 5.52964
4.85 5.5327
4.86 5.53572
4.87 5.53871
4.88 5.54167
4.89 5.54459
4.9 5.54749
4.91 5.55036
4.92 5.55319
4.93 5.556
4.94 5.55878
4.95 5.56153
4.96 5.56426
4.97 5.56695
4.98 5.56962
4.99 5.57226
5 5.57488
5.01 5.57747
5.02 5.58003
5.03 5.58257
5.04 5.58508
5.05 5.58757
5.06 5.59004
5.07 5.59248
5.08 5.5949
5.09 5.59729
5.1 5.59966
5.11 5.60201
5.12 5.60434
5.13 5.60664
5.14 5.60892
5.15 5.61118
5.16 5.61342
5.17 5.61564
5.18 5.61784
5.19 5.62002
5.2 5.62218
5.21 5.62432
5.22 5.62644
5.23 5.62854
5.24 5.63062
5.25 5.63268
5.26 5.63473
5.27 5.63676
5.28 5.63876
5.29 5.64076
5.3 5.64273
5.31 5.64469
5.32 5.64663
5.33 5.64855
5.34 5.65046
5.35 5.65235
5.36 5.65422
5.37 5.65608
5.38 5.65792
5.39 5.65975
5.4 5.66157
5.41 5.66336
5.42 5.66515
5.43 5.66692
5.44 5.66867
5.45 5.67041
5.46 5.67214
5.47 5.67385
5.48 5.67555
5.49 5.67724
5.5 5.67891
5.51 5.68057
5.52 5.68222
5.53 5.68385
5.54 5.68547
5.55 5.68708
5.56 5.68868
5.57 5.69027
5.58 5.69184
5.59 5.6934
5.6 5.69496
5.61 5.69649
5.62 5.69802
5.63 5.69954
5.64 5.70105
5.65 5.70254
5.66 5.70403
5.67 5.7055
5.68 5.70697
5.69 5.70842
5.7 5.70986
5.71 5.7113
5.72 5.71272
5.73 5.71414
5.74 5.71554
5.75 5.71694
5.76 5.71832
5.77 5.7197
5.78 5.72107
5.79 5.72243
5.8 5.72378
5.81 5.72512
5.82 5.72645
5.83 5.72778
5.84 5.72909
5.85 5.7304
5.86 5.7317
5.87 5.73299
5.88 5.73427
5.89 5.73555
5.9 5.73682
5.91 5.73808
5.92 5.73933
5.93 5.74058
5.94 5.74181
5.95 5.74304
5.96 5.74427
5.97 5.74548
5.98 5.74669
5.99 5.74789
6 5.74909
6.01 5.75028
6.02 5.75146
6.03 5.75263
6.04 5.7538
6.05 5.75496
6.06 5.75612
6.07 5.75727
6.08 5.75841
6.09 5.75955
6.1 5.76068
6.11 5.7618
6.12 5.76292
6.13 5.76404
6.14 5.76514
6.15 5.76624
6.16 5.76734
6.17 5.76843
6.18 5.76951
6.19 5.77059
6.2 5.77166
6.21 5.77273
6.22 5.77379
6.23 5.77485
6.24 5.7759
6.25 5.77695
6.26 5.77799
6.27 5.77903
6.28 5.78006
6.29 5.78108
6.3 5.7821
6.31 5.78312
6.32 5.78413
6.33 5.78514
6.34 5.78614
6.35 5.78714
6.36 5.78813
6.37 5.78911
6.38 5.7901
6.39 5.79108
6.4 5.79205
6.41 5.79302
6.42 5.79398
6.43 5.79494
6.44 5.7959
6.45 5.79685
6.46 5.7978
6.47 5.79874
6.48 5.79968
6.49 5.80061
6.5 5.80154
6.51 5.80246
6.52 5.80339
6.53 5.8043
6.54 5.80521
6.55 5.80612
6.56 5.80703
6.57 5.80793
6.58 5.80882
6.59 5.80971
6.6 5.8106
6.61 5.81148
6.62 5.81236
6.63 5.81324
6.64 5.81411
6.65 5.81498
6.66 5.81584
6.67 5.8167
6.68 5.81755
6.69 5.81841
6.7 5.81925
6.71 5.8201
6.72 5.82093
6.73 5.82177
6.74 5.8226
6.75 5.82343
6.76 5.82425
6.77 5.82507
6.78 5.82588
6.79 5.82669
6.8 5.8275
6.81 5.8283
6.82 5.8291
6.83 5.8299
6.84 5.83069
6.85 5.83147
6.86 5.83226
6.87 5.83303
6.88 5.83381
6.89 5.83458
6.9 5.83534
6.91 5.83611
6.92 5.83686
6.93 5.83762
6.94 5.83837
6.95 5.83911
6.96 5.83985
6.97 5.84059
6.98 5.84132
6.99 5.84205
7 5.84277
7.01 5.84349
7.02 5.84421
7.03 5.84492
7.04 5.84563
7.05 5.84633
7.06 5.84703
7.07 5.84772
7.08 5.84841
7.09 5.8491
7.1 5.84978
7.11 5.85045
7.12 5.85113
7.13 5.85179
7.14 5.85246
7.15 5.85312
7.16 5.85377
7.17 5.85442
7.18 5.85507
7.19 5.85571
7.2 5.85634
7.21 5.85698
7.22 5.85761
7.23 5.85823
7.24 5.85885
7.25 5.85947
7.26 5.86008
7.27 5.86068
7.28 5.86129
7.29 5.86188
7.3 5.86248
7.31 5.86307
7.32 5.86366
7.33 5.86424
7.34 5.86482
7.35 5.86539
7.36 5.86596
7.37 5.86653
7.38 5.86709
7.39 5.86765
7.4 5.86821
7.41 5.86877
7.42 5.86932
7.43 5.86986
7.44 5.87041
7.45 5.87095
7.46 5.87149
7.47 5.87202
7.48 5.87256
7.49 5.87309
7.5 5.87362
7.51 5.87415
7.52 5.87467
7.53 5.8752
7.54 5.87572
7.55 5.87624
7.56 5.87676
7.57 5.87728
7.58 5.8778
7.59 5.87832
7.6 5.87884
7.61 5.87936
7.62 5.87989
7.63 5.88041
7.64 5.88093
7.65 5.88146
7.66 5.88199
7.67 5.88251
7.68 5.88305
7.69 5.88358
7.7 5.88412
7.71 5.88466
7.72 5.88521
7.73 5.88576
7.74 5.88632
7.75 5.88688
7.76 5.88745
7.77 5.88802
7.78 5.8886
7.79 5.88918
7.8 5.88978
7.81 5.89038
7.82 5.89099
7.83 5.89161
7.84 5.89224
7.85 5.89288
7.86 5.89352
7.87 5.89418
7.88 5.89485
7.89 5.89553
7.9 5.89623
7.91 5.89693
7.92 5.89765
7.93 5.89838
7.94 5.89913
7.95 5.89989
7.96 5.90066
7.97 5.90145
7.98 5.90226
7.99 5.90308
8 5.90391
8.01 5.90477
8.02 5.90564
8.03 5.90653
8.04 5.90743
8.05 5.90835
8.06 5.90929
8.07 5.91025
8.08 5.91123
8.09 5.91223
8.1 5.91324
8.11 5.91428
8.12 5.91533
8.13 5.9164
8.14 5.91749
8.15 5.9186
8.16 5.91973
8.17 5.92088
8.18 5.92205
8.19 5.92324
8.2 5.92444
8.21 5.92566
8.22 5.9269
8.23 5.92816
8.24 5.92943
8.25 5.93072
8.26 5.93202
8.27 5.93334
8.28 5.93468
8.29 5.93602
8.3 5.93738
8.31 5.93875
8.32 5.94013
8.33 5.94152
8.34 5.94292
8.35 5.94432
8.36 5.94573
8.37 5.94714
8.38 5.94855
8.39 5.94996
8.4 5.95137
8.41 5.95278
8.42 5.95418
8.43 5.95558
8.44 5.95696
8.45 5.95833
8.46 5.95969
8.47 5.96102
8.48 5.96234
8.49 5.96364
8.5 5.96491
8.51 5.96615
8.52 5.96736
8.53 5.96853
8.54 5.96967
8.55 5.97076
8.56 5.97181
8.57 5.97281
8.58 5.97376
8.59 5.97465
8.6 5.97548
8.61 5.97625
8.62 5.97695
8.63 5.97757
8.64 5.97812
8.65 5.97859
8.66 5.97897
8.67 5.97927
8.68 5.97947
8.69 5.97957
8.7 5.97957
8.71 5.97946
8.72 5.97924
8.73 5.9789
8.74 5.97844
8.75 5.97786
8.76 5.97715
8.77 5.9763
8.78 5.97532
8.79 5.97419
8.8 5.97291
8.81 5.97148
8.82 5.9699
8.83 5.96816
8.84 5.96626
8.85 5.96419
8.86 5.96194
8.87 5.95953
8.88 5.95694
8.89 5.95417
8.9 5.95121
8.91 5.94807
8.92 5.94474
8.93 5.94123
8.94 5.93752
8.95 5.93361
8.96 5.92951
8.97 5.92521
8.98 5.92072
8.99 5.91603
9 5.91114
9.01 5.90604
9.02 5.90075
9.03 5.89527
9.04 5.88958
9.05 5.8837
9.06 5.87762
9.07 5.87134
9.08 5.86488
9.09 5.85822
9.1 5.85138
9.11 5.84435
9.12 5.83715
9.13 5.82976
9.14 5.8222
9.15 5.81446
9.16 5.80656
9.17 5.7985
9.18 5.79028
9.19 5.78191
9.2 5.77339
9.21 5.76472
9.22 5.75592
9.23 5.74699
9.24 5.73793
9.25 5.72875
9.26 5.71945
9.27 5.71005
9.28 5.70054
9.29 5.69094
9.3 5.68125
9.31 5.67147
9.32 5.66162
9.33 5.65169
9.34 5.6417
9.35 5.63166
9.36 5.62156
9.37 5.61141
9.38 5.60122
9.39 5.591
9.4 5.58075
9.41 5.57048
9.42 5.5602
9.43 5.5499
9.44 5.5396
9.45 5.52929
9.46 5.519
9.47 5.50871
9.48 5.49844
9.49 5.48819
9.5 5.47797
9.51 5.46777
9.52 5.45761
9.53 5.44749
9.54 5.43741
9.55 5.42738
9.56 5.41739
9.57 5.40746
9.58 5.39758
9.59 5.38777
9.6 5.37801
9.61 5.36832
9.62 5.3587
9.63 5.34915
9.64 5.33967
9.65 5.33027
9.66 5.32094
9.67 5.31169
9.68 5.30253
9.69 5.29344
9.7 5.28444
9.71 5.27552
9.72 5.26669
9.73 5.25794
9.74 5.24929
9.75 5.24072
9.76 5.23224
9.77 5.22385
9.78 5.21555
9.79 5.20735
9.8 5.19923
9.81 5.19121
9.82 5.18327
9.83 5.17544
9.84 5.16769
9.85 5.16003
9.86 5.15247
9.87 5.145
9.88 5.13762
9.89 5.13033
9.9 5.12313
9.91 5.11602
9.92 5.109
9.93 5.10207
9.94 5.09524
9.95 5.08848
9.96 5.08182
9.97 5.07525
9.98 5.06876
9.99 5.06235
10 5.05604
10.001 5
