0 -10
0.01 -8.95725
0.02 -8.95418
0.03 -8.9511
0.04 -8.948
0.05 -8.94488
0.06 -8.94175
0.07 -8.93861
0.08 -8.93545
0.09 -8.93227
0.1 -8.92908
0.11 -8.92588
0.12 -8.92266
0.13 -8.91943
0.14 -8.91618
0.15 -8.91291
0.16 -8.90963
0.17 -8.90634
0.18 -8.90303
0.19 -8.8997
0.2 -8.89636
0.21 -8.89301
0.22 -8.88964
0.23 -8.88625
0.24 -8.88285
0.25 -8.87943
0.26 -8.876
0.27 -8.87255
0.28 -8.86908
0.29 -8.8656
0.3 -8.8621
0.31 -8.85859
0.32 -8.85506
0.33 -8.85152
0.34 -8.84796
0.35 -8.84438
0.36 -8.84079
0.37 -8.83718
0.38 -8.83356
0.39 -8.82992
0.4 -8.82626
0.41 -8.82259
0.42 -8.8189
0.43 -8.8152
0.44 -8.81147
0.45 -8.80774
0.46 -8.80398
0.47 -8.80021
0.48 -8.79643
0.49 -8.79262
0.5 -8.7888
0.51 -8.78497
0.52 -8.78112
0.53 -8.77725
0.54 -8.77336
0.55 -8.76946
0.56 -8.76554
0.57 -8.76161
0.58 -8.75766
0.59 -8.75369
0.6 -8.7497
0.61 -8.7457
0.62 -8.74169
0.63 -8.73765
0.64 -8.7336
0.65 -8.72953
0.66 -8.72545
0.67 -8.72135
0.68 -8.71723
0.69 -8.7131
0.7 -8.70895
0.71 -8.70478
0.72 -8.7006
0.73 -8.6964
0.74 -8.69218
0.75 -8.68795
0.76 -8.6837
0.77 -8.67944
0.78 -8.67515
0.79 -8.67085
0.8 -8.66654
0.81 -8.66221
0.82 -8.65786
0.83 -8.65349
0.84 -8.64911
0.85 -8.64471
0.86 -8.6403
0.87 -8.63587
0.88 -8.63142
0.89 -8.62696
0.9 -8.62248
0.91 -8.61799
0.92 -8.61347
0.93 -8.60895
0.94 -8.6044
0.95 -8.59984
0.96 -8.59527
0.97 -8.59068
0.98 -8.58607
0.99 -8.58144
1 -8.5768
1.01 -8.57215
1.02 -8.56748
1.03 -8.56279
1.04 -8.55809
1.05 -8.55337
1.06 -8.54863
1.07 -8.54388
1.08 -8.53912
1.09 -8.53434
1.1 -8.52954
1.11 -8.52473
1.12 -8.5199
1.13 -8.51506
1.14 -8.5102
1.15 -8.50533
1.16 -8.50044
1.17 -8.49554
1.18 -8.49062
1.19 -8.48569
1.2 -8.48074
1.21 -8.47578
1.22 -8.4708
1.23 -8.46581
1.24 -8.4608
1.25 -8.45578
1.26 -8.45074
1.27 -8.44569
1.28 -8.44063
1.29 -8.43555
1.3 -8.43045
1.31 -8.42534
1.32 -8.42022
1.33 -8.41508
1.34 -8.40993
1.35 -8.40477
1.36 -8.39959
1.37 -8.39439
1.38 -8.38919
1.39 -8.38396
1.4 -8.37873
1.41 -8.37348
1.42 -8.36821
1.43 -8.36294
1.44 -8.35765
1.45 -8.35234
1.46 -8.34702
1.47 -8.34169
1.48 -8.33634
1.49 -8.33098
1.5 -8.32561
1.51 -8.32022
1.52 -8.31482
1.53 -8.30941
1.54 -8.30398
1.55 -8.29854
1.56 -8.29308
1.57 -8.28761
1.58 -8.28213
1.59 -8.27663
1.6 -8.27112
1.61 -8.2656
1.62 -8.26006
1.63 -8.25451
1.64 -8.24894
1.65 -8.24337
1.66 -8.23777
1.67 -8.23216
1.68 -8.22654
1.69 -8.22091
1.7 -8.21526
1.71 -8.2096
1.72 -8.20392
1.73 -8.19823
1.74 -8.19252
1.75 -8.1868
1.76 -8.18106
1.77 -8.17531
1.78 -8.16954
1.79 -8.16376
1.8 -8.15797
1.81 -8.15216
1.82 -8.14633
1.83 -8.14049
1.84 -8.13463
1.85 -8.12875
1.86 -8.12286
1.87 -8.11696
1.88 -8.11103
1.89 -8.10509
1.9 -8.09913
1.91 -8.09316
1.92 -8.08717
1.93 -8.08116
1.94 -8.07513
1.95 -8.06909
1.96 -8.06302
1.97 -8.05694
1.98 -8.05084
1.99 -8.04472
2 -8.03858
2.01 -8.03242
2.02 -8.02624
2.03 -8.02004
2.04 -8.01382
2.05 -8.00757
2.06 -8.00131
2.07 -7.99502
2.08 -7.98872
2.09 -7.98239
2.1 -7.97603
2.11 -7.96965
2.12 -7.96325
2.13 -7.95683
2.14 -7.95037
2.15 -7.9439
2.16 -7.9374
2.17 -7.93087
2.18 -7.92432
2.19 -7.91773
2.2 -7.91112
2.21 -7.90449
2.22 -7.89782
2.23 -7.89113
2.24 -7.8844
2.25 -7.87765
2.26 -7.87086
2.27 -7.86405
2.28 -7.8572
2.29 -7.85032
2.3 -7.8434
2.31 -7.83645
2.32 -7.82947
2.33 -7.82245
2.34 -7.8154
2.35 -7.80831
2.36 -7.80119
2.37 -7.79403
2.38 -7.78683
2.39 -7.77959
2.4 -7.77231
2.41 -7.76499
2.42 -7.75764
2.43 -7.75024
2.44 -7.7428
2.45 -7.73531
2.46 -7.72779
2.47 -7.72022
2.48 -7.7126
2.49 -7.70494
2.5 -7.69724
2.51 -7.68949
2.52 -7.68169
2.53 -7.67384
2.54 -7.66595
2.55 -7.658
2.56 -7.65001
2.57 -7.64197
2.58 -7.63388
2.59 -7.62573
2.6 -7.61753
2.61 -7.60928
2.62 -7.60098
2.63 -7.59262
2.64 -7.58421
2.65 -7.57575
2.66 -7.56722
2.67 -7.55865
2.68 -7.55001
2.69 -7.54132
2.7 -7.53257
2.71 -7.52377
2.72 -7.5149
2.73 -7.50598
2.74 -7.497
2.75 -7.48796
2.76 -7.47885
2.77 -7.46969
2.78 -7.46047
2.79 -7.45119
2.8 -7.44184
2.81 -7.43244
2.82 -7.42297
2.83 -7.41345
2.84 -7.40386
2.85 -7.39421
2.86 -7.38449
2.87 -7.37472
2.88 -7.36488
2.89 -7.35499
2.9 -7.34503
2.91 -7.33501
2.92 -7.32493
2.93 -7.31478
2.94 -7.30458
2.95 -7.29432
2.96 -7.284
2.97 -7.27361
2.98 -7.26317
2.99 -7.25267
3 -7.24212
3.01 -7.2315
3.02 -7.22083
3.03 -7.21011
3.04 -7.19932
3.05 -7.18849
3.06 -7.1776
3.07 -7.16666
3.08 -7.15566
3.09 -7.14462
3.1 -7.13353
3.11 -7.12238
3.12 -7.1112
3.13 -7.09996
3.14 -7.08868
3.15 -7.07736
3.16 -7.066
3.17 -7.0546
3.18 -7.04316
3.19 -7.03168
3.2 -7.02016
3.21 -7.00862
3.22 -6.99704
3.23 -6.98543
3.24 -6.97379
3.25 -6.96213
3.26 -6.95044
3.27 -6.93873
3.28 -6.927
3.29 -6.91525
3.3 -6.90348
3.31 -6.8917
3.32 -6.87991
3.33 -6.8681
3.34 -6.8563
3.35 -6.84448
3.36 -6.83266
3.37 -6.82085
3.38 -6.80903
3.39 -6.79722
3.4 -6.78541
3.41 -6.77362
3.42 -6.76183
3.43 -6.75006
3.44 -6.73831
3.45 -6.72658
3.46 -6.71486
3.47 -6.70317
3.48 -6.69151
3.49 -6.67988
3.5 -6.66828
3.51 -6.65671
3.52 -6.64518
3.53 -6.63369
3.54 -6.62224
3.55 -6.61083
3.56 -6.59948
3.57 -6.58817
3.58 -6.57691
3.59 -6.5657
3.6 -6.55455
3.61 -6.54346
3.62 -6.53243
3.63 -6.52146
3.64 -6.51056
3.65 -6.49972
3.66 -6.48895
3.67 -6.47825
3.68 -6.46763
3.69 -6.45708
3.7 -6.4466
3.71 -6.43621
3.72 -6.42589
3.73 -6.41566
3.74 -6.40551
3.75 -6.39545
3.76 -6.38547
3.77 -6.37558
3.78 -6.36577
3.79 -6.35606
3.8 -6.34644
3.81 -6.33692
3.82 -6.32749
3.83 -6.31815
3.84 -6.30891
3.85 -6.29976
3.86 -6.29071
3.87 -6.28176
3.88 -6.27291
3.89 -6.26416
3.9 -6.25551
3.91 -6.24696
3.92 -6.23851
3.93 -6.23016
3.94 -6.22192
3.95 -6.21377
3.96 -6.20573
3.97 -6.19779
3.98 -6.18995
3.99 -6.18221
4 -6.17458
4.01 -6.16704
4.02 -6.15961
4.03 -6.15228
4.04 -6.14505
4.05 -6.13792
4.06 -6.13089
4.07 -6.12396
4.08 -6.11713
4.09 -6.1104
4.1 -6.10377
4.11 -6.09723
4.12 -6.09079
4.13 -6.08445
4.14 -6.07821
4.15 -6.07205
4.16 -6.066
4.17 -6.06003
4.18 -6.05416
4.19 -6.04838
4.2 -6.04269
4.21 -6.03709
4.22 -6.03158
4.23 -6.02615
4.24 -6.02082
4.25 -6.01557
4.26 -6.0104
4.27 -6.00532
4.28 -6.00032
4.29 -5.99541
4.3 -5.99057
4.31 -5.98582
4.32 -5.98114
4.33 -5.97654
4.34 -5.97202
4.35 -5.96757
4.36 -5.9632
4.37 -5.95891
4.38 -5.95468
4.39 -5.95053
4.4 -5.94644
4.41 -5.94243
4.42 -5.93849
4.43 -5.93461
4.44 -5.9308
4.45 -5.92705
4.46 -5.92337
4.47 -5.91975
4.48 -5.91619
4.49 -5.9127
4.5 -5.90926
4.51 -5.90589
4.52 -5.90257
4.53 -5.89931
4.54 -5.89611
4.55 -5.89296
4.56 -5.88986
4.57 -5.88682
4.58 -5.88383
4.59 -5.8809
4.6 -5.87801
4.61 -5.87517
4.62 -5.87238
4.63 -5.86964
4.64 -5.86695
4.65 -5.8643
4.66 -5.8617
4.67 -5.85915
4.68 -5.85663
4.69 -5.85416
4.7 -5.85173
4.71 -5.84935
4.72 -5.847
4.73 -5.8447
4.74 -5.84243
4.75 -5.8402
4.76 -5.83801
4.77 -5.83585
4.78 -5.83374
4.79 -5.83165
4.8 -5.82961
4.81 -5.82759
4.82 -5.82561
4.83 -5.82366
4.84 -5.82175
4.85 -5.81987
4.86 -5.81801
4.87 -5.81619
4.88 -5.8144
4.89 -5.81263
4.9 -5.8109
4.91 -5.80919
4.92 -5.80751
4.93 -5.80586
4.94 -5.80423
4.95 -5.80263
4.96 -5.80106
4.97 -5.79951
4.98 -5.79798
4.99 -5.79648
5 -5.795
5.01 -5.79355
5.02 -5.79211
5.03 -5.7907
5.04 -5.78931
5.05 -5.78795
5.06 -5.7866
5.07 -5.78527
5.08 -5.78396
5.09 -5.78267
5.1 -5.78141
5.11 -5.78016
5.12 -5.77892
5.13 -5.77771
5.14 -5.77651
5.15 -5.77533
5.16 -5.77417
5.17 -5.77302
5.18 -5.77189
5.19 -5.77078
5.2 -5.76968
5.21 -5.7686
5.22 -5.76753
5.23 -5.76648
5.24 -5.76544
5.25 -5.76441
5.26 -5.7634
5.27 -5.7624
5.28 -5.76141
5.29 -5.76044
5.3 -5.75948
5.31 -5.75853
5.32 -5.7576
5.33 -5.75667
5.34 -5.75576
5.35 -5.75486
5.36 -5.75397
5.37 -5.75309
5.38 -5.75222
5.39 -5.75136
5.4 -5.75051
5.41 -5.74967
5.42 -5.74884
5.43 -5.74802
5.44 -5.74721
5.45 -5.74641
5.46 -5.74562
5.47 -5.74484
5.48 -5.74406
5.49 -5.7433
5.5 -5.74254
5.51 -5.74179
5.52 -5.74104
5.53 -5.74031
5.54 -5.73958
5.55 -5.73886
5.56 -5.73815
5.57 -5.73744
5.58 -5.73674
5.59 -5.73605
5.6 -5.73536
5.61 -5.73468
5.62 -5.734
5.63 -5.73333
5.64 -5.73267
5.65 -5.73202
5.66 -5.73136
5.67 -5.73072
5.68 -5.73008
5.69 -5.72944
5.7 -5.72881
5.71 -5.72819
5.72 -5.72757
5.73 -5.72695
5.74 -5.72634
5.75 -5.72573
5.76 -5.72513
5.77 -5.72453
5.78 -5.72394
5.79 -5.72335
5.8 -5.72276
5.81 -5.72218
5.82 -5.7216
5.83 -5.72102
5.84 -5.72045
5.85 -5.71988
5.86 -5.71932
5.87 -5.71876
5.88 -5.7182
5.89 -5.71764
5.9 -5.71709
5.91 -5.71654
5.92 -5.71599
5.93 -5.71544
5.94 -5.7149
5.95 -5.71436
5.96 -5.71382
5.97 -5.71329
5.98 -5.71276
5.99 -5.71222
6 -5.7117
6.01 -5.71117
6.02 -5.71064
6.03 -5.71012
6.04 -5.7096
6.05 -5.70908
6.06 -5.70856
6.07 -5.70804
6.08 -5.70753
6.09 -5.70701
6.1 -5.7065
6.11 -5.70599
6.12 -5.70548
6.13 -5.70497
6.14 -5.70446
6.15 -5.70395
6.16 -5.70345
6.17 -5.70294
6.18 -5.70244
6.19 -5.70193
6.2 -5.70143
6.21 -5.70093
6.22 -5.70042
6.23 -5.69992
6.24 -5.69942
6.25 -5.69892
6.26 -5.69842
6.27 -5.69792
6.28 -5.69742
6.29 -5.69692
6.3 -5.69642
6.31 -5.69592
6.32 -5.69542
6.33 -5.69492
6.34 -5.69442
6.35 -5.69392
6.36 -5.69342
6.37 -5.69292
6.38 -5.69242
6.39 -5.69191
6.4 -5.69141
6.41 -5.69091
6.42 -5.69041
6.43 -5.6899
6.44 -5.6894
6.45 -5.6889
6.46 -5.68839
6.47 -5.68789
6.48 -5.68738
6.49 -5.68687
6.5 -5.68637
6.51 -5.68586
6.52 -5.68535
6.53 -5.68484
6.54 -5.68433
6.55 -5.68381
6.56 -5.6833
6.57 -5.68279
6.58 -5.68227
6.59 -5.68175
6.6 -5.68124
6.61 -5.68072
6.62 -5.6802
6.63 -5.67968
6.64 -5.67916
6.65 -5.67863
6.66 -5.67811
6.67 -5.67758
6.68 -5.67706
6.69 -5.67653
6.7 -5.676
6.71 -5.67547
6.72 -5.67493
6.73 -5.6744
6.74 -5.67386
6.75 -5.67333
6.76 -5.67279
6.77 -5.67225
6.78 -5.67171
6.79 -5.67117
6.8 -5.67062
6.81 -5.67008
6.82 -5.66953
6.83 -5.66899
6.84 -5.66844
6.85 -5.66789
6.86 -5.66733
6.87 -5.66678
6.88 -5.66622
6.89 -5.66567
6.9 -5.66511
6.91 -5.66455
6.92 -5.66399
6.93 -5.66343
6.94 -5.66287
6.95 -5.6623
6.96 -5.66174
6.97 -5.66117
6.98 -5.6606
6.99 -5.66003
7 -5.65946
7.01 -5.65889
7.02 -5.65832
7.03 -5.65774
7.04 -5.65717
7.05 -5.65659
7.06 -5.65601
7.07 -5.65544
7.08 -5.65486
7.09 -5.65428
7.1 -5.6537
7.11 -5.65312
7.12 -5.65254
7.13 -5.65195
7.14 -5.65137
7.15 -5.65079
7.16 -5.6502
7.17 -5.64962
7.18 -5.64903
7.19 -5.64845
7.2 -5.64786
7.21 -5.64728
7.22 -5.64669
7.23 -5.6461
7.24 -5.64552
7.25 -5.64493
7.26 -5.64435
7.27 -5.64376
7.28 -5.64318
7.29 -5.64259
7.3 -5.64201
7.31 -5.64142
7.32 -5.64084
7.33 -5.64025
7.34 -5.63967
7.35 -5.63909
7.36 -5.63851
7.37 -5.63793
7.38 -5.63735
7.39 -5.63677
7.4 -5.63619
7.41 -5.63561
7.42 -5.63503
7.43 -5.63446
7.44 -5.63388
7.45 -5.63331
7.46 -5.63274
7.47 -5.63216
7.48 -5.63159
7.49 -5.63102
7.5 -5.63045
7.51 -5.62989
7.52 -5.62932
7.53 -5.62875
7.54 -5.62819
7.55 -5.62762
7.56 -5.62706
7.57 -5.6265
7.58 -5.62593
7.59 -5.62537
7.6 -5.62481
7.61 -5.62425
7.62 -5.62369
7.63 -5.62313
7.64 -5.62257
7.65 -5.62201
7.66 -5.62145
7.67 -5.62088
7.68 -5.62032
7.69 -5.61976
7.7 -5.61919
7.71 -5.61863
7.72 -5.61806
7.73 -5.61749
7.74 -5.61692
7.75 -5.61634
7.76 -5.61577
7.77 -5.61519
7.78 -5.6146
7.79 -5.61402
7.8 -5.61343
7.81 -5.61283
7.82 -5.61223
7.83 -5.61163
7.84 -5.61102
7.85 -5.6104
7.86 -5.60978
7.87 -5.60915
7.88 -5.60851
7.89 -5.60787
7.9 -5.60722
7.91 -5.60656
7.92 -5.6059
7.93 -5.60522
7.94 -5.60453
7.95 -5.60384
7.96 -5.60313
7.97 -5.60242
7.98 -5.60169
7.99 -5.60095
8 -5.6002
8.01 -5.59944
8.02 -5.59867
8.03 -5.59788
8.04 -5.59708
8.05 -5.59627
8.06 -5.59544
8.07 -5.5946
8.08 -5.59374
8.09 -5.59287
8.1 -5.59199
8.11 -5.59109
8.12 -5.59018
8.13 -5.58925
8.14 -5.5883
8.15 -5.58734
8.16 -5.58637
8.17 -5.58538
8.18 -5.58438
8.19 -5.58336
8.2 -5.58233
8.21 -5.58128
8.22 -5.58022
8.23 -5.57915
8.24 -5.57806
8.25 -5.57696
8.26 -5.57585
8.27 -5.57473
8.28 -5.5736
8.29 -5.57245
8.3 -5.5713
8.31 -5.57015
8.32 -5.56898
8.33 -5.56781
8.34 -5.56664
8.35 -5.56546
8.36 -5.56428
8.37 -5.5631
8.38 -5.56193
8.39 -5.56075
8.4 -5.55958
8.41 -5.55842
8.42 -5.55727
8.43 -5.55613
8.44 -5.555
8.45 -5.55389
8.46 -5.55279
8.47 -5.55172
8.48 -5.55067
8.49 -5.54964
8.5 -5.54864
8.51 -5.54767
8.52 -5.54674
8.53 -5.54585
8.54 -5.54499
8.55 -5.54418
8.56 -5.54342
8.57 -5.5427
8.58 -5.54204
8.59 -5.54144
8.6 -5.5409
8.61 -5.54042
8.62 -5.54002
8.63 -5.53968
8.64 -5.53942
8.65 -5.53925
8.66 -5.53915
8.67 -5.53915
8.68 -5.53924
8.69 -5.53942
8.7 -5.53971
8.71 -5.5401
8.72 -5.5406
8.73 -5.54122
8.74 -5.54195
8.75 -5.5428
8.76 -5.54378
8.77 -5.54489
8.78 -5.54614
8.79 -5.54752
8.8 -5.54904
8.81 -5.55071
8.82 -5.55254
8.83 -5.55451
8.84 -5.55664
8.85 -5.55893
8.86 -5.56139
8.87 -5.56401
8.88 -5.56681
8.89 -5.56977
8.9 -5.57292
8.91 -5.57624
8.92 -5.57975
8.93 -5.58344
8.94 -5.58732
8.95 -5.59139
8.96 -5.59564
8.97 -5.60009
8.98 -5.60474
8.99 -5.60958
9 -5.61462
9.01 -5.61985
9.02 -5.62529
9.03 -5.63092
9.04 -5.63675
9.05 -5.64278
9.06 -5.64901
9.07 -5.65545
9.08 -5.66207
9.09 -5.6689
9.1 -5.67592
9.11 -5.68314
9.12 -5.69056
9.13 -5.69816
9.14 -5.70596
9.15 -5.71395
9.16 -5.72212
9.17 -5.73048
9.18 -5.73902
9.19 -5.74773
9.2 -5.75663
9.21 -5.76569
9.22 -5.77493
9.23 -5.78433
9.24 -5.7939
9.25 -5.80362
9.26 -5.8135
9.27 -5.82354
9.28 -5.83371
9.29 -5.84404
9.3 -5.8545
9.31 -5.8651
9.32 -5.87583
9.33 -5.88668
9.34 -5.89766
9.35 -5.90876
9.36 -5.91997
9.37 -5.93128
9.38 -5.94271
9.39 -5.95423
9.4 -5.96585
9.41 -5.97756
9.42 -5.98935
9.43 -6.00123
9.44 -6.01319
9.45 -6.02522
9.46 -6.03732
9.47 -6.04949
9.48 -6.06171
9.49 -6.074
9.5 -6.08633
9.51 -6.09872
9.52 -6.11115
9.53 -6.12362
9.54 -6.13613
9.55 -6.14868
9.56 -6.16125
9.57 -6.17385
9.58 -6.18648
9.59 -6.19912
9.6 -6.21178
9.61 -6.22446
9.62 -6.23714
9.63 -6.24984
9.64 -6.26253
9.65 -6.27523
9.66 -6.28793
9.67 -6.30063
9.68 -6.31332
9.69 -6.326
9.7 -6.33867
9.71 -6.35132
9.72 -6.36396
9.73 -6.37658
9.74 -6.38919
9.75 -6.40177
9.76 -6.41432
9.77 -6.42685
9.78 -6.43935
9.79 -6.45182
9.8 -6.46427
9.81 -6.47667
9.82 -6.48905
9.83 -6.50138
9.84 -6.51368
9.85 -6.52595
9.86 -6.53817
9.87 -6.55034
9.88 -6.56248
9.89 -6.57457
9.9 -6.58662
9.91 -6.59862
9.92 -6.61057
9.93 -6.62248
9.94 -6.63434
9.95 -6.64614
9.96 -6.6579
9.97 -6.6696
9.98 -6.68125
9.99 -6.69285
10 -6.70439
10.001 -10
