0 0
0.01 0.545619
0.02 0.54437
0.03 0.543117
0.04 0.54186
0.05 0.540599
0.06 0.539335
0.07 0.538068
0.08 0.536797
0.09 0.535523
0.1 0.534245
0.11 0.532965
0.12 0.53168
0.13 0.530393
0.14 0.529103
0.15 0.527809
0.16 0.526513
0.17 0.525213
0.18 0.523911
0.19 0.522606
0.2 0.521298
0.21 0.519987
0.22 0.518674
0.23 0.517358
0.24 0.51604
0.25 0.514719
0.26 0.513396
0.27 0.512071
0.28 0.510744
0.29 0.509414
0.3 0.508083
0.31 0.50675
0.32 0.505415
0.33 0.504078
0.34 0.502739
0.35 0.501399
0.36 0.500058
0.37 0.498715
0.38 0.497371
0.39 0.496026
0.4 0.49468
0.41 0.493333
0.42 0.491985
0.43 0.490637
0.44 0.489288
0.45 0.487938
0.46 0.486588
0.47 0.485238
0.48 0.483888
0.49 0.482539
0.5 0.481189
0.51 0.47984
0.52 0.478491
0.53 0.477142
0.54 0.475795
0.55 0.474449
0.56 0.473103
0.57 0.471759
0.58 0.470416
0.59 0.469075
0.6 0.467736
0.61 0.466398
0.62 0.465063
0.63 0.463729
0.64 0.462398
0.65 0.46107
0.66 0.459745
0.67 0.458423
0.68 0.457103
0.69 0.455788
0.7 0.454475
0.71 0.453167
0.72 0.451863
0.73 0.450562
0.74 0.449267
0.75 0.447976
0.76 0.44669
0.77 0.445409
0.78 0.444133
0.79 0.442863
0.8 0.441599
0.81 0.440341
0.82 0.439089
0.83 0.437844
0.84 0.436606
0.85 0.435375
0.86 0.434152
0.87 0.432936
0.88 0.431729
0.89 0.43053
0.9 0.429339
0.91 0.428157
0.92 0.426985
0.93 0.425822
0.94 0.424669
0.95 0.423526
0.96 0.422394
0.97 0.421273
0.98 0.420162
0.99 0.419064
1 0.417977
1.01 0.416903
1.02 0.415841
1.03 0.414793
1.04 0.413758
1.05 0.412736
1.06 0.411729
1.07 0.410737
1.08 0.409759
1.09 0.408797
1.1 0.407851
1.11 0.406921
1.12 0.406007
1.13 0.405111
1.14 0.404232
1.15 0.403372
1.16 0.402529
1.17 0.401706
1.18 0.400902
1.19 0.400117
1.2 0.399353
1.21 0.39861
1.22 0.397888
1.23 0.397187
1.24 0.396509
1.25 0.395853
1.26 0.395221
1.27 0.394612
1.28 0.394027
1.29 0.393467
1.3 0.392932
1.31 0.392422
1.32 0.391939
1.33 0.391482
1.34 0.391052
1.35 0.39065
1.36 0.390276
1.37 0.389931
1.38 0.389615
1.39 0.389328
1.4 0.389072
1.41 0.388846
1.42 0.388651
1.43 0.388488
1.44 0.388356
1.45 0.388258
1.46 0.388192
1.47 0.38816
1.48 0.388162
1.49 0.388198
1.5 0.388269
1.51 0.388376
1.52 0.388518
1.53 0.388696
1.54 0.388911
1.55 0.389163
1.56 0.389452
1.57 0.389779
1.58 0.390144
1.59 0.390548
1.6 0.39099
1.61 0.391472
1.62 0.391993
1.63 0.392554
1.64 0.393154
1.65 0.393795
1.66 0.394476
1.67 0.395199
1.68 0.395962
1.69 0.396766
1.7 0.397611
1.71 0.398497
1.72 0.399425
1.73 0.400395
1.74 0.401406
1.75 0.402458
1.76 0.403553
1.77 0.404688
1.78 0.405866
1.79 0.407084
1.8 0.408344
1.81 0.409645
1.82 0.410987
1.83 0.41237
1.84 0.413793
1.85 0.415257
1.86 0.41676
1.87 0.418303
1.88 0.419885
1.89 0.421506
1.9 0.423165
1.91 0.424862
1.92 0.426597
1.93 0.428368
1.94 0.430175
1.95 0.432018
1.96 0.433896
1.97 0.435808
1.98 0.437753
1.99 0.439732
2 0.441742
2.01 0.443784
2.02 0.445855
2.03 0.447957
2.04 0.450086
2.05 0.452244
2.06 0.454428
2.07 0.456638
2.08 0.458873
2.09 0.461131
2.1 0.463412
2.11 0.465715
2.12 0.468039
2.13 0.470382
2.14 0.472743
2.15 0.475123
2.16 0.477518
2.17 0.479929
2.18 0.482353
2.19 0.484791
2.2 0.487242
2.21 0.489703
2.22 0.492174
2.23 0.494654
2.24 0.497142
2.25 0.499637
2.26 0.502138
2.27 0.504645
2.28 0.507156
2.29 0.50967
2.3 0.512186
2.31 0.514705
2.32 0.517224
2.33 0.519744
2.34 0.522264
2.35 0.524783
2.36 0.527301
2.37 0.529816
2.38 0.53233
2.39 0.53484
2.4 0.537348
2.41 0.539852
2.42 0.542353
2.43 0.54485
2.44 0.547344
2.45 0.549833
2.46 0.552319
2.47 0.554801
2.48 0.557279
2.49 0.559753
2.5 0.562224
2.51 0.564693
2.52 0.567158
2.53 0.569621
2.54 0.572082
2.55 0.574542
2.56 0.577
2.57 0.579458
2.58 0.581915
2.59 0.584374
2.6 0.586833
2.61 0.589294
2.62 0.591758
2.63 0.594224
2.64 0.596694
2.65 0.599169
2.66 0.601649
2.67 0.604135
2.68 0.606627
2.69 0.609126
2.7 0.611634
2.71 0.61415
2.72 0.616675
2.73 0.619211
2.74 0.621757
2.75 0.624315
2.76 0.626885
2.77 0.629468
2.78 0.632064
2.79 0.634674
2.8 0.637299
2.81 0.639939
2.82 0.642595
2.83 0.645267
2.84 0.647956
2.85 0.650662
2.86 0.653386
2.87 0.656129
2.88 0.658889
2.89 0.661669
2.9 0.664468
2.91 0.667287
2.92 0.670125
2.93 0.672984
2.94 0.675864
2.95 0.678764
2.96 0.681685
2.97 0.684627
2.98 0.68759
2.99 0.690575
3 0.693581
3.01 0.696609
3.02 0.699659
3.03 0.70273
3.04 0.705823
3.05 0.708937
3.06 0.712073
3.07 0.715231
3.08 0.71841
3.09 0.721611
3.1 0.724833
3.11 0.728076
3.12 0.731341
3.13 0.734626
3.14 0.737932
3.15 0.741258
3.16 0.744605
3.17 0.747972
3.18 0.751358
3.19 0.754765
3.2 0.758191
3.21 0.761636
3.22 0.765099
3.23 0.768582
3.24 0.772082
3.25 0.775601
3.26 0.779137
3.27 0.78269
3.28 0.786261
3.29 0.789848
3.3 0.793451
3.31 0.797071
3.32 0.800706
3.33 0.804356
3.34 0.808022
3.35 0.811702
3.36 0.815396
3.37 0.819103
3.38 0.822825
3.39 0.826559
3.4 0.830307
3.41 0.834066
3.42 0.837838
3.43 0.841621
3.44 0.845416
3.45 0.849221
3.46 0.853037
3.47 0.856863
3.48 0.860699
3.49 0.864545
3.5 0.8684
3.51 0.872263
3.52 0.876135
3.53 0.880016
3.54 0.883904
3.55 0.887799
3.56 0.891702
3.57 0.895611
3.58 0.899528
3.59 0.90345
3.6 0.907378
3.61 0.911312
3.62 0.915251
3.63 0.919196
3.64 0.923145
3.65 0.927099
3.66 0.931057
3.67 0.935019
3.68 0.938985
3.69 0.942955
3.7 0.946927
3.71 0.950903
3.72 0.954882
3.73 0.958864
3.74 0.962848
3.75 0.966834
3.76 0.970822
3.77 0.974813
3.78 0.978805
3.79 0.982798
3.8 0.986793
3.81 0.99079
3.82 0.994787
3.83 0.998785
3.84 1.00278
3.85 1.00678
3.86 1.01079
3.87 1.01479
3.88 1.01879
3.89 1.02279
3.9 1.02679
3.91 1.03079
3.92 1.0348
3.93 1.0388
3.94 1.0428
3.95 1.0468
3.96 1.0508
3.97 1.0548
3.98 1.0588
3.99 1.06281
4 1.06681
4.01 1.07081
4.02 1.0748
4.03 1.0788
4.04 1.0828
4.05 1.0868
4.06 1.0908
4.07 1.09479
4.08 1.09879
4.09 1.10279
4.1 1.10678
4.11 1.11078
4.12 1.11477
4.13 1.11877
4.14 1.12276
4.15 1.12676
4.16 1.13075
4.17 1.13475
4.18 1.13874
4.19 1.14273
4.2 1.14673
4.21 1.15072
4.22 1.15472
4.23 1.15871
4.24 1.1627
4.25 1.1667
4.26 1.1707
4.27 1.17469
4.28 1.17869
4.29 1.18269
4.3 1.18668
4.31 1.19068
4.32 1.19468
4.33 1.19868
4.34 1.20269
4.35 1.20669
4.36 1.2107
4.37 1.2147
4.38 1.21871
4.39 1.22272
4.4 1.22673
4.41 1.23075
4.42 1.23476
4.43 1.23878
4.44 1.2428
4.45 1.24683
4.46 1.25085
4.47 1.25488
4.48 1.25891
4.49 1.26295
4.5 1.26698
4.51 1.27103
4.52 1.27507
4.53 1.27912
4.54 1.28317
4.55 1.28723
4.56 1.29129
4.57 1.29535
4.58 1.29942
4.59 1.30349
4.6 1.30757
4.61 1.31165
4.62 1.31574
4.63 1.31983
4.64 1.32392
4.65 1.32803
4.66 1.33213
4.67 1.33625
4.68 1.34037
4.69 1.34449
4.7 1.34862
4.71 1.35276
4.72 1.35691
4.73 1.36106
4.74 1.36522
4.75 1.36938
4.76 1.37355
4.77 1.37773
4.78 1.38192
4.79 1.38611
4.8 1.39031
4.81 1.39452
4.82 1.39874
4.83 1.40297
4.84 1.4072
4.85 1.41145
4.86 1.4157
4.87 1.41996
4.88 1.42423
4.89 1.42851
4.9 1.4328
4.91 1.4371
4.92 1.44141
4.93 1.44573
4.94 1.45005
4.95 1.45439
4.96 1.45874
4.97 1.4631
4.98 1.46747
4.99 1.47186
5 1.47625
5.01 1.48065
5.02 1.48507
5.03 1.4895
5.04 1.49394
5.05 1.49839
5.06 1.50285
5.07 1.50733
5.08 1.51182
5.09 1.51632
5.1 1.52083
5.11 1.52536
5.12 1.5299
5.13 1.53445
5.14 1.53902
5.15 1.5436
5.16 1.5482
5.17 1.55281
5.18 1.55743
5.19 1.56207
5.2 1.56672
5.21 1.57139
5.22 1.57607
5.23 1.58076
5.24 1.58548
5.25 1.5902
5.26 1.59495
5.27 1.5997
5.28 1.60448
5.29 1.60927
5.3 1.61407
5.31 1.6189
5.32 1.62374
5.33 1.62859
5.34 1.63346
5.35 1.63835
5.36 1.64326
5.37 1.64818
5.38 1.65312
5.39 1.65808
5.4 1.66305
5.41 1.66805
5.42 1.67306
5.43 1.67808
5.44 1.68313
5.45 1.68819
5.46 1.69328
5.47 1.69838
5.48 1.7035
5.49 1.70863
5.5 1.71379
5.51 1.71897
5.52 1.72416
5.53 1.72937
5.54 1.7346
5.55 1.73986
5.56 1.74513
5.57 1.75042
5.58 1.75573
5.59 1.76105
5.6 1.7664
5.61 1.77177
5.62 1.77716
5.63 1.78256
5.64 1.78799
5.65 1.79344
5.66 1.7989
5.67 1.80439
5.68 1.8099
5.69 1.81542
5.7 1.82097
5.71 1.82654
5.72 1.83212
5.73 1.83773
5.74 1.84336
5.75 1.84901
5.76 1.85467
5.77 1.86036
5.78 1.86607
5.79 1.87179
5.8 1.87754
5.81 1.88331
5.82 1.8891
5.83 1.89491
5.84 1.90073
5.85 1.90658
5.86 1.91245
5.87 1.91834
5.88 1.92424
5.89 1.93017
5.9 1.93612
5.91 1.94208
5.92 1.94807
5.93 1.95408
5.94 1.9601
5.95 1.96615
5.96 1.97221
5.97 1.97829
5.98 1.9844
5.99 1.99052
6 1.99666
6.01 2.00282
6.02 2.009
6.03 2.0152
6.04 2.02141
6.05 2.02765
6.06 2.0339
6.07 2.04017
6.08 2.04646
6.09 2.05277
6.1 2.0591
6.11 2.06545
6.12 2.07181
6.13 2.07819
6.14 2.08459
6.15 2.09101
6.16 2.09744
6.17 2.1039
6.18 2.11037
6.19 2.11686
6.2 2.12336
6.21 2.12989
6.22 2.13643
6.23 2.14299
6.24 2.14956
6.25 2.15616
6.26 2.16277
6.27 2.1694
6.28 2.17605
6.29 2.18271
6.3 2.1894
6.31 2.1961
6.32 2.20282
6.33 2.20955
6.34 2.21631
6.35 2.22308
6.36 2.22988
6.37 2.23669
6.38 2.24352
6.39 2.25037
6.4 2.25724
6.41 2.26412
6.42 2.27103
6.43 2.27796
6.44 2.28491
6.45 2.29188
6.46 2.29887
6.47 2.30588
6.48 2.31292
6.49 2.31997
6.5 2.32705
6.51 2.33416
6.52 2.34128
6.53 2.34843
6.54 2.35561
6.55 2.36281
6.56 2.37003
6.57 2.37729
6.58 2.38457
6.59 2.39187
6.6 2.39921
6.61 2.40658
6.62 2.41397
6.63 2.4214
6.64 2.42886
6.65 2.43635
6.66 2.44387
6.67 2.45143
6.68 2.45902
6.69 2.46664
6.7 2.47431
6.71 2.48201
6.72 2.48975
6.73 2.49753
6.74 2.50535
6.75 2.51321
6.76 2.52111
6.77 2.52906
6.78 2.53705
6.79 2.54509
6.8 2.55317
6.81 2.5613
6.82 2.56948
6.83 2.57771
6.84 2.58599
6.85 2.59432
6.86 2.60271
6.87 2.61115
6.88 2.61964
6.89 2.62819
6.9 2.6368
6.91 2.64547
6.92 2.65419
6.93 2.66298
6.94 2.67183
6.95 2.68074
6.96 2.68971
6.97 2.69875
6.98 2.70785
6.99 2.71702
7 2.72626
7.01 2.73556
7.02 2.74493
7.03 2.75438
7.04 2.76389
7.05 2.77347
7.06 2.78313
7.07 2.79285
7.08 2.80265
7.09 2.81252
7.1 2.82247
7.11 2.83249
7.12 2.84258
7.13 2.85275
7.14 2.863
7.15 2.87332
7.16 2.88371
7.17 2.89418
7.18 2.90472
7.19 2.91534
7.2 2.92604
7.21 2.9368
7.22 2.94765
7.23 2.95856
7.24 2.96955
7.25 2.98061
7.26 2.99175
7.27 3.00295
7.28 3.01423
7.29 3.02558
7.3 3.03699
7.31 3.04848
7.32 3.06003
7.33 3.07164
7.34 3.08332
7.35 3.09506
7.36 3.10687
7.37 3.11874
7.38 3.13066
7.39 3.14264
7.4 3.15468
7.41 3.16677
7.42 3.17891
7.43 3.19111
7.44 3.20335
7.45 3.21564
7.46 3.22797
7.47 3.24035
7.48 3.25277
7.49 3.26522
7.5 3.27771
7.51 3.29024
7.52 3.30279
7.53 3.31538
7.54 3.32799
7.55 3.34063
7.56 3.35329
7.57 3.36597
7.58 3.37867
7.59 3.39139
7.6 3.40412
7.61 3.41685
7.62 3.4296
7.63 3.44235
7.64 3.45511
7.65 3.46787
7.66 3.48062
7.67 3.49338
7.68 3.50612
7.69 3.51886
7.7 3.53159
7.71 3.5443
7.72 3.557
7.73 3.56969
7.74 3.58235
7.75 3.59499
7.76 3.60761
7.77 3.6202
7.78 3.63277
7.79 3.6453
7.8 3.6578
7.81 3.67027
7.82 3.6827
7.83 3.6951
7.84 3.70745
7.85 3.71976
7.86 3.73203
7.87 3.74426
7.88 3.75643
7.89 3.76856
7.9 3.78064
7.91 3.79266
7.92 3.80463
7.93 3.81654
7.94 3.8284
7.95 3.84019
7.96 3.85193
7.97 3.8636
7.98 3.87521
7.99 3.88676
8 3.89823
8.01 3.90964
8.02 3.92097
8.03 3.93224
8.04 3.94343
8.05 3.95454
8.06 3.96558
8.07 3.97654
8.08 3.98742
8.09 3.99822
8.1 4.00894
8.11 4.01957
8.12 4.03011
8.13 4.04057
8.14 4.05094
8.15 4.06121
8.16 4.0714
8.17 4.08149
8.18 4.09149
8.19 4.10138
8.2 4.11118
8.21 4.12088
8.22 4.13048
8.23 4.13998
8.24 4.14937
8.25 4.15866
8.26 4.16784
8.27 4.17691
8.28 4.18587
8.29 4.19471
8.3 4.20345
8.31 4.21207
8.32 4.22058
8.33 4.22897
8.34 4.23724
8.35 4.2454
8.36 4.25343
8.37 4.26134
8.38 4.26913
8.39 4.2768
8.4 4.28435
8.41 4.29176
8.42 4.29906
8.43 4.30623
8.44 4.31326
8.45 4.32018
8.46 4.32696
8.47 4.33361
8.48 4.34014
8.49 4.34653
8.5 4.3528
8.51 4.35893
8.52 4.36494
8.53 4.37081
8.54 4.37655
8.55 4.38216
8.56 4.38764
8.57 4.39298
8.58 4.3982
8.59 4.40328
8.6 4.40823
8.61 4.41306
8.62 4.41775
8.63 4.42231
8.64 4.42675
8.65 4.43105
8.66 4.43523
8.67 4.43928
8.68 4.4432
8.69 4.44699
8.7 4.45066
8.71 4.45421
8.72 4.45763
8.73 4.46092
8.74 4.4641
8.75 4.46715
8.76 4.47009
8.77 4.4729
8.78 4.4756
8.79 4.47818
8.8 4.48064
8.81 4.48299
8.82 4.48523
8.83 4.48736
8.84 4.48937
8.85 4.49127
8.86 4.49307
8.87 4.49476
8.88 4.49634
8.89 4.49782
8.9 4.4992
8.91 4.50048
8.92 4.50165
8.93 4.50273
8.94 4.50371
8.95 4.50459
8.96 4.50539
8.97 4.50608
8.98 4.50669
8.99 4.50721
9 4.50764
9.01 4.50798
9.02 4.50824
9.03 4.50841
9.04 4.50851
9.05 4.50852
9.06 4.50845
9.07 4.5083
9.08 4.50808
9.09 4.50779
9.1 4.50742
9.11 4.50698
9.12 4.50646
9.13 4.50588
9.14 4.50523
9.15 4.50452
9.16 4.50374
9.17 4.5029
9.18 4.502
9.19 4.50103
9.2 4.50001
9.21 4.49893
9.22 4.49779
9.23 4.4966
9.24 4.49535
9.25 4.49405
9.26 4.4927
9.27 4.4913
9.28 4.48985
9.29 4.48835
9.3 4.48681
9.31 4.48522
9.32 4.48359
9.33 4.48191
9.34 4.4802
9.35 4.47844
9.36 4.47664
9.37 4.4748
9.38 4.47293
9.39 4.47102
9.4 4.46907
9.41 4.46709
9.42 4.46508
9.43 4.46303
9.44 4.46096
9.45 4.45885
9.46 4.45671
9.47 4.45454
9.48 4.45235
9.49 4.45013
9.5 4.44788
9.51 4.4456
9.52 4.44331
9.53 4.44098
9.54 4.43864
9.55 4.43627
9.56 4.43388
9.57 4.43147
9.58 4.42904
9.59 4.42659
9.6 4.42412
9.61 4.42163
9.62 4.41913
9.63 4.41661
9.64 4.41407
9.65 4.41151
9.66 4.40894
9.67 4.40636
9.68 4.40376
9.69 4.40115
9.7 4.39852
9.71 4.39588
9.72 4.39323
9.73 4.39057
9.74 4.3879
9.75 4.38521
9.76 4.38252
9.77 4.37982
9.78 4.3771
9.79 4.37438
9.8 4.37165
9.81 4.36891
9.82 4.36616
9.83 4.36341
9.84 4.36064
9.85 4.35787
9.86 4.3551
9.87 4.35232
9.88 4.34953
9.89 4.34674
9.9 4.34394
9.91 4.34113
9.92 4.33832
9.93 4.33551
9.94 4.33269
9.95 4.32987
9.96 4.32705
9.97 4.32422
9.98 4.32139
9.99 4.31855
10 4.31572
10.001 0
