0 -10
0.01 -8.70041
0.02 -8.69494
0.03 -8.68945
0.04 -8.68393
0.05 -8.67839
0.06 -8.67281
0.07 -8.66722
0.08 -8.66159
0.09 -8.65594
0.1 -8.65026
0.11 -8.64455
0.12 -8.63882
0.13 -8.63306
0.14 -8.62727
0.15 -8.62146
0.16 -8.61562
0.17 -8.60975
0.18 -8.60386
0.19 -8.59794
0.2 -8.59199
0.21 -8.58602
0.22 -8.58002
0.23 -8.574
0.24 -8.56795
0.25 -8.56187
0.26 -8.55577
0.27 -8.54964
0.28 -8.54349
0.29 -8.53731
0.3 -8.5311
0.31 -8.52487
0.32 -8.51862
0.33 -8.51234
0.34 -8.50604
0.35 -8.49971
0.36 -8.49335
0.37 -8.48697
0.38 -8.48057
0.39 -8.47414
0.4 -8.46769
0.41 -8.46121
0.42 -8.45471
0.43 -8.44819
0.44 -8.44164
0.45 -8.43507
0.46 -8.42848
0.47 -8.42186
0.48 -8.41522
0.49 -8.40856
0.5 -8.40187
0.51 -8.39516
0.52 -8.38843
0.53 -8.38168
0.54 -8.37491
0.55 -8.36811
0.56 -8.36129
0.57 -8.35445
0.58 -8.34759
0.59 -8.34071
0.6 -8.33381
0.61 -8.32688
0.62 -8.31994
0.63 -8.31297
0.64 -8.30599
0.65 -8.29898
0.66 -8.29196
0.67 -8.28491
0.68 -8.27785
0.69 -8.27077
0.7 -8.26366
0.71 -8.25654
0.72 -8.2494
0.73 -8.24224
0.74 -8.23506
0.75 -8.22786
0.76 -8.22064
0.77 -8.21341
0.78 -8.20615
0.79 -8.19888
0.8 -8.19159
0.81 -8.18428
0.82 -8.17696
0.83 -8.16961
0.84 -8.16225
0.85 -8.15487
0.86 -8.14747
0.87 -8.14006
0.88 -8.13263
0.89 -8.12518
0.9 -8.11771
0.91 -8.11022
0.92 -8.10272
0.93 -8.0952
0.94 -8.08766
0.95 -8.0801
0.96 -8.07252
0.97 -8.06493
0.98 -8.05732
0.99 -8.04969
1 -8.04204
1.01 -8.03438
1.02 -8.02669
1.03 -8.01899
1.04 -8.01126
1.05 -8.00352
1.06 -7.99576
1.07 -7.98798
1.08 -7.98018
1.09 -7.97235
1.1 -7.96451
1.11 -7.95665
1.12 -7.94876
1.13 -7.94086
1.14 -7.93293
1.15 -7.92498
1.16 -7.91701
1.17 -7.90901
1.18 -7.90099
1.19 -7.89294
1.2 -7.88488
1.21 -7.87678
1.22 -7.86866
1.23 -7.86051
1.24 -7.85234
1.25 -7.84414
1.26 -7.83591
1.27 -7.82765
1.28 -7.81936
1.29 -7.81105
1.3 -7.8027
1.31 -7.79432
1.32 -7.7859
1.33 -7.77746
1.34 -7.76898
1.35 -7.76046
1.36 -7.75191
1.37 -7.74332
1.38 -7.7347
1.39 -7.72603
1.4 -7.71733
1.41 -7.70859
1.42 -7.6998
1.43 -7.69097
1.44 -7.6821
1.45 -7.67319
1.46 -7.66423
1.47 -7.65522
1.48 -7.64617
1.49 -7.63707
1.5 -7.62791
1.51 -7.61871
1.52 -7.60946
1.53 -7.60015
1.54 -7.59079
1.55 -7.58137
1.56 -7.5719
1.57 -7.56237
1.58 -7.55278
1.59 -7.54313
1.6 -7.53342
1.61 -7.52364
1.62 -7.51381
1.63 -7.50391
1.64 -7.49394
1.65 -7.48391
1.66 -7.47381
1.67 -7.46364
1.68 -7.4534
1.69 -7.44309
1.7 -7.43271
1.71 -7.42225
1.72 -7.41173
1.73 -7.40112
1.74 -7.39044
1.75 -7.37968
1.76 -7.36885
1.77 -7.35793
1.78 -7.34694
1.79 -7.33587
1.8 -7.32471
1.81 -7.31348
1.82 -7.30216
1.83 -7.29076
1.84 -7.27928
1.85 -7.26771
1.86 -7.25606
1.87 -7.24432
1.88 -7.2325
1.89 -7.2206
1.9 -7.20861
1.91 -7.19654
1.92 -7.18438
1.93 -7.17213
1.94 -7.15981
1.95 -7.1474
1.96 -7.1349
1.97 -7.12232
1.98 -7.10966
1.99 -7.09692
2 -7.0841
2.01 -7.0712
2.02 -7.05822
2.03 -7.04516
2.04 -7.03202
2.05 -7.01882
2.06 -7.00553
2.07 -6.99218
2.08 -6.97875
2.09 -6.96526
2.1 -6.9517
2.11 -6.93808
2.12 -6.92439
2.13 -6.91065
2.14 -6.89685
2.15 -6.88299
2.16 -6.86908
2.17 -6.85513
2.18 -6.84112
2.19 -6.82708
2.2 -6.81299
2.21 -6.79887
2.22 -6.78472
2.23 -6.77053
2.24 -6.75632
2.25 -6.74209
2.26 -6.72783
2.27 -6.71357
2.28 -6.69929
2.29 -6.68501
2.3 -6.67072
2.31 -6.65643
2.32 -6.64215
2.33 -6.62788
2.34 -6.61363
2.35 -6.59939
2.36 -6.58518
2.37 -6.571
2.38 -6.55684
2.39 -6.54273
2.4 -6.52865
2.41 -6.51462
2.42 -6.50065
2.43 -6.48672
2.44 -6.47286
2.45 -6.45906
2.46 -6.44533
2.47 -6.43167
2.48 -6.41809
2.49 -6.40458
2.5 -6.39117
2.51 -6.37784
2.52 -6.36461
2.53 -6.35147
2.54 -6.33844
2.55 -6.32551
2.56 -6.31268
2.57 -6.29997
2.58 -6.28738
2.59 -6.2749
2.6 -6.26255
2.61 -6.25032
2.62 -6.23822
2.63 -6.22625
2.64 -6.21441
2.65 -6.20271
2.66 -6.19114
2.67 -6.17971
2.68 -6.16843
2.69 -6.15728
2.7 -6.14629
2.71 -6.13543
2.72 -6.12473
2.73 -6.11418
2.74 -6.10377
2.75 -6.09352
2.76 -6.08341
2.77 -6.07346
2.78 -6.06366
2.79 -6.05402
2.8 -6.04452
2.81 -6.03518
2.82 -6.02599
2.83 -6.01696
2.84 -6.00807
2.85 -5.99934
2.86 -5.99076
2.87 -5.98233
2.88 -5.97404
2.89 -5.96591
2.9 -5.95792
2.91 -5.95008
2.92 -5.94239
2.93 -5.93484
2.94 -5.92743
2.95 -5.92016
2.96 -5.91303
2.97 -5.90604
2.98 -5.89919
2.99 -5.89247
3 -5.88589
3.01 -5.87943
3.02 -5.87311
3.03 -5.86691
3.04 -5.86084
3.05 -5.85489
3.06 -5.84907
3.07 -5.84337
3.08 -5.83778
3.09 -5.83231
3.1 -5.82696
3.11 -5.82171
3.12 -5.81658
3.13 -5.81156
3.14 -5.80664
3.15 -5.80183
3.16 -5.79712
3.17 -5.79251
3.18 -5.788
3.19 -5.78359
3.2 -5.77927
3.21 -5.77505
3.22 -5.77091
3.23 -5.76687
3.24 -5.76291
3.25 -5.75904
3.26 -5.75525
3.27 -5.75155
3.28 -5.74792
3.29 -5.74437
3.3 -5.7409
3.31 -5.73751
3.32 -5.73418
3.33 -5.73093
3.34 -5.72775
3.35 -5.72464
3.36 -5.7216
3.37 -5.71862
3.38 -5.7157
3.39 -5.71285
3.4 -5.71005
3.41 -5.70732
3.42 -5.70465
3.43 -5.70203
3.44 -5.69946
3.45 -5.69696
3.46 -5.6945
3.47 -5.6921
3.48 -5.68974
3.49 -5.68744
3.5 -5.68518
3.51 -5.68297
3.52 -5.6808
3.53 -5.67868
3.54 -5.6766
3.55 -5.67457
3.56 -5.67257
3.57 -5.67062
3.58 -5.6687
3.59 -5.66683
3.6 -5.66499
3.61 -5.66318
3.62 -5.66141
3.63 -5.65968
3.64 -5.65798
3.65 -5.65631
3.66 -5.65468
3.67 -5.65307
3.68 -5.6515
3.69 -5.64996
3.7 -5.64844
3.71 -5.64695
3.72 -5.64549
3.73 -5.64406
3.74 -5.64265
3.75 -5.64127
3.76 -5.63991
3.77 -5.63858
3.78 -5.63727
3.79 -5.63598
3.8 -5.63471
3.81 -5.63347
3.82 -5.63225
3.83 -5.63105
3.84 -5.62986
3.85 -5.6287
3.86 -5.62756
3.87 -5.62643
3.88 -5.62533
3.89 -5.62424
3.9 -5.62316
3.91 -5.62211
3.92 -5.62107
3.93 -5.62004
3.94 -5.61903
3.95 -5.61804
3.96 -5.61706
3.97 -5.61609
3.98 -5.61514
3.99 -5.6142
4 -5.61328
4.01 -5.61237
4.02 -5.61146
4.03 -5.61058
4.04 -5.6097
4.05 -5.60883
4.06 -5.60798
4.07 -5.60713
4.08 -5.6063
4.09 -5.60548
4.1 -5.60466
4.11 -5.60386
4.12 -5.60306
4.13 -5.60228
4.14 -5.6015
4.15 -5.60073
4.16 -5.59997
4.17 -5.59922
4.18 -5.59847
4.19 -5.59774
4.2 -5.59701
4.21 -5.59628
4.22 -5.59557
4.23 -5.59486
4.24 -5.59415
4.25 -5.59346
4.26 -5.59277
4.27 -5.59208
4.28 -5.5914
4.29 -5.59073
4.3 -5.59006
4.31 -5.5894
4.32 -5.58874
4.33 -5.58809
4.34 -5.58744
4.35 -5.5868
4.36 -5.58616
4.37 -5.58553
4.38 -5.5849
4.39 -5.58427
4.4 -5.58365
4.41 -5.58303
4.42 -5.58241
4.43 -5.5818
4.44 -5.58119
4.45 -5.58059
4.46 -5.57999
4.47 -5.57939
4.48 -5.57879
4.49 -5.5782
4.5 -5.5776
4.51 -5.57702
4.52 -5.57643
4.53 -5.57585
4.54 -5.57526
4.55 -5.57468
4.56 -5.57411
4.57 -5.57353
4.58 -5.57296
4.59 -5.57239
4.6 -5.57182
4.61 -5.57125
4.62 -5.57068
4.63 -5.57011
4.64 -5.56955
4.65 -5.56899
4.66 -5.56843
4.67 -5.56786
4.68 -5.56731
4.69 -5.56675
4.7 -5.56619
4.71 -5.56563
4.72 -5.56508
4.73 -5.56452
4.74 -5.56397
4.75 -5.56341
4.76 -5.56286
4.77 -5.5623
4.78 -5.56175
4.79 -5.5612
4.8 -5.56065
4.81 -5.5601
4.82 -5.55954
4.83 -5.55899
4.84 -5.55844
4.85 -5.55789
4.86 -5.55734
4.87 -5.55679
4.88 -5.55624
4.89 -5.55569
4.9 -5.55514
4.91 -5.55458
4.92 -5.55403
4.93 -5.55348
4.94 -5.55293
4.95 -5.55238
4.96 -5.55182
4.97 -5.55127
4.98 -5.55072
4.99 -5.55016
5 -5.54961
5.01 -5.54905
5.02 -5.5485
5.03 -5.54794
5.04 -5.54738
5.05 -5.54683
5.06 -5.54627
5.07 -5.54571
5.08 -5.54515
5.09 -5.54459
5.1 -5.54403
5.11 -5.54347
5.12 -5.54291
5.13 -5.54235
5.14 -5.54178
5.15 -5.54122
5.16 -5.54065
5.17 -5.54009
5.18 -5.53952
5.19 -5.53895
5.2 -5.53839
5.21 -5.53782
5.22 -5.53725
5.23 -5.53668
5.24 -5.5361
5.25 -5.53553
5.26 -5.53496
5.27 -5.53438
5.28 -5.53381
5.29 -5.53323
5.3 -5.53266
5.31 -5.53208
5.32 -5.5315
5.33 -5.53092
5.34 -5.53034
5.35 -5.52976
5.36 -5.52918
5.37 -5.52859
5.38 -5.52801
5.39 -5.52742
5.4 -5.52684
5.41 -5.52625
5.42 -5.52567
5.43 -5.52508
5.44 -5.52449
5.45 -5.5239
5.46 -5.52331
5.47 -5.52272
5.48 -5.52212
5.49 -5.52153
5.5 -5.52094
5.51 -5.52034
5.52 -5.51975
5.53 -5.51915
5.54 -5.51856
5.55 -5.51796
5.56 -5.51736
5.57 -5.51676
5.58 -5.51617
5.59 -5.51557
5.6 -5.51497
5.61 -5.51437
5.62 -5.51376
5.63 -5.51316
5.64 -5.51256
5.65 -5.51196
5.66 -5.51136
5.67 -5.51075
5.68 -5.51015
5.69 -5.50954
5.7 -5.50894
5.71 -5.50834
5.72 -5.50773
5.73 -5.50713
5.74 -5.50652
5.75 -5.50591
5.76 -5.50531
5.77 -5.5047
5.78 -5.5041
5.79 -5.50349
5.8 -5.50288
5.81 -5.50228
5.82 -5.50167
5.83 -5.50106
5.84 -5.50046
5.85 -5.49985
5.86 -5.49924
5.87 -5.49864
5.88 -5.49803
5.89 -5.49742
5.9 -5.49682
5.91 -5.49621
5.92 -5.49561
5.93 -5.495
5.94 -5.49439
5.95 -5.49379
5.96 -5.49318
5.97 -5.49258
5.98 -5.49197
5.99 -5.49137
6 -5.49076
6.01 -5.49016
6.02 -5.48955
6.03 -5.48895
6.04 -5.48834
6.05 -5.48774
6.06 -5.48714
6.07 -5.48653
6.08 -5.48593
6.09 -5.48532
6.1 -5.48472
6.11 -5.48412
6.12 -5.48351
6.13 -5.48291
6.14 -5.4823
6.15 -5.4817
6.16 -5.4811
6.17 -5.48049
6.18 -5.47989
6.19 -5.47928
6.2 -5.47868
6.21 -5.47807
6.22 -5.47747
6.23 -5.47686
6.24 -5.47625
6.25 -5.47564
6.26 -5.47503
6.27 -5.47442
6.28 -5.47381
6.29 -5.4732
6.3 -5.47259
6.31 -5.47197
6.32 -5.47136
6.33 -5.47074
6.34 -5.47012
6.35 -5.4695
6.36 -5.46887
6.37 -5.46825
6.38 -5.46762
6.39 -5.46699
6.4 -5.46636
6.41 -5.46573
6.42 -5.46509
6.43 -5.46445
6.44 -5.4638
6.45 -5.46316
6.46 -5.46251
6.47 -5.46185
6.48 -5.4612
6.49 -5.46054
6.5 -5.45987
6.51 -5.4592
6.52 -5.45853
6.53 -5.45785
6.54 -5.45717
6.55 -5.45648
6.56 -5.45578
6.57 -5.45508
6.58 -5.45438
6.59 -5.45367
6.6 -5.45295
6.61 -5.45223
6.62 -5.4515
6.63 -5.45077
6.64 -5.45002
6.65 -5.44928
6.66 -5.44852
6.67 -5.44776
6.68 -5.44699
6.69 -5.44621
6.7 -5.44542
6.71 -5.44463
6.72 -5.44383
6.73 -5.44302
6.74 -5.4422
6.75 -5.44137
6.76 -5.44053
6.77 -5.43969
6.78 -5.43884
6.79 -5.43798
6.8 -5.43711
6.81 -5.43623
6.82 -5.43534
6.83 -5.43444
6.84 -5.43353
6.85 -5.43262
6.86 -5.43169
6.87 -5.43076
6.88 -5.42982
6.89 -5.42886
6.9 -5.4279
6.91 -5.42694
6.92 -5.42596
6.93 -5.42497
6.94 -5.42398
6.95 -5.42298
6.96 -5.42197
6.97 -5.42095
6.98 -5.41993
6.99 -5.4189
7 -5.41786
7.01 -5.41682
7.02 -5.41577
7.03 -5.41471
7.04 -5.41365
7.05 -5.41259
7.06 -5.41152
7.07 -5.41046
7.08 -5.40938
7.09 -5.40831
7.1 -5.40724
7.11 -5.40616
7.12 -5.40509
7.13 -5.40402
7.14 -5.40295
7.15 -5.40188
7.16 -5.40082
7.17 -5.39976
7.18 -5.39871
7.19 -5.39767
7.2 -5.39664
7.21 -5.39561
7.22 -5.3946
7.23 -5.3936
7.24 -5.39262
7.25 -5.39165
7.26 -5.39069
7.27 -5.38976
7.28 -5.38884
7.29 -5.38795
7.3 -5.38708
7.31 -5.38623
7.32 -5.38541
7.33 -5.38462
7.34 -5.38386
7.35 -5.38313
7.36 -5.38243
7.37 -5.38177
7.38 -5.38115
7.39 -5.38057
7.4 -5.38003
7.41 -5.37954
7.42 -5.37909
7.43 -5.37869
7.44 -5.37834
7.45 -5.37804
7.46 -5.3778
7.47 -5.37762
7.48 -5.3775
7.49 -5.37744
7.5 -5.37744
7.51 -5.37751
7.52 -5.37766
7.53 -5.37787
7.54 -5.37816
7.55 -5.37853
7.56 -5.37897
7.57 -5.3795
7.58 -5.38011
7.59 -5.38081
7.6 -5.3816
7.61 -5.38248
7.62 -5.38346
7.63 -5.38453
7.64 -5.38571
7.65 -5.38698
7.66 -5.38836
7.67 -5.38985
7.68 -5.39144
7.69 -5.39315
7.7 -5.39497
7.71 -5.39691
7.72 -5.39896
7.73 -5.40113
7.74 -5.40343
7.75 -5.40585
7.76 -5.4084
7.77 -5.41108
7.78 -5.41388
7.79 -5.41682
7.8 -5.41989
7.81 -5.4231
7.82 -5.42644
7.83 -5.42993
7.84 -5.43355
7.85 -5.43731
7.86 -5.44122
7.87 -5.44527
7.88 -5.44947
7.89 -5.45381
7.9 -5.4583
7.91 -5.46293
7.92 -5.46772
7.93 -5.47265
7.94 -5.47773
7.95 -5.48296
7.96 -5.48835
7.97 -5.49388
7.98 -5.49956
7.99 -5.5054
8 -5.51138
8.01 -5.51752
8.02 -5.5238
8.03 -5.53024
8.04 -5.53682
8.05 -5.54355
8.06 -5.55043
8.07 -5.55746
8.08 -5.56463
8.09 -5.57195
8.1 -5.57941
8.11 -5.58701
8.12 -5.59476
8.13 -5.60264
8.14 -5.61066
8.15 -5.61882
8.16 -5.62711
8.17 -5.63554
8.18 -5.6441
8.19 -5.65279
8.2 -5.6616
8.21 -5.67054
8.22 -5.67961
8.23 -5.68879
8.24 -5.6981
8.25 -5.70752
8.26 -5.71705
8.27 -5.7267
8.28 -5.73645
8.29 -5.74631
8.3 -5.75628
8.31 -5.76635
8.32 -5.77651
8.33 -5.78677
8.34 -5.79713
8.35 -5.80758
8.36 -5.81811
8.37 -5.82873
8.38 -5.83944
8.39 -5.85022
8.4 -5.86108
8.41 -5.87201
8.42 -5.88302
8.43 -5.8941
8.44 -5.90524
8.45 -5.91644
8.46 -5.92771
8.47 -5.93904
8.48 -5.95042
8.49 -5.96185
8.5 -5.97333
8.51 -5.98487
8.52 -5.99644
8.53 -6.00806
8.54 -6.01972
8.55 -6.03141
8.56 -6.04315
8.57 -6.05491
8.58 -6.0667
8.59 -6.07852
8.6 -6.09037
8.61 -6.10224
8.62 -6.11413
8.63 -6.12604
8.64 -6.13797
8.65 -6.14991
8.66 -6.16186
8.67 -6.17382
8.68 -6.18579
8.69 -6.19777
8.7 -6.20975
8.71 -6.22173
8.72 -6.23372
8.73 -6.2457
8.74 -6.25767
8.75 -6.26965
8.76 -6.28161
8.77 -6.29357
8.78 -6.30551
8.79 -6.31745
8.8 -6.32937
8.81 -6.34128
8.82 -6.35316
8.83 -6.36503
8.84 -6.37689
8.85 -6.38872
8.86 -6.40052
8.87 -6.41231
8.88 -6.42407
8.89 -6.4358
8.9 -6.4475
8.91 -6.45918
8.92 -6.47082
8.93 -6.48244
8.94 -6.49402
8.95 -6.50557
8.96 -6.51709
8.97 -6.52856
8.98 -6.54001
8.99 -6.55141
9 -6.56278
9.01 -6.57411
9.02 -6.58539
9.03 -6.59664
9.04 -6.60784
9.05 -6.619
9.06 -6.63012
9.07 -6.6412
9.08 -6.65222
9.09 -6.66321
9.1 -6.67414
9.11 -6.68503
9.12 -6.69588
9.13 -6.70667
9.14 -6.71741
9.15 -6.72811
9.16 -6.73876
9.17 -6.74935
9.18 -6.7599
9.19 -6.77039
9.2 -6.78083
9.21 -6.79122
9.22 -6.80156
9.23 -6.81184
9.24 -6.82207
9.25 -6.83225
9.26 -6.84237
9.27 -6.85244
9.28 -6.86245
9.29 -6.87241
9.3 -6.88231
9.31 -6.89216
9.32 -6.90196
9.33 -6.91169
9.34 -6.92138
9.35 -6.931
9.36 -6.94057
9.37 -6.95009
9.38 -6.95954
9.39 -6.96895
9.4 -6.97829
9.41 -6.98758
9.42 -6.99681
9.43 -7.00599
9.44 -7.01511
9.45 -7.02417
9.46 -7.03318
9.47 -7.04213
9.48 -7.05102
9.49 -7.05986
9.5 -7.06864
9.51 -7.07736
9.52 -7.08603
9.53 -7.09465
9.54 -7.1032
9.55 -7.1117
9.56 -7.12015
9.57 -7.12854
9.58 -7.13688
9.59 -7.14516
9.6 -7.15338
9.61 -7.16156
9.62 -7.16967
9.63 -7.17774
9.64 -7.18574
9.65 -7.1937
9.66 -7.2016
9.67 -7.20945
9.68 -7.21724
9.69 -7.22499
9.7 -7.23268
9.71 -7.24031
9.72 -7.2479
9.73 -7.25543
9.74 -7.26292
9.75 -7.27035
9.76 -7.27773
9.77 -7.28506
9.78 -7.29234
9.79 -7.29957
9.8 -7.30675
9.81 -7.31388
9.82 -7.32096
9.83 -7.32799
9.84 -7.33498
9.85 -7.34191
9.86 -7.3488
9.87 -7.35565
9.88 -7.36244
9.89 -7.36919
9.9 -7.37589
9.91 -7.38254
9.92 -7.38915
9.93 -7.39572
9.94 -7.40224
9.95 -7.40871
9.96 -7.41514
9.97 -7.42153
9.98 -7.42787
9.99 -7.43417
10 -7.44042
10.001 -10
