0 5
0.01 3.96786
0.02 3.96836
0.03 3.96886
0.04 3.96937
0.05 3.96989
0.06 3.97041
0.07 3.97093
0.08 3.97146
0.09 3.972
0.1 3.97254
0.11 3.97309
0.12 3.97365
0.13 3.97421
0.14 3.97478
0.15 3.97535
0.16 3.97593
0.17 3.97652
0.18 3.97711
0.19 3.97771
0.2 3.97831
0.21 3.97893
0.22 3.97955
0.23 3.98017
0.24 3.9808
0.25 3.98144
0.26 3.98209
0.27 3.98275
0.28 3.98341
0.29 3.98408
0.3 3.98475
0.31 3.98544
0.32 3.98613
0.33 3.98683
0.34 3.98753
0.35 3.98825
0.36 3.98897
0.37 3.9897
0.38 3.99044
0.39 3.99119
0.4 3.99194
0.41 3.99271
0.42 3.99348
0.43 3.99426
0.44 3.99505
0.45 3.99585
0.46 3.99666
0.47 3.99748
0.48 3.9983
0.49 3.99914
0.5 3.99999
0.51 4.00084
0.52 4.00171
0.53 4.00258
0.54 4.00347
0.55 4.00436
0.56 4.00527
0.57 4.00619
0.58 4.00711
0.59 4.00805
0.6 4.009
0.61 4.00996
0.62 4.01093
0.63 4.01192
0.64 4.01291
0.65 4.01392
0.66 4.01494
0.67 4.01597
0.68 4.01701
0.69 4.01807
0.7 4.01913
0.71 4.02021
0.72 4.02131
0.73 4.02241
0.74 4.02353
0.75 4.02467
0.76 4.02581
0.77 4.02697
0.78 4.02815
0.79 4.02933
0.8 4.03054
0.81 4.03175
0.82 4.03299
0.83 4.03423
0.84 4.03549
0.85 4.03677
0.86 4.03806
0.87 4.03937
0.88 4.0407
0.89 4.04204
0.9 4.04339
0.91 4.04476
0.92 4.04615
0.93 4.04756
0.94 4.04898
0.95 4.05042
0.96 4.05188
0.97 4.05336
0.98 4.05485
0.99 4.05636
1 4.05789
1.01 4.05944
1.02 4.06101
1.03 4.06259
1.04 4.0642
1.05 4.06582
1.06 4.06747
1.07 4.06913
1.08 4.07082
1.09 4.07252
1.1 4.07425
1.11 4.07599
1.12 4.07776
1.13 4.07955
1.14 4.08136
1.15 4.08319
1.16 4.08504
1.17 4.08692
1.18 4.08882
1.19 4.09074
1.2 4.09268
1.21 4.09465
1.22 4.09664
1.23 4.09866
1.24 4.1007
1.25 4.10276
1.26 4.10485
1.27 4.10697
1.28 4.10911
1.29 4.11127
1.3 4.11346
1.31 4.11568
1.32 4.11793
1.33 4.1202
1.34 4.1225
1.35 4.12482
1.36 4.12718
1.37 4.12956
1.38 4.13197
1.39 4.13442
1.4 4.13689
1.41 4.13939
1.42 4.14192
1.43 4.14448
1.44 4.14708
1.45 4.1497
1.46 4.15236
1.47 4.15505
1.48 4.15778
1.49 4.16054
1.5 4.16333
1.51 4.16616
1.52 4.16902
1.53 4.17192
1.54 4.17486
1.55 4.17783
1.56 4.18084
1.57 4.18389
1.58 4.18698
1.59 4.19011
1.6 4.19328
1.61 4.19649
1.62 4.19974
1.63 4.20304
1.64 4.20637
1.65 4.20975
1.66 4.21318
1.67 4.21665
1.68 4.22017
1.69 4.22373
1.7 4.22735
1.71 4.23101
1.72 4.23472
1.73 4.23848
1.74 4.24229
1.75 4.24616
1.76 4.25007
1.77 4.25405
1.78 4.25807
1.79 4.26215
1.8 4.26629
1.81 4.27049
1.82 4.27474
1.83 4.27906
1.84 4.28343
1.85 4.28787
1.86 4.29237
1.87 4.29693
1.88 4.30156
1.89 4.30625
1.9 4.31101
1.91 4.31583
1.92 4.32072
1.93 4.32569
1.94 4.33072
1.95 4.33582
1.96 4.34099
1.97 4.34624
1.98 4.35156
1.99 4.35696
2 4.36242
2.01 4.36797
2.02 4.37359
2.03 4.37929
2.04 4.38506
2.05 4.39092
2.06 4.39685
2.07 4.40286
2.08 4.40895
2.09 4.41513
2.1 4.42138
2.11 4.42771
2.12 4.43413
2.13 4.44062
2.14 4.4472
2.15 4.45386
2.16 4.4606
2.17 4.46742
2.18 4.47432
2.19 4.4813
2.2 4.48836
2.21 4.4955
2.22 4.50272
2.23 4.51001
2.24 4.51739
2.25 4.52484
2.26 4.53236
2.27 4.53996
2.28 4.54763
2.29 4.55537
2.3 4.56319
2.31 4.57107
2.32 4.57902
2.33 4.58703
2.34 4.59511
2.35 4.60324
2.36 4.61144
2.37 4.61969
2.38 4.628
2.39 4.63636
2.4 4.64477
2.41 4.65322
2.42 4.66172
2.43 4.67026
2.44 4.67884
2.45 4.68746
2.46 4.69611
2.47 4.70479
2.48 4.71349
2.49 4.72222
2.5 4.73097
2.51 4.73973
2.52 4.74851
2.53 4.7573
2.54 4.7661
2.55 4.7749
2.56 4.7837
2.57 4.7925
2.58 4.8013
2.59 4.81008
2.6 4.81886
2.61 4.82761
2.62 4.83635
2.63 4.84507
2.64 4.85376
2.65 4.86243
2.66 4.87106
2.67 4.87966
2.68 4.88822
2.69 4.89675
2.7 4.90523
2.71 4.91367
2.72 4.92207
2.73 4.93041
2.74 4.9387
2.75 4.94694
2.76 4.95513
2.77 4.96326
2.78 4.97132
2.79 4.97933
2.8 4.98728
2.81 4.99516
2.82 5.00297
2.83 5.01072
2.84 5.0184
2.85 5.02601
2.86 5.03355
2.87 5.04102
2.88 5.04842
2.89 5.05574
2.9 5.06299
2.91 5.07017
2.92 5.07727
2.93 5.0843
2.94 5.09125
2.95 5.09812
2.96 5.10492
2.97 5.11165
2.98 5.1183
2.99 5.12487
3 5.13136
3.01 5.13778
3.02 5.14413
3.03 5.15039
3.04 5.15659
3.05 5.16271
3.06 5.16875
3.07 5.17472
3.08 5.18062
3.09 5.18644
3.1 5.19219
3.11 5.19787
3.12 5.20348
3.13 5.20902
3.14 5.21449
3.15 5.21989
3.16 5.22522
3.17 5.23048
3.18 5.23567
3.19 5.2408
3.2 5.24586
3.21 5.25086
3.22 5.25579
3.23 5.26066
3.24 5.26547
3.25 5.27021
3.26 5.2749
3.27 5.27952
3.28 5.28409
3.29 5.28859
3.3 5.29304
3.31 5.29743
3.32 5.30177
3.33 5.30604
3.34 5.31027
3.35 5.31444
3.36 5.31856
3.37 5.32262
3.38 5.32664
3.39 5.3306
3.4 5.33451
3.41 5.33838
3.42 5.34219
3.43 5.34596
3.44 5.34968
3.45 5.35335
3.46 5.35698
3.47 5.36056
3.48 5.3641
3.49 5.3676
3.5 5.37105
3.51 5.37446
3.52 5.37783
3.53 5.38116
3.54 5.38445
3.55 5.3877
3.56 5.39091
3.57 5.39408
3.58 5.39721
3.59 5.40031
3.6 5.40337
3.61 5.40639
3.62 5.40938
3.63 5.41233
3.64 5.41525
3.65 5.41814
3.66 5.42099
3.67 5.42381
3.68 5.4266
3.69 5.42936
3.7 5.43208
3.71 5.43478
3.72 5.43744
3.73 5.44007
3.74 5.44268
3.75 5.44526
3.76 5.4478
3.77 5.45033
3.78 5.45282
3.79 5.45528
3.8 5.45772
3.81 5.46014
3.82 5.46253
3.83 5.46489
3.84 5.46723
3.85 5.46954
3.86 5.47183
3.87 5.47409
3.88 5.47633
3.89 5.47855
3.9 5.48075
3.91 5.48292
3.92 5.48507
3.93 5.4872
3.94 5.48931
3.95 5.4914
3.96 5.49346
3.97 5.49551
3.98 5.49754
3.99 5.49954
4 5.50153
4.01 5.5035
4.02 5.50545
4.03 5.50738
4.04 5.50929
4.05 5.51118
4.06 5.51306
4.07 5.51492
4.08 5.51676
4.09 5.51858
4.1 5.52039
4.11 5.52218
4.12 5.52396
4.13 5.52571
4.14 5.52746
4.15 5.52918
4.16 5.5309
4.17 5.53259
4.18 5.53428
4.19 5.53594
4.2 5.5376
4.21 5.53923
4.22 5.54086
4.23 5.54247
4.24 5.54407
4.25 5.54565
4.26 5.54722
4.27 5.54878
4.28 5.55032
4.29 5.55185
4.3 5.55337
4.31 5.55488
4.32 5.55637
4.33 5.55786
4.34 5.55933
4.35 5.56079
4.36 5.56223
4.37 5.56367
4.38 5.5651
4.39 5.56651
4.4 5.56791
4.41 5.56931
4.42 5.57069
4.43 5.57206
4.44 5.57342
4.45 5.57477
4.46 5.57611
4.47 5.57744
4.48 5.57876
4.49 5.58008
4.5 5.58138
4.51 5.58267
4.52 5.58395
4.53 5.58523
4.54 5.58649
4.55 5.58775
4.56 5.589
4.57 5.59024
4.58 5.59147
4.59 5.59269
4.6 5.59391
4.61 5.59511
4.62 5.59631
4.63 5.5975
4.64 5.59868
4.65 5.59985
4.66 5.60102
4.67 5.60218
4.68 5.60333
4.69 5.60447
4.7 5.60561
4.71 5.60674
4.72 5.60786
4.73 5.60898
4.74 5.61009
4.75 5.61119
4.76 5.61228
4.77 5.61337
4.78 5.61445
4.79 5.61553
4.8 5.6166
4.81 5.61766
4.82 5.61871
4.83 5.61976
4.84 5.62081
4.85 5.62184
4.86 5.62287
4.87 5.6239
4.88 5.62492
4.89 5.62593
4.9 5.62694
4.91 5.62794
4.92 5.62894
4.93 5.62993
4.94 5.63092
4.95 5.6319
4.96 5.63287
4.97 5.63384
4.98 5.63481
4.99 5.63576
5 5.63672
5.01 5.63767
5.02 5.63861
5.03 5.63955
5.04 5.64049
5.05 5.64141
5.06 5.64234
5.07 5.64326
5.08 5.64417
5.09 5.64508
5.1 5.64599
5.11 5.64689
5.12 5.64779
5.13 5.64868
5.14 5.64957
5.15 5.65045
5.16 5.65133
5.17 5.65221
5.18 5.65308
5.19 5.65394
5.2 5.6548
5.21 5.65566
5.22 5.65652
5.23 5.65737
5.24 5.65821
5.25 5.65906
5.26 5.65989
5.27 5.66073
5.28 5.66156
5.29 5.66238
5.3 5.66321
5.31 5.66403
5.32 5.66484
5.33 5.66565
5.34 5.66646
5.35 5.66727
5.36 5.66807
5.37 5.66886
5.38 5.66966
5.39 5.67045
5.4 5.67123
5.41 5.67202
5.42 5.6728
5.43 5.67357
5.44 5.67435
5.45 5.67512
5.46 5.67588
5.47 5.67664
5.48 5.6774
5.49 5.67816
5.5 5.67891
5.51 5.67967
5.52 5.68041
5.53 5.68116
5.54 5.6819
5.55 5.68264
5.56 5.68337
5.57 5.6841
5.58 5.68483
5.59 5.68556
5.6 5.68628
5.61 5.687
5.62 5.68772
5.63 5.68844
5.64 5.68915
5.65 5.68986
5.66 5.69056
5.67 5.69127
5.68 5.69197
5.69 5.69267
5.7 5.69336
5.71 5.69406
5.72 5.69475
5.73 5.69544
5.74 5.69612
5.75 5.69681
5.76 5.69749
5.77 5.69817
5.78 5.69884
5.79 5.69952
5.8 5.70019
5.81 5.70086
5.82 5.70153
5.83 5.7022
5.84 5.70286
5.85 5.70352
5.86 5.70418
5.87 5.70484
5.88 5.7055
5.89 5.70615
5.9 5.70681
5.91 5.70746
5.92 5.70811
5.93 5.70875
5.94 5.7094
5.95 5.71005
5.96 5.71069
5.97 5.71133
5.98 5.71198
5.99 5.71262
6 5.71326
6.01 5.71389
6.02 5.71453
6.03 5.71517
6.04 5.7158
6.05 5.71644
6.06 5.71707
6.07 5.71771
6.08 5.71834
6.09 5.71898
6.1 5.71961
6.11 5.72024
6.12 5.72088
6.13 5.72151
6.14 5.72214
6.15 5.72278
6.16 5.72341
6.17 5.72405
6.18 5.72468
6.19 5.72532
6.2 5.72596
6.21 5.7266
6.22 5.72724
6.23 5.72788
6.24 5.72852
6.25 5.72917
6.26 5.72981
6.27 5.73046
6.28 5.73111
6.29 5.73176
6.3 5.73242
6.31 5.73308
6.32 5.73374
6.33 5.7344
6.34 5.73507
6.35 5.73574
6.36 5.73641
6.37 5.73709
6.38 5.73777
6.39 5.73845
6.4 5.73914
6.41 5.73984
6.42 5.74053
6.43 5.74124
6.44 5.74194
6.45 5.74265
6.46 5.74337
6.47 5.7441
6.48 5.74482
6.49 5.74556
6.5 5.7463
6.51 5.74705
6.52 5.7478
6.53 5.74856
6.54 5.74933
6.55 5.7501
6.56 5.75088
6.57 5.75167
6.58 5.75247
6.59 5.75327
6.6 5.75409
6.61 5.75491
6.62 5.75574
6.63 5.75658
6.64 5.75742
6.65 5.75828
6.66 5.75914
6.67 5.76002
6.68 5.7609
6.69 5.76179
6.7 5.7627
6.71 5.76361
6.72 5.76453
6.73 5.76547
6.74 5.76641
6.75 5.76736
6.76 5.76833
6.77 5.7693
6.78 5.77029
6.79 5.77129
6.8 5.77229
6.81 5.77331
6.82 5.77434
6.83 5.77538
6.84 5.77643
6.85 5.77749
6.86 5.77857
6.87 5.77965
6.88 5.78075
6.89 5.78185
6.9 5.78297
6.91 5.78409
6.92 5.78523
6.93 5.78638
6.94 5.78753
6.95 5.7887
6.96 5.78987
6.97 5.79106
6.98 5.79225
6.99 5.79346
7 5.79467
7.01 5.79589
7.02 5.79711
7.03 5.79835
7.04 5.79959
7.05 5.80083
7.06 5.80208
7.07 5.80334
7.08 5.8046
7.09 5.80586
7.1 5.80713
7.11 5.8084
7.12 5.80967
7.13 5.81094
7.14 5.81222
7.15 5.81349
7.16 5.81475
7.17 5.81602
7.18 5.81728
7.19 5.81854
7.2 5.81979
7.21 5.82103
7.22 5.82226
7.23 5.82349
7.24 5.8247
7.25 5.8259
7.26 5.82709
7.27 5.82826
7.28 5.82941
7.29 5.83055
7.3 5.83166
7.31 5.83276
7.32 5.83383
7.33 5.83487
7.34 5.83589
7.35 5.83688
7.36 5.83784
7.37 5.83876
7.38 5.83965
7.39 5.84051
7.4 5.84132
7.41 5.8421
7.42 5.84283
7.43 5.84352
7.44 5.84416
7.45 5.84475
7.46 5.84528
7.47 5.84577
7.48 5.84619
7.49 5.84656
7.5 5.84687
7.51 5.84711
7.52 5.84728
7.53 5.84739
7.54 5.84743
7.55 5.84739
7.56 5.84727
7.57 5.84708
7.58 5.84681
7.59 5.84645
7.6 5.846
7.61 5.84547
7.62 5.84484
7.63 5.84413
7.64 5.84331
7.65 5.8424
7.66 5.84139
7.67 5.84027
7.68 5.83905
7.69 5.83772
7.7 5.83628
7.71 5.83473
7.72 5.83306
7.73 5.83128
7.74 5.82938
7.75 5.82736
7.76 5.82521
7.77 5.82295
7.78 5.82056
7.79 5.81804
7.8 5.81539
7.81 5.81261
7.82 5.8097
7.83 5.80666
7.84 5.80349
7.85 5.80018
7.86 5.79674
7.87 5.79315
7.88 5.78944
7.89 5.78558
7.9 5.78159
7.91 5.77746
7.92 5.77319
7.93 5.76878
7.94 5.76424
7.95 5.75955
7.96 5.75473
7.97 5.74977
7.98 5.74468
7.99 5.73945
8 5.73409
8.01 5.72859
8.02 5.72296
8.03 5.7172
8.04 5.71131
8.05 5.70529
8.06 5.69914
8.07 5.69288
8.08 5.68649
8.09 5.67998
8.1 5.67335
8.11 5.6666
8.12 5.65975
8.13 5.65278
8.14 5.64571
8.15 5.63853
8.16 5.63125
8.17 5.62387
8.18 5.6164
8.19 5.60883
8.2 5.60118
8.21 5.59344
8.22 5.58561
8.23 5.57771
8.24 5.56973
8.25 5.56169
8.26 5.55357
8.27 5.54539
8.28 5.53715
8.29 5.52885
8.3 5.5205
8.31 5.5121
8.32 5.50365
8.33 5.49516
8.34 5.48664
8.35 5.47808
8.36 5.46949
8.37 5.46087
8.38 5.45223
8.39 5.44357
8.4 5.43489
8.41 5.4262
8.42 5.4175
8.43 5.4088
8.44 5.40009
8.45 5.39139
8.46 5.38269
8.47 5.37399
8.48 5.36531
8.49 5.35664
8.5 5.34799
8.51 5.33936
8.52 5.33075
8.53 5.32216
8.54 5.31361
8.55 5.30508
8.56 5.29659
8.57 5.28813
8.58 5.27971
8.59 5.27133
8.6 5.26299
8.61 5.2547
8.62 5.24645
8.63 5.23825
8.64 5.2301
8.65 5.222
8.66 5.21396
8.67 5.20596
8.68 5.19803
8.69 5.19015
8.7 5.18233
8.71 5.17457
8.72 5.16688
8.73 5.15924
8.74 5.15167
8.75 5.14416
8.76 5.13672
8.77 5.12934
8.78 5.12203
8.79 5.11479
8.8 5.10761
8.81 5.10051
8.82 5.09347
8.83 5.0865
8.84 5.0796
8.85 5.07277
8.86 5.06601
8.87 5.05932
8.88 5.0527
8.89 5.04615
8.9 5.03968
8.91 5.03327
8.92 5.02693
8.93 5.02067
8.94 5.01447
8.95 5.00835
8.96 5.00229
8.97 4.99631
8.98 4.99039
8.99 4.98454
9 4.97877
9.01 4.97306
9.02 4.96742
9.03 4.96185
9.04 4.95634
9.05 4.95091
9.06 4.94554
9.07 4.94023
9.08 4.935
9.09 4.92983
9.1 4.92472
9.11 4.91967
9.12 4.9147
9.13 4.90978
9.14 4.90493
9.15 4.90014
9.16 4.89541
9.17 4.89074
9.18 4.88613
9.19 4.88158
9.2 4.87709
9.21 4.87266
9.22 4.86829
9.23 4.86397
9.24 4.85971
9.25 4.85551
9.26 4.85136
9.27 4.84727
9.28 4.84323
9.29 4.83925
9.3 4.83531
9.31 4.83143
9.32 4.8276
9.33 4.82383
9.34 4.8201
9.35 4.81642
9.36 4.81279
9.37 4.80921
9.38 4.80567
9.39 4.80219
9.4 4.79875
9.41 4.79535
9.42 4.792
9.43 4.7887
9.44 4.78544
9.45 4.78222
9.46 4.77904
9.47 4.77591
9.48 4.77282
9.49 4.76976
9.5 4.76675
9.51 4.76378
9.52 4.76085
9.53 4.75796
9.54 4.7551
9.55 4.75228
9.56 4.7495
9.57 4.74676
9.58 4.74405
9.59 4.74137
9.6 4.73873
9.61 4.73613
9.62 4.73356
9.63 4.73102
9.64 4.72851
9.65 4.72604
9.66 4.7236
9.67 4.72119
9.68 4.71881
9.69 4.71646
9.7 4.71414
9.71 4.71184
9.72 4.70958
9.73 4.70735
9.74 4.70514
9.75 4.70296
9.76 4.70081
9.77 4.69869
9.78 4.69659
9.79 4.69452
9.8 4.69247
9.81 4.69045
9.82 4.68845
9.83 4.68648
9.84 4.68453
9.85 4.6826
9.86 4.6807
9.87 4.67882
9.88 4.67696
9.89 4.67513
9.9 4.67331
9.91 4.67152
9.92 4.66975
9.93 4.668
9.94 4.66627
9.95 4.66456
9.96 4.66287
9.97 4.66119
9.98 4.65954
9.99 4.65791
10 4.65629
10.001 5
