0 -10
0.01 -8.13283
0.02 -8.12724
0.03 -8.12162
0.04 -8.116
0.05 -8.11036
0.06 -8.1047
0.07 -8.09903
0.08 -8.09335
0.09 -8.08764
0.1 -8.08193
0.11 -8.0762
0.12 -8.07046
0.13 -8.0647
0.14 -8.05892
0.15 -8.05314
0.16 -8.04734
0.17 -8.04152
0.18 -8.03569
0.19 -8.02985
0.2 -8.02399
0.21 -8.01812
0.22 -8.01223
0.23 -8.00633
0.24 -8.00042
0.25 -7.99449
0.26 -7.98855
0.27 -7.98259
0.28 -7.97662
0.29 -7.97064
0.3 -7.96464
0.31 -7.95863
0.32 -7.95261
0.33 -7.94657
0.34 -7.94052
0.35 -7.93446
0.36 -7.92838
0.37 -7.92229
0.38 -7.91618
0.39 -7.91006
0.4 -7.90393
0.41 -7.89778
0.42 -7.89162
0.43 -7.88545
0.44 -7.87926
0.45 -7.87306
0.46 -7.86684
0.47 -7.86061
0.48 -7.85437
0.49 -7.84811
0.5 -7.84183
0.51 -7.83555
0.52 -7.82924
0.53 -7.82293
0.54 -7.8166
0.55 -7.81025
0.56 -7.80389
0.57 -7.79751
0.58 -7.79112
0.59 -7.78472
0.6 -7.77829
0.61 -7.77185
0.62 -7.7654
0.63 -7.75893
0.64 -7.75244
0.65 -7.74594
0.66 -7.73942
0.67 -7.73288
0.68 -7.72633
0.69 -7.71975
0.7 -7.71316
0.71 -7.70655
0.72 -7.69992
0.73 -7.69328
0.74 -7.68661
0.75 -7.67993
0.76 -7.67322
0.77 -7.66649
0.78 -7.65975
0.79 -7.65298
0.8 -7.64619
0.81 -7.63938
0.82 -7.63255
0.83 -7.62569
0.84 -7.61881
0.85 -7.61191
0.86 -7.60498
0.87 -7.59802
0.88 -7.59105
0.89 -7.58404
0.9 -7.57701
0.91 -7.56995
0.92 -7.56287
0.93 -7.55575
0.94 -7.54861
0.95 -7.54144
0.96 -7.53424
0.97 -7.527
0.98 -7.51974
0.99 -7.51244
1 -7.50511
1.01 -7.49775
1.02 -7.49035
1.03 -7.48292
1.04 -7.47545
1.05 -7.46795
1.06 -7.46041
1.07 -7.45282
1.08 -7.44521
1.09 -7.43755
1.1 -7.42985
1.11 -7.4221
1.12 -7.41432
1.13 -7.40649
1.14 -7.39862
1.15 -7.3907
1.16 -7.38274
1.17 -7.37473
1.18 -7.36667
1.19 -7.35857
1.2 -7.35041
1.21 -7.34221
1.22 -7.33395
1.23 -7.32564
1.24 -7.31728
1.25 -7.30886
1.26 -7.30039
1.27 -7.29186
1.28 -7.28327
1.29 -7.27463
1.3 -7.26592
1.31 -7.25716
1.32 -7.24834
1.33 -7.23945
1.34 -7.2305
1.35 -7.22149
1.36 -7.21242
1.37 -7.20327
1.38 -7.19407
1.39 -7.18479
1.4 -7.17545
1.41 -7.16604
1.42 -7.15656
1.43 -7.14701
1.44 -7.13739
1.45 -7.1277
1.46 -7.11794
1.47 -7.10811
1.48 -7.0982
1.49 -7.08822
1.5 -7.07816
1.51 -7.06803
1.52 -7.05783
1.53 -7.04755
1.54 -7.03719
1.55 -7.02676
1.56 -7.01626
1.57 -7.00567
1.58 -6.99502
1.59 -6.98428
1.6 -6.97348
1.61 -6.96259
1.62 -6.95163
1.63 -6.9406
1.64 -6.92949
1.65 -6.91831
1.66 -6.90705
1.67 -6.89573
1.68 -6.88433
1.69 -6.87285
1.7 -6.86131
1.71 -6.8497
1.72 -6.83803
1.73 -6.82628
1.74 -6.81447
1.75 -6.8026
1.76 -6.79067
1.77 -6.77867
1.78 -6.76662
1.79 -6.7545
1.8 -6.74234
1.81 -6.73012
1.82 -6.71785
1.83 -6.70553
1.84 -6.69317
1.85 -6.68076
1.86 -6.66831
1.87 -6.65583
1.88 -6.64331
1.89 -6.63076
1.9 -6.61817
1.91 -6.60557
1.92 -6.59294
1.93 -6.58029
1.94 -6.56762
1.95 -6.55494
1.96 -6.54226
1.97 -6.52956
1.98 -6.51687
1.99 -6.50418
2 -6.4915
2.01 -6.47882
2.02 -6.46616
2.03 -6.45352
2.04 -6.4409
2.05 -6.42831
2.06 -6.41575
2.07 -6.40322
2.08 -6.39073
2.09 -6.37828
2.1 -6.36589
2.11 -6.35354
2.12 -6.34125
2.13 -6.32901
2.14 -6.31685
2.15 -6.30475
2.16 -6.29272
2.17 -6.28076
2.18 -6.26889
2.19 -6.2571
2.2 -6.24539
2.21 -6.23378
2.22 -6.22226
2.23 -6.21084
2.24 -6.19952
2.25 -6.1883
2.26 -6.17719
2.27 -6.1662
2.28 -6.15531
2.29 -6.14454
2.3 -6.13389
2.31 -6.12336
2.32 -6.11295
2.33 -6.10267
2.34 -6.09252
2.35 -6.0825
2.36 -6.07261
2.37 -6.06285
2.38 -6.05323
2.39 -6.04375
2.4 -6.0344
2.41 -6.02519
2.42 -6.01612
2.43 -6.00719
2.44 -5.9984
2.45 -5.98976
2.46 -5.98125
2.47 -5.97289
2.48 -5.96467
2.49 -5.95659
2.5 -5.94866
2.51 -5.94087
2.52 -5.93321
2.53 -5.92571
2.54 -5.91834
2.55 -5.91111
2.56 -5.90402
2.57 -5.89707
2.58 -5.89026
2.59 -5.88358
2.6 -5.87704
2.61 -5.87063
2.62 -5.86436
2.63 -5.85821
2.64 -5.8522
2.65 -5.84632
2.66 -5.84056
2.67 -5.83493
2.68 -5.82942
2.69 -5.82404
2.7 -5.81877
2.71 -5.81363
2.72 -5.8086
2.73 -5.80368
2.74 -5.79888
2.75 -5.79419
2.76 -5.78961
2.77 -5.78514
2.78 -5.78077
2.79 -5.77651
2.8 -5.77235
2.81 -5.76829
2.82 -5.76432
2.83 -5.76045
2.84 -5.75668
2.85 -5.753
2.86 -5.74941
2.87 -5.7459
2.88 -5.74249
2.89 -5.73915
2.9 -5.7359
2.91 -5.73274
2.92 -5.72965
2.93 -5.72663
2.94 -5.72369
2.95 -5.72083
2.96 -5.71804
2.97 -5.71531
2.98 -5.71266
2.99 -5.71007
3 -5.70755
3.01 -5.70509
3.02 -5.70269
3.03 -5.70035
3.04 -5.69807
3.05 -5.69585
3.06 -5.69368
3.07 -5.69156
3.08 -5.6895
3.09 -5.68749
3.1 -5.68553
3.11 -5.68362
3.12 -5.68175
3.13 -5.67993
3.14 -5.67815
3.15 -5.67642
3.16 -5.67473
3.17 -5.67307
3.18 -5.67146
3.19 -5.66989
3.2 -5.66835
3.21 -5.66685
3.22 -5.66538
3.23 -5.66395
3.24 -5.66255
3.25 -5.66118
3.26 -5.65984
3.27 -5.65853
3.28 -5.65725
3.29 -5.656
3.3 -5.65477
3.31 -5.65357
3.32 -5.6524
3.33 -5.65125
3.34 -5.65012
3.35 -5.64902
3.36 -5.64794
3.37 -5.64688
3.38 -5.64584
3.39 -5.64482
3.4 -5.64382
3.41 -5.64283
3.42 -5.64187
3.43 -5.64092
3.44 -5.63999
3.45 -5.63907
3.46 -5.63817
3.47 -5.63728
3.48 -5.63641
3.49 -5.63555
3.5 -5.6347
3.51 -5.63387
3.52 -5.63305
3.53 -5.63224
3.54 -5.63144
3.55 -5.63065
3.56 -5.62987
3.57 -5.6291
3.58 -5.62834
3.59 -5.62759
3.6 -5.62685
3.61 -5.62611
3.62 -5.62538
3.63 -5.62466
3.64 -5.62395
3.65 -5.62324
3.66 -5.62254
3.67 -5.62185
3.68 -5.62116
3.69 -5.62047
3.7 -5.61979
3.71 -5.61912
3.72 -5.61845
3.73 -5.61778
3.74 -5.61712
3.75 -5.61646
3.76 -5.6158
3.77 -5.61515
3.78 -5.6145
3.79 -5.61385
3.8 -5.6132
3.81 -5.61256
3.82 -5.61192
3.83 -5.61128
3.84 -5.61064
3.85 -5.61
3.86 -5.60937
3.87 -5.60873
3.88 -5.6081
3.89 -5.60746
3.9 -5.60683
3.91 -5.6062
3.92 -5.60556
3.93 -5.60493
3.94 -5.6043
3.95 -5.60366
3.96 -5.60303
3.97 -5.6024
3.98 -5.60176
3.99 -5.60113
4 -5.60049
4.01 -5.59985
4.02 -5.59921
4.03 -5.59857
4.04 -5.59793
4.05 -5.59729
4.06 -5.59665
4.07 -5.596
4.08 -5.59536
4.09 -5.59471
4.1 -5.59406
4.11 -5.59341
4.12 -5.59276
4.13 -5.5921
4.14 -5.59144
4.15 -5.59079
4.16 -5.59012
4.17 -5.58946
4.18 -5.5888
4.19 -5.58813
4.2 -5.58746
4.21 -5.58679
4.22 -5.58612
4.23 -5.58544
4.24 -5.58476
4.25 -5.58409
4.26 -5.5834
4.27 -5.58272
4.28 -5.58203
4.29 -5.58134
4.3 -5.58065
4.31 -5.57996
4.32 -5.57926
4.33 -5.57857
4.34 -5.57787
4.35 -5.57717
4.36 -5.57646
4.37 -5.57575
4.38 -5.57505
4.39 -5.57433
4.4 -5.57362
4.41 -5.57291
4.42 -5.57219
4.43 -5.57147
4.44 -5.57075
4.45 -5.57002
4.46 -5.5693
4.47 -5.56857
4.48 -5.56784
4.49 -5.56711
4.5 -5.56638
4.51 -5.56564
4.52 -5.56491
4.53 -5.56417
4.54 -5.56343
4.55 -5.56268
4.56 -5.56194
4.57 -5.56119
4.58 -5.56045
4.59 -5.5597
4.6 -5.55895
4.61 -5.5582
4.62 -5.55744
4.63 -5.55669
4.64 -5.55593
4.65 -5.55517
4.66 -5.55441
4.67 -5.55365
4.68 -5.55289
4.69 -5.55213
4.7 -5.55137
4.71 -5.5506
4.72 -5.54984
4.73 -5.54907
4.74 -5.5483
4.75 -5.54753
4.76 -5.54676
4.77 -5.54599
4.78 -5.54522
4.79 -5.54445
4.8 -5.54367
4.81 -5.5429
4.82 -5.54212
4.83 -5.54135
4.84 -5.54057
4.85 -5.53979
4.86 -5.53902
4.87 -5.53824
4.88 -5.53746
4.89 -5.53668
4.9 -5.5359
4.91 -5.53512
4.92 -5.53434
4.93 -5.53355
4.94 -5.53277
4.95 -5.53199
4.96 -5.5312
4.97 -5.53042
4.98 -5.52963
4.99 -5.52885
5 -5.52806
5.01 -5.52728
5.02 -5.52649
5.03 -5.5257
5.04 -5.52491
5.05 -5.52412
5.06 -5.52333
5.07 -5.52254
5.08 -5.52175
5.09 -5.52096
5.1 -5.52017
5.11 -5.51937
5.12 -5.51858
5.13 -5.51779
5.14 -5.51699
5.15 -5.51619
5.16 -5.5154
5.17 -5.5146
5.18 -5.5138
5.19 -5.513
5.2 -5.5122
5.21 -5.51139
5.22 -5.51059
5.23 -5.50978
5.24 -5.50898
5.25 -5.50817
5.26 -5.50736
5.27 -5.50655
5.28 -5.50573
5.29 -5.50492
5.3 -5.5041
5.31 -5.50329
5.32 -5.50247
5.33 -5.50165
5.34 -5.50082
5.35 -5.5
5.36 -5.49917
5.37 -5.49834
5.38 -5.49751
5.39 -5.49667
5.4 -5.49584
5.41 -5.495
5.42 -5.49416
5.43 -5.49331
5.44 -5.49247
5.45 -5.49162
5.46 -5.49076
5.47 -5.48991
5.48 -5.48905
5.49 -5.48819
5.5 -5.48733
5.51 -5.48646
5.52 -5.48559
5.53 -5.48472
5.54 -5.48384
5.55 -5.48296
5.56 -5.48208
5.57 -5.48119
5.58 -5.4803
5.59 -5.4794
5.6 -5.47851
5.61 -5.47761
5.62 -5.4767
5.63 -5.47579
5.64 -5.47488
5.65 -5.47397
5.66 -5.47305
5.67 -5.47213
5.68 -5.4712
5.69 -5.47027
5.7 -5.46934
5.71 -5.4684
5.72 -5.46746
5.73 -5.46652
5.74 -5.46557
5.75 -5.46462
5.76 -5.46367
5.77 -5.46271
5.78 -5.46175
5.79 -5.46078
5.8 -5.45982
5.81 -5.45885
5.82 -5.45788
5.83 -5.4569
5.84 -5.45592
5.85 -5.45494
5.86 -5.45396
5.87 -5.45298
5.88 -5.45199
5.89 -5.451
5.9 -5.45001
5.91 -5.44902
5.92 -5.44803
5.93 -5.44704
5.94 -5.44604
5.95 -5.44505
5.96 -5.44405
5.97 -5.44306
5.98 -5.44207
5.99 -5.44107
6 -5.44008
6.01 -5.43909
6.02 -5.4381
6.03 -5.43712
6.04 -5.43613
6.05 -5.43515
6.06 -5.43418
6.07 -5.4332
6.08 -5.43223
6.09 -5.43127
6.1 -5.43031
6.11 -5.42935
6.12 -5.42841
6.13 -5.42746
6.14 -5.42653
6.15 -5.4256
6.16 -5.42468
6.17 -5.42377
6.18 -5.42287
6.19 -5.42198
6.2 -5.4211
6.21 -5.42023
6.22 -5.41938
6.23 -5.41853
6.24 -5.4177
6.25 -5.41688
6.26 -5.41608
6.27 -5.41529
6.28 -5.41452
6.29 -5.41376
6.3 -5.41303
6.31 -5.41231
6.32 -5.41161
6.33 -5.41093
6.34 -5.41027
6.35 -5.40963
6.36 -5.40902
6.37 -5.40843
6.38 -5.40786
6.39 -5.40732
6.4 -5.4068
6.41 -5.40631
6.42 -5.40585
6.43 -5.40542
6.44 -5.40501
6.45 -5.40464
6.46 -5.4043
6.47 -5.40399
6.48 -5.40371
6.49 -5.40347
6.5 -5.40327
6.51 -5.4031
6.52 -5.40297
6.53 -5.40288
6.54 -5.40282
6.55 -5.40281
6.56 -5.40284
6.57 -5.40291
6.58 -5.40302
6.59 -5.40318
6.6 -5.40339
6.61 -5.40364
6.62 -5.40394
6.63 -5.40429
6.64 -5.40469
6.65 -5.40514
6.66 -5.40564
6.67 -5.4062
6.68 -5.40681
6.69 -5.40747
6.7 -5.40819
6.71 -5.40897
6.72 -5.40981
6.73 -5.4107
6.74 -5.41166
6.75 -5.41268
6.76 -5.41376
6.77 -5.4149
6.78 -5.41611
6.79 -5.41738
6.8 -5.41872
6.81 -5.42013
6.82 -5.42161
6.83 -5.42315
6.84 -5.42477
6.85 -5.42645
6.86 -5.42821
6.87 -5.43004
6.88 -5.43195
6.89 -5.43393
6.9 -5.43598
6.91 -5.43812
6.92 -5.44033
6.93 -5.44261
6.94 -5.44498
6.95 -5.44742
6.96 -5.44995
6.97 -5.45256
6.98 -5.45525
6.99 -5.45802
7 -5.46087
7.01 -5.46381
7.02 -5.46683
7.03 -5.46994
7.04 -5.47314
7.05 -5.47641
7.06 -5.47978
7.07 -5.48323
7.08 -5.48677
7.09 -5.4904
7.1 -5.49412
7.11 -5.49793
7.12 -5.50182
7.13 -5.50581
7.14 -5.50988
7.15 -5.51404
7.16 -5.5183
7.17 -5.52264
7.18 -5.52708
7.19 -5.5316
7.2 -5.53622
7.21 -5.54093
7.22 -5.54573
7.23 -5.55062
7.24 -5.5556
7.25 -5.56067
7.26 -5.56583
7.27 -5.57109
7.28 -5.57643
7.29 -5.58186
7.3 -5.58739
7.31 -5.593
7.32 -5.5987
7.33 -5.6045
7.34 -5.61038
7.35 -5.61635
7.36 -5.62241
7.37 -5.62855
7.38 -5.63479
7.39 -5.64111
7.4 -5.64751
7.41 -5.65401
7.42 -5.66058
7.43 -5.66725
7.44 -5.67399
7.45 -5.68082
7.46 -5.68773
7.47 -5.69472
7.48 -5.7018
7.49 -5.70895
7.5 -5.71618
7.51 -5.7235
7.52 -5.73089
7.53 -5.73835
7.54 -5.74589
7.55 -5.75351
7.56 -5.7612
7.57 -5.76897
7.58 -5.77681
7.59 -5.78472
7.6 -5.79269
7.61 -5.80074
7.62 -5.80886
7.63 -5.81704
7.64 -5.82529
7.65 -5.83361
7.66 -5.84199
7.67 -5.85043
7.68 -5.85894
7.69 -5.8675
7.7 -5.87613
7.71 -5.88481
7.72 -5.89355
7.73 -5.90235
7.74 -5.9112
7.75 -5.92011
7.76 -5.92907
7.77 -5.93809
7.78 -5.94715
7.79 -5.95626
7.8 -5.96543
7.81 -5.97464
7.82 -5.98389
7.83 -5.9932
7.84 -6.00254
7.85 -6.01193
7.86 -6.02136
7.87 -6.03084
7.88 -6.04035
7.89 -6.0499
7.9 -6.05949
7.91 -6.06912
7.92 -6.07878
7.93 -6.08847
7.94 -6.0982
7.95 -6.10797
7.96 -6.11776
7.97 -6.12758
7.98 -6.13744
7.99 -6.14732
8 -6.15723
8.01 -6.16716
8.02 -6.17713
8.03 -6.18711
8.04 -6.19712
8.05 -6.20715
8.06 -6.21721
8.07 -6.22728
8.08 -6.23738
8.09 -6.24749
8.1 -6.25762
8.11 -6.26777
8.12 -6.27793
8.13 -6.28811
8.14 -6.29831
8.15 -6.30851
8.16 -6.31873
8.17 -6.32897
8.18 -6.33921
8.19 -6.34946
8.2 -6.35973
8.21 -6.37
8.22 -6.38028
8.23 -6.39056
8.24 -6.40086
8.25 -6.41116
8.26 -6.42146
8.27 -6.43177
8.28 -6.44208
8.29 -6.45239
8.3 -6.4627
8.31 -6.47302
8.32 -6.48333
8.33 -6.49365
8.34 -6.50396
8.35 -6.51428
8.36 -6.52459
8.37 -6.53489
8.38 -6.54519
8.39 -6.55549
8.4 -6.56578
8.41 -6.57607
8.42 -6.58635
8.43 -6.59662
8.44 -6.60689
8.45 -6.61714
8.46 -6.62739
8.47 -6.63763
8.48 -6.64786
8.49 -6.65807
8.5 -6.66828
8.51 -6.67847
8.52 -6.68865
8.53 -6.69881
8.54 -6.70897
8.55 -6.7191
8.56 -6.72922
8.57 -6.73933
8.58 -6.74942
8.59 -6.75949
8.6 -6.76955
8.61 -6.77959
8.62 -6.78961
8.63 -6.79961
8.64 -6.80959
8.65 -6.81955
8.66 -6.82949
8.67 -6.83941
8.68 -6.84931
8.69 -6.85918
8.7 -6.86903
8.71 -6.87886
8.72 -6.88867
8.73 -6.89845
8.74 -6.90821
8.75 -6.91795
8.76 -6.92765
8.77 -6.93734
8.78 -6.94699
8.79 -6.95662
8.8 -6.96623
8.81 -6.9758
8.82 -6.98535
8.83 -6.99487
8.84 -7.00436
8.85 -7.01382
8.86 -7.02325
8.87 -7.03266
8.88 -7.04203
8.89 -7.05137
8.9 -7.06068
8.91 -7.06996
8.92 -7.07921
8.93 -7.08843
8.94 -7.09762
8.95 -7.10677
8.96 -7.11589
8.97 -7.12498
8.98 -7.13403
8.99 -7.14305
9 -7.15204
9.01 -7.161
9.02 -7.16992
9.03 -7.1788
9.04 -7.18765
9.05 -7.19647
9.06 -7.20525
9.07 -7.21399
9.08 -7.2227
9.09 -7.23138
9.1 -7.24002
9.11 -7.24862
9.12 -7.25719
9.13 -7.26572
9.14 -7.27421
9.15 -7.28267
9.16 -7.29109
9.17 -7.29947
9.18 -7.30782
9.19 -7.31613
9.2 -7.3244
9.21 -7.33264
9.22 -7.34083
9.23 -7.34899
9.24 -7.35712
9.25 -7.3652
9.26 -7.37325
9.27 -7.38126
9.28 -7.38923
9.29 -7.39717
9.3 -7.40507
9.31 -7.41292
9.32 -7.42075
9.33 -7.42853
9.34 -7.43628
9.35 -7.44398
9.36 -7.45165
9.37 -7.45929
9.38 -7.46688
9.39 -7.47444
9.4 -7.48196
9.41 -7.48944
9.42 -7.49688
9.43 -7.50429
9.44 -7.51166
9.45 -7.51899
9.46 -7.52628
9.47 -7.53354
9.48 -7.54076
9.49 -7.54794
9.5 -7.55509
9.51 -7.5622
9.52 -7.56927
9.53 -7.5763
9.54 -7.5833
9.55 -7.59026
9.56 -7.59718
9.57 -7.60407
9.58 -7.61092
9.59 -7.61774
9.6 -7.62452
9.61 -7.63126
9.62 -7.63797
9.63 -7.64464
9.64 -7.65127
9.65 -7.65787
9.66 -7.66444
9.67 -7.67097
9.68 -7.67746
9.69 -7.68392
9.7 -7.69035
9.71 -7.69674
9.72 -7.70309
9.73 -7.70941
9.74 -7.7157
9.75 -7.72195
9.76 -7.72817
9.77 -7.73436
9.78 -7.74051
9.79 -7.74663
9.8 -7.75271
9.81 -7.75877
9.82 -7.76479
9.83 -7.77077
9.84 -7.77673
9.85 -7.78265
9.86 -7.78854
9.87 -7.79439
9.88 -7.80022
9.89 -7.80601
9.9 -7.81177
9.91 -7.8175
9.92 -7.8232
9.93 -7.82887
9.94 -7.83451
9.95 -7.84011
9.96 -7.84569
9.97 -7.85124
9.98 -7.85675
9.99 -7.86224
10 -7.86769
10.001 -10
