0 0
0.01 0.230393
0.02 0.229658
0.03 0.228922
0.04 0.228187
0.05 0.227451
0.06 0.226716
0.07 0.22598
0.08 0.225244
0.09 0.224507
0.1 0.223771
0.11 0.223035
0.12 0.222298
0.13 0.221562
0.14 0.220825
0.15 0.220089
0.16 0.219352
0.17 0.218616
0.18 0.217879
0.19 0.217143
0.2 0.216406
0.21 0.21567
0.22 0.214934
0.23 0.214198
0.24 0.213463
0.25 0.212728
0.26 0.211993
0.27 0.211258
0.28 0.210524
0.29 0.20979
0.3 0.209057
0.31 0.208324
0.32 0.207592
0.33 0.206861
0.34 0.20613
0.35 0.2054
0.36 0.204671
0.37 0.203943
0.38 0.203216
0.39 0.202491
0.4 0.201766
0.41 0.201043
0.42 0.200321
0.43 0.199601
0.44 0.198882
0.45 0.198165
0.46 0.19745
0.47 0.196736
0.48 0.196025
0.49 0.195316
0.5 0.194609
0.51 0.193905
0.52 0.193203
0.53 0.192505
0.54 0.191809
0.55 0.191116
0.56 0.190426
0.57 0.189739
0.58 0.189057
0.59 0.188377
0.6 0.187702
0.61 0.187031
0.62 0.186364
0.63 0.185702
0.64 0.185044
0.65 0.184391
0.66 0.183744
0.67 0.183101
0.68 0.182464
0.69 0.181833
0.7 0.181208
0.71 0.18059
0.72 0.179978
0.73 0.179372
0.74 0.178774
0.75 0.178183
0.76 0.177599
0.77 0.177024
0.78 0.176456
0.79 0.175897
0.8 0.175347
0.81 0.174806
0.82 0.174274
0.83 0.173751
0.84 0.173239
0.85 0.172737
0.86 0.172245
0.87 0.171764
0.88 0.171295
0.89 0.170837
0.9 0.170391
0.91 0.169958
0.92 0.169537
0.93 0.169129
0.94 0.168734
0.95 0.168353
0.96 0.167986
0.97 0.167634
0.98 0.167296
0.99 0.166974
1 0.166667
1.01 0.166376
1.02 0.166101
1.03 0.165843
1.04 0.165602
1.05 0.165379
1.06 0.165173
1.07 0.164986
1.08 0.164817
1.09 0.164667
1.1 0.164537
1.11 0.164426
1.12 0.164336
1.13 0.164266
1.14 0.164217
1.15 0.164189
1.16 0.164184
1.17 0.1642
1.18 0.164239
1.19 0.1643
1.2 0.164385
1.21 0.164493
1.22 0.164625
1.23 0.164782
1.24 0.164963
1.25 0.16517
1.26 0.165401
1.27 0.165658
1.28 0.165942
1.29 0.166251
1.3 0.166588
1.31 0.166951
1.32 0.167342
1.33 0.16776
1.34 0.168206
1.35 0.16868
1.36 0.169183
1.37 0.169714
1.38 0.170275
1.39 0.170864
1.4 0.171483
1.41 0.172132
1.42 0.17281
1.43 0.173519
1.44 0.174258
1.45 0.175027
1.46 0.175827
1.47 0.176658
1.48 0.17752
1.49 0.178413
1.5 0.179337
1.51 0.180293
1.52 0.18128
1.53 0.182298
1.54 0.183348
1.55 0.18443
1.56 0.185543
1.57 0.186689
1.58 0.187866
1.59 0.189074
1.6 0.190315
1.61 0.191588
1.62 0.192892
1.63 0.194228
1.64 0.195596
1.65 0.196995
1.66 0.198426
1.67 0.199889
1.68 0.201383
1.69 0.202909
1.7 0.204466
1.71 0.206054
1.72 0.207673
1.73 0.209323
1.74 0.211004
1.75 0.212716
1.76 0.214459
1.77 0.216232
1.78 0.218035
1.79 0.219869
1.8 0.221733
1.81 0.223626
1.82 0.22555
1.83 0.227503
1.84 0.229486
1.85 0.231498
1.86 0.23354
1.87 0.23561
1.88 0.23771
1.89 0.239839
1.9 0.241996
1.91 0.244182
1.92 0.246397
1.93 0.248641
1.94 0.250913
1.95 0.253213
1.96 0.255542
1.97 0.257899
1.98 0.260284
1.99 0.262697
2 0.265139
2.01 0.267608
2.02 0.270106
2.03 0.272632
2.04 0.275186
2.05 0.277768
2.06 0.280379
2.07 0.283017
2.08 0.285684
2.09 0.288379
2.1 0.291102
2.11 0.293854
2.12 0.296634
2.13 0.299442
2.14 0.302279
2.15 0.305145
2.16 0.308039
2.17 0.310962
2.18 0.313914
2.19 0.316894
2.2 0.319904
2.21 0.322942
2.22 0.326009
2.23 0.329105
2.24 0.332231
2.25 0.335385
2.26 0.338569
2.27 0.341781
2.28 0.345023
2.29 0.348294
2.3 0.351594
2.31 0.354924
2.32 0.358282
2.33 0.36167
2.34 0.365087
2.35 0.368533
2.36 0.372008
2.37 0.375512
2.38 0.379045
2.39 0.382607
2.4 0.386197
2.41 0.389817
2.42 0.393465
2.43 0.397141
2.44 0.400846
2.45 0.404579
2.46 0.408341
2.47 0.412131
2.48 0.415949
2.49 0.419794
2.5 0.423668
2.51 0.427569
2.52 0.431498
2.53 0.435454
2.54 0.439437
2.55 0.443447
2.56 0.447485
2.57 0.451549
2.58 0.45564
2.59 0.459757
2.6 0.463901
2.61 0.46807
2.62 0.472266
2.63 0.476488
2.64 0.480735
2.65 0.485008
2.66 0.489306
2.67 0.49363
2.68 0.497978
2.69 0.502351
2.7 0.506749
2.71 0.511171
2.72 0.515617
2.73 0.520087
2.74 0.524581
2.75 0.529099
2.76 0.53364
2.77 0.538204
2.78 0.542791
2.79 0.547401
2.8 0.552033
2.81 0.556687
2.82 0.561364
2.83 0.566062
2.84 0.570781
2.85 0.575522
2.86 0.580284
2.87 0.585066
2.88 0.589869
2.89 0.594692
2.9 0.599535
2.91 0.604397
2.92 0.609279
2.93 0.614179
2.94 0.619099
2.95 0.624036
2.96 0.628992
2.97 0.633966
2.98 0.638957
2.99 0.643966
3 0.648991
3.01 0.654033
3.02 0.659091
3.03 0.664166
3.04 0.669256
3.05 0.674361
3.06 0.679481
3.07 0.684616
3.08 0.689766
3.09 0.69493
3.1 0.700107
3.11 0.705298
3.12 0.710503
3.13 0.71572
3.14 0.72095
3.15 0.726192
3.16 0.731447
3.17 0.736713
3.18 0.741991
3.19 0.74728
3.2 0.75258
3.21 0.757891
3.22 0.763212
3.23 0.768544
3.24 0.773885
3.25 0.779236
3.26 0.784597
3.27 0.789967
3.28 0.795346
3.29 0.800734
3.3 0.806131
3.31 0.811536
3.32 0.81695
3.33 0.822371
3.34 0.827801
3.35 0.833238
3.36 0.838682
3.37 0.844134
3.38 0.849594
3.39 0.85506
3.4 0.860534
3.41 0.866014
3.42 0.871501
3.43 0.876994
3.44 0.882494
3.45 0.888001
3.46 0.893514
3.47 0.899033
3.48 0.904558
3.49 0.910089
3.5 0.915626
3.51 0.921169
3.52 0.926718
3.53 0.932273
3.54 0.937834
3.55 0.9434
3.56 0.948972
3.57 0.95455
3.58 0.960134
3.59 0.965723
3.6 0.971318
3.61 0.976918
3.62 0.982525
3.63 0.988137
3.64 0.993754
3.65 0.999378
3.66 1.00501
3.67 1.01064
3.68 1.01628
3.69 1.02193
3.7 1.02758
3.71 1.03324
3.72 1.0389
3.73 1.04457
3.74 1.05025
3.75 1.05593
3.76 1.06162
3.77 1.06732
3.78 1.07302
3.79 1.07873
3.8 1.08444
3.81 1.09016
3.82 1.09589
3.83 1.10162
3.84 1.10736
3.85 1.11311
3.86 1.11887
3.87 1.12463
3.88 1.1304
3.89 1.13617
3.9 1.14196
3.91 1.14775
3.92 1.15354
3.93 1.15935
3.94 1.16516
3.95 1.17098
3.96 1.17681
3.97 1.18265
3.98 1.18849
3.99 1.19434
4 1.2002
4.01 1.20607
4.02 1.21195
4.03 1.21783
4.04 1.22373
4.05 1.22963
4.06 1.23554
4.07 1.24146
4.08 1.24739
4.09 1.25332
4.1 1.25927
4.11 1.26522
4.12 1.27118
4.13 1.27716
4.14 1.28314
4.15 1.28913
4.16 1.29513
4.17 1.30113
4.18 1.30715
4.19 1.31318
4.2 1.31921
4.21 1.32526
4.22 1.33131
4.23 1.33737
4.24 1.34345
4.25 1.34953
4.26 1.35562
4.27 1.36172
4.28 1.36783
4.29 1.37395
4.3 1.38008
4.31 1.38621
4.32 1.39236
4.33 1.39852
4.34 1.40468
4.35 1.41086
4.36 1.41704
4.37 1.42324
4.38 1.42944
4.39 1.43565
4.4 1.44187
4.41 1.4481
4.42 1.45434
4.43 1.46058
4.44 1.46684
4.45 1.4731
4.46 1.47938
4.47 1.48566
4.48 1.49195
4.49 1.49824
4.5 1.50455
4.51 1.51087
4.52 1.51719
4.53 1.52352
4.54 1.52986
4.55 1.5362
4.56 1.54256
4.57 1.54892
4.58 1.55529
4.59 1.56166
4.6 1.56804
4.61 1.57443
4.62 1.58083
4.63 1.58724
4.64 1.59365
4.65 1.60006
4.66 1.60648
4.67 1.61291
4.68 1.61935
4.69 1.62579
4.7 1.63224
4.71 1.63869
4.72 1.64515
4.73 1.65161
4.74 1.65808
4.75 1.66455
4.76 1.67103
4.77 1.67751
4.78 1.684
4.79 1.69049
4.8 1.69699
4.81 1.70349
4.82 1.71
4.83 1.71651
4.84 1.72302
4.85 1.72954
4.86 1.73606
4.87 1.74258
4.88 1.74911
4.89 1.75564
4.9 1.76217
4.91 1.7687
4.92 1.77524
4.93 1.78179
4.94 1.78833
4.95 1.79488
4.96 1.80143
4.97 1.80798
4.98 1.81453
4.99 1.82109
5 1.82765
5.01 1.83421
5.02 1.84078
5.03 1.84735
5.04 1.85391
5.05 1.86049
5.06 1.86706
5.07 1.87363
5.08 1.88021
5.09 1.88679
5.1 1.89338
5.11 1.89996
5.12 1.90655
5.13 1.91314
5.14 1.91973
5.15 1.92633
5.16 1.93292
5.17 1.93953
5.18 1.94613
5.19 1.95274
5.2 1.95935
5.21 1.96596
5.22 1.97258
5.23 1.9792
5.24 1.98583
5.25 1.99246
5.26 1.99909
5.27 2.00573
5.28 2.01238
5.29 2.01902
5.3 2.02568
5.31 2.03234
5.32 2.039
5.33 2.04568
5.34 2.05236
5.35 2.05904
5.36 2.06573
5.37 2.07244
5.38 2.07914
5.39 2.08586
5.4 2.09258
5.41 2.09932
5.42 2.10606
5.43 2.11282
5.44 2.11958
5.45 2.12635
5.46 2.13314
5.47 2.13993
5.48 2.14674
5.49 2.15356
5.5 2.1604
5.51 2.16724
5.52 2.1741
5.53 2.18098
5.54 2.18787
5.55 2.19477
5.56 2.20169
5.57 2.20863
5.58 2.21558
5.59 2.22255
5.6 2.22954
5.61 2.23654
5.62 2.24357
5.63 2.25061
5.64 2.25768
5.65 2.26476
5.66 2.27186
5.67 2.27899
5.68 2.28614
5.69 2.29331
5.7 2.3005
5.71 2.30772
5.72 2.31496
5.73 2.32223
5.74 2.32952
5.75 2.33683
5.76 2.34418
5.77 2.35155
5.78 2.35894
5.79 2.36637
5.8 2.37382
5.81 2.3813
5.82 2.38881
5.83 2.39635
5.84 2.40391
5.85 2.41151
5.86 2.41914
5.87 2.4268
5.88 2.4345
5.89 2.44222
5.9 2.44998
5.91 2.45777
5.92 2.46559
5.93 2.47345
5.94 2.48134
5.95 2.48926
5.96 2.49722
5.97 2.50522
5.98 2.51325
5.99 2.52131
6 2.52941
6.01 2.53755
6.02 2.54572
6.03 2.55393
6.04 2.56217
6.05 2.57045
6.06 2.57877
6.07 2.58712
6.08 2.59551
6.09 2.60394
6.1 2.6124
6.11 2.6209
6.12 2.62944
6.13 2.63801
6.14 2.64662
6.15 2.65527
6.16 2.66395
6.17 2.67267
6.18 2.68143
6.19 2.69022
6.2 2.69905
6.21 2.70791
6.22 2.71681
6.23 2.72575
6.24 2.73472
6.25 2.74372
6.26 2.75276
6.27 2.76183
6.28 2.77094
6.29 2.78008
6.3 2.78925
6.31 2.79846
6.32 2.80769
6.33 2.81696
6.34 2.82626
6.35 2.83559
6.36 2.84495
6.37 2.85434
6.38 2.86375
6.39 2.8732
6.4 2.88267
6.41 2.89217
6.42 2.90169
6.43 2.91124
6.44 2.92082
6.45 2.93042
6.46 2.94004
6.47 2.94969
6.48 2.95936
6.49 2.96905
6.5 2.97875
6.51 2.98848
6.52 2.99823
6.53 3.008
6.54 3.01778
6.55 3.02758
6.56 3.03739
6.57 3.04722
6.58 3.05707
6.59 3.06692
6.6 3.07679
6.61 3.08667
6.62 3.09656
6.63 3.10646
6.64 3.11637
6.65 3.12629
6.66 3.13622
6.67 3.14615
6.68 3.15608
6.69 3.16602
6.7 3.17597
6.71 3.18591
6.72 3.19586
6.73 3.20581
6.74 3.21576
6.75 3.22571
6.76 3.23566
6.77 3.24561
6.78 3.25555
6.79 3.26549
6.8 3.27543
6.81 3.28536
6.82 3.29528
6.83 3.3052
6.84 3.31511
6.85 3.32501
6.86 3.33491
6.87 3.34479
6.88 3.35466
6.89 3.36452
6.9 3.37437
6.91 3.38421
6.92 3.39403
6.93 3.40384
6.94 3.41363
6.95 3.42341
6.96 3.43318
6.97 3.44292
6.98 3.45265
6.99 3.46237
7 3.47206
7.01 3.48174
7.02 3.49139
7.03 3.50103
7.04 3.51064
7.05 3.52024
7.06 3.52981
7.07 3.53936
7.08 3.54889
7.09 3.55839
7.1 3.56787
7.11 3.57732
7.12 3.58675
7.13 3.59616
7.14 3.60553
7.15 3.61489
7.16 3.62421
7.17 3.63351
7.18 3.64277
7.19 3.65201
7.2 3.66122
7.21 3.6704
7.22 3.67955
7.23 3.68867
7.24 3.69776
7.25 3.70681
7.26 3.71583
7.27 3.72482
7.28 3.73377
7.29 3.74269
7.3 3.75157
7.31 3.76042
7.32 3.76923
7.33 3.77801
7.34 3.78674
7.35 3.79544
7.36 3.8041
7.37 3.81272
7.38 3.8213
7.39 3.82983
7.4 3.83833
7.41 3.84678
7.42 3.85519
7.43 3.86355
7.44 3.87187
7.45 3.88015
7.46 3.88837
7.47 3.89656
7.48 3.90469
7.49 3.91277
7.5 3.92081
7.51 3.92879
7.52 3.93672
7.53 3.9446
7.54 3.95243
7.55 3.9602
7.56 3.96792
7.57 3.97559
7.58 3.9832
7.59 3.99075
7.6 3.99824
7.61 4.00568
7.62 4.01305
7.63 4.02037
7.64 4.02762
7.65 4.03481
7.66 4.04194
7.67 4.049
7.68 4.05601
7.69 4.06294
7.7 4.06981
7.71 4.07661
7.72 4.08335
7.73 4.09001
7.74 4.09661
7.75 4.10314
7.76 4.1096
7.77 4.11598
7.78 4.1223
7.79 4.12854
7.8 4.1347
7.81 4.1408
7.82 4.14681
7.83 4.15276
7.84 4.15862
7.85 4.16441
7.86 4.17013
7.87 4.17576
7.88 4.18132
7.89 4.1868
7.9 4.19219
7.91 4.19751
7.92 4.20275
7.93 4.20791
7.94 4.21299
7.95 4.21798
7.96 4.22289
7.97 4.22772
7.98 4.23247
7.99 4.23714
8 4.24172
8.01 4.24622
8.02 4.25063
8.03 4.25496
8.04 4.25921
8.05 4.26337
8.06 4.26745
8.07 4.27145
8.08 4.27536
8.09 4.27918
8.1 4.28292
8.11 4.28658
8.12 4.29015
8.13 4.29363
8.14 4.29703
8.15 4.30035
8.16 4.30358
8.17 4.30673
8.18 4.30979
8.19 4.31277
8.2 4.31567
8.21 4.31848
8.22 4.32121
8.23 4.32385
8.24 4.32641
8.25 4.32889
8.26 4.33129
8.27 4.3336
8.28 4.33583
8.29 4.33798
8.3 4.34005
8.31 4.34204
8.32 4.34395
8.33 4.34578
8.34 4.34753
8.35 4.34919
8.36 4.35079
8.37 4.3523
8.38 4.35373
8.39 4.35509
8.4 4.35637
8.41 4.35757
8.42 4.3587
8.43 4.35976
8.44 4.36074
8.45 4.36164
8.46 4.36247
8.47 4.36323
8.48 4.36392
8.49 4.36454
8.5 4.36508
8.51 4.36556
8.52 4.36596
8.53 4.3663
8.54 4.36657
8.55 4.36677
8.56 4.3669
8.57 4.36697
8.58 4.36697
8.59 4.36691
8.6 4.36678
8.61 4.36659
8.62 4.36633
8.63 4.36602
8.64 4.36564
8.65 4.3652
8.66 4.36471
8.67 4.36415
8.68 4.36353
8.69 4.36286
8.7 4.36213
8.71 4.36135
8.72 4.3605
8.73 4.35961
8.74 4.35866
8.75 4.35766
8.76 4.3566
8.77 4.35549
8.78 4.35433
8.79 4.35313
8.8 4.35187
8.81 4.35056
8.82 4.34921
8.83 4.3478
8.84 4.34635
8.85 4.34486
8.86 4.34332
8.87 4.34173
8.88 4.34011
8.89 4.33843
8.9 4.33672
8.91 4.33496
8.92 4.33317
8.93 4.33133
8.94 4.32946
8.95 4.32754
8.96 4.32559
8.97 4.3236
8.98 4.32157
8.99 4.3195
9 4.3174
9.01 4.31527
9.02 4.3131
9.03 4.3109
9.04 4.30866
9.05 4.3064
9.06 4.3041
9.07 4.30177
9.08 4.2994
9.09 4.29701
9.1 4.29459
9.11 4.29214
9.12 4.28967
9.13 4.28716
9.14 4.28463
9.15 4.28207
9.16 4.27949
9.17 4.27688
9.18 4.27424
9.19 4.27158
9.2 4.2689
9.21 4.26619
9.22 4.26347
9.23 4.26071
9.24 4.25794
9.25 4.25515
9.26 4.25233
9.27 4.2495
9.28 4.24664
9.29 4.24377
9.3 4.24087
9.31 4.23796
9.32 4.23503
9.33 4.23208
9.34 4.22912
9.35 4.22613
9.36 4.22314
9.37 4.22012
9.38 4.21709
9.39 4.21404
9.4 4.21098
9.41 4.20791
9.42 4.20482
9.43 4.20172
9.44 4.1986
9.45 4.19547
9.46 4.19233
9.47 4.18917
9.48 4.18601
9.49 4.18283
9.5 4.17964
9.51 4.17644
9.52 4.17323
9.53 4.17
9.54 4.16677
9.55 4.16353
9.56 4.16028
9.57 4.15702
9.58 4.15375
9.59 4.15047
9.6 4.14718
9.61 4.14388
9.62 4.14058
9.63 4.13727
9.64 4.13395
9.65 4.13062
9.66 4.12729
9.67 4.12395
9.68 4.1206
9.69 4.11725
9.7 4.11389
9.71 4.11053
9.72 4.10716
9.73 4.10378
9.74 4.1004
9.75 4.09701
9.76 4.09362
9.77 4.09022
9.78 4.08682
9.79 4.08342
9.8 4.08001
9.81 4.0766
9.82 4.07318
9.83 4.06976
9.84 4.06634
9.85 4.06291
9.86 4.05948
9.87 4.05605
9.88 4.05262
9.89 4.04918
9.9 4.04574
9.91 4.0423
9.92 4.03885
9.93 4.03541
9.94 4.03196
9.95 4.02851
9.96 4.02506
9.97 4.02161
9.98 4.01816
9.99 4.0147
10 4.01125
10.001 0
