0 5
0.01 4.19246
0.02 4.19406
0.03 4.19567
0.04 4.19729
0.05 4.19892
0.06 4.20056
0.07 4.20221
0.08 4.20388
0.09 4.20555
0.1 4.20723
0.11 4.20893
0.12 4.21064
0.13 4.21236
0.14 4.21409
0.15 4.21583
0.16 4.21758
0.17 4.21935
0.18 4.22113
0.19 4.22292
0.2 4.22472
0.21 4.22654
0.22 4.22836
0.23 4.23021
0.24 4.23206
0.25 4.23393
0.26 4.23581
0.27 4.2377
0.28 4.23961
0.29 4.24153
0.3 4.24346
0.31 4.24541
0.32 4.24738
0.33 4.24935
0.34 4.25135
0.35 4.25335
0.36 4.25537
0.37 4.25741
0.38 4.25946
0.39 4.26152
0.4 4.26361
0.41 4.2657
0.42 4.26781
0.43 4.26994
0.44 4.27208
0.45 4.27424
0.46 4.27642
0.47 4.27861
0.48 4.28082
0.49 4.28304
0.5 4.28529
0.51 4.28754
0.52 4.28982
0.53 4.29211
0.54 4.29442
0.55 4.29675
0.56 4.2991
0.57 4.30146
0.58 4.30384
0.59 4.30624
0.6 4.30866
0.61 4.3111
0.62 4.31355
0.63 4.31603
0.64 4.31852
0.65 4.32103
0.66 4.32356
0.67 4.32611
0.68 4.32869
0.69 4.33128
0.7 4.33389
0.71 4.33652
0.72 4.33917
0.73 4.34184
0.74 4.34454
0.75 4.34725
0.76 4.34999
0.77 4.35275
0.78 4.35553
0.79 4.35833
0.8 4.36115
0.81 4.364
0.82 4.36686
0.83 4.36975
0.84 4.37267
0.85 4.37561
0.86 4.37857
0.87 4.38155
0.88 4.38456
0.89 4.38759
0.9 4.39065
0.91 4.39373
0.92 4.39684
0.93 4.39997
0.94 4.40313
0.95 4.40632
0.96 4.40953
0.97 4.41277
0.98 4.41603
0.99 4.41932
1 4.42264
1.01 4.42599
1.02 4.42937
1.03 4.43277
1.04 4.43621
1.05 4.43967
1.06 4.44316
1.07 4.44669
1.08 4.45024
1.09 4.45383
1.1 4.45744
1.11 4.46109
1.12 4.46477
1.13 4.46849
1.14 4.47224
1.15 4.47602
1.16 4.47983
1.17 4.48369
1.18 4.48757
1.19 4.4915
1.2 4.49546
1.21 4.49945
1.22 4.50349
1.23 4.50756
1.24 4.51167
1.25 4.51583
1.26 4.52002
1.27 4.52425
1.28 4.52852
1.29 4.53284
1.3 4.5372
1.31 4.5416
1.32 4.54605
1.33 4.55054
1.34 4.55508
1.35 4.55966
1.36 4.56429
1.37 4.56897
1.38 4.5737
1.39 4.57847
1.4 4.5833
1.41 4.58817
1.42 4.5931
1.43 4.59808
1.44 4.60311
1.45 4.6082
1.46 4.61334
1.47 4.61854
1.48 4.62379
1.49 4.6291
1.5 4.63446
1.51 4.63989
1.52 4.64537
1.53 4.65091
1.54 4.65652
1.55 4.66218
1.56 4.66791
1.57 4.67369
1.58 4.67955
1.59 4.68546
1.6 4.69144
1.61 4.69748
1.62 4.70359
1.63 4.70977
1.64 4.71601
1.65 4.72231
1.66 4.72869
1.67 4.73513
1.68 4.74164
1.69 4.74822
1.7 4.75487
1.71 4.76158
1.72 4.76837
1.73 4.77522
1.74 4.78214
1.75 4.78913
1.76 4.79619
1.77 4.80332
1.78 4.81051
1.79 4.81778
1.8 4.82511
1.81 4.83251
1.82 4.83998
1.83 4.84751
1.84 4.85511
1.85 4.86277
1.86 4.8705
1.87 4.87829
1.88 4.88614
1.89 4.89406
1.9 4.90203
1.91 4.91007
1.92 4.91816
1.93 4.92631
1.94 4.93451
1.95 4.94277
1.96 4.95107
1.97 4.95943
1.98 4.96784
1.99 4.97629
2 4.98479
2.01 4.99333
2.02 5.0019
2.03 5.01052
2.04 5.01918
2.05 5.02786
2.06 5.03658
2.07 5.04533
2.08 5.0541
2.09 5.0629
2.1 5.07172
2.11 5.08056
2.12 5.08941
2.13 5.09828
2.14 5.10716
2.15 5.11605
2.16 5.12494
2.17 5.13384
2.18 5.14274
2.19 5.15163
2.2 5.16052
2.21 5.1694
2.22 5.17827
2.23 5.18713
2.24 5.19597
2.25 5.20479
2.26 5.21359
2.27 5.22237
2.28 5.23112
2.29 5.23984
2.3 5.24854
2.31 5.25719
2.32 5.26582
2.33 5.2744
2.34 5.28295
2.35 5.29145
2.36 5.29991
2.37 5.30833
2.38 5.31669
2.39 5.32501
2.4 5.33327
2.41 5.34149
2.42 5.34964
2.43 5.35774
2.44 5.36579
2.45 5.37377
2.46 5.3817
2.47 5.38956
2.48 5.39736
2.49 5.40509
2.5 5.41277
2.51 5.42037
2.52 5.42791
2.53 5.43538
2.54 5.44279
2.55 5.45012
2.56 5.45739
2.57 5.46459
2.58 5.47172
2.59 5.47877
2.6 5.48576
2.61 5.49267
2.62 5.49952
2.63 5.50629
2.64 5.51299
2.65 5.51962
2.66 5.52618
2.67 5.53267
2.68 5.53909
2.69 5.54543
2.7 5.55171
2.71 5.55791
2.72 5.56405
2.73 5.57011
2.74 5.5761
2.75 5.58203
2.76 5.58788
2.77 5.59367
2.78 5.59939
2.79 5.60504
2.8 5.61063
2.81 5.61614
2.82 5.62159
2.83 5.62698
2.84 5.6323
2.85 5.63756
2.86 5.64275
2.87 5.64788
2.88 5.65294
2.89 5.65795
2.9 5.66289
2.91 5.66778
2.92 5.6726
2.93 5.67736
2.94 5.68207
2.95 5.68671
2.96 5.69131
2.97 5.69584
2.98 5.70032
2.99 5.70474
3 5.70911
3.01 5.71342
3.02 5.71768
3.03 5.72189
3.04 5.72605
3.05 5.73016
3.06 5.73421
3.07 5.73822
3.08 5.74218
3.09 5.74609
3.1 5.74995
3.11 5.75377
3.12 5.75754
3.13 5.76126
3.14 5.76494
3.15 5.76858
3.16 5.77217
3.17 5.77572
3.18 5.77923
3.19 5.78269
3.2 5.78612
3.21 5.7895
3.22 5.79285
3.23 5.79615
3.24 5.79942
3.25 5.80265
3.26 5.80584
3.27 5.809
3.28 5.81212
3.29 5.8152
3.3 5.81825
3.31 5.82127
3.32 5.82425
3.33 5.8272
3.34 5.83011
3.35 5.833
3.36 5.83585
3.37 5.83867
3.38 5.84146
3.39 5.84422
3.4 5.84694
3.41 5.84964
3.42 5.85232
3.43 5.85496
3.44 5.85757
3.45 5.86016
3.46 5.86272
3.47 5.86526
3.48 5.86776
3.49 5.87025
3.5 5.8727
3.51 5.87514
3.52 5.87754
3.53 5.87993
3.54 5.88229
3.55 5.88463
3.56 5.88694
3.57 5.88923
3.58 5.8915
3.59 5.89375
3.6 5.89597
3.61 5.89818
3.62 5.90036
3.63 5.90253
3.64 5.90467
3.65 5.9068
3.66 5.9089
3.67 5.91099
3.68 5.91305
3.69 5.9151
3.7 5.91713
3.71 5.91914
3.72 5.92114
3.73 5.92312
3.74 5.92508
3.75 5.92702
3.76 5.92895
3.77 5.93086
3.78 5.93275
3.79 5.93463
3.8 5.93649
3.81 5.93834
3.82 5.94017
3.83 5.94199
3.84 5.9438
3.85 5.94559
3.86 5.94736
3.87 5.94912
3.88 5.95087
3.89 5.9526
3.9 5.95433
3.91 5.95603
3.92 5.95773
3.93 5.95941
3.94 5.96108
3.95 5.96274
3.96 5.96438
3.97 5.96602
3.98 5.96764
3.99 5.96925
4 5.97085
4.01 5.97244
4.02 5.97401
4.03 5.97558
4.04 5.97714
4.05 5.97868
4.06 5.98022
4.07 5.98174
4.08 5.98325
4.09 5.98476
4.1 5.98625
4.11 5.98774
4.12 5.98921
4.13 5.99068
4.14 5.99213
4.15 5.99358
4.16 5.99502
4.17 5.99645
4.18 5.99787
4.19 5.99928
4.2 6.00069
4.21 6.00208
4.22 6.00347
4.23 6.00485
4.24 6.00622
4.25 6.00758
4.26 6.00894
4.27 6.01028
4.28 6.01162
4.29 6.01295
4.3 6.01428
4.31 6.0156
4.32 6.01691
4.33 6.01821
4.34 6.0195
4.35 6.02079
4.36 6.02208
4.37 6.02335
4.38 6.02462
4.39 6.02588
4.4 6.02714
4.41 6.02839
4.42 6.02963
4.43 6.03086
4.44 6.03209
4.45 6.03332
4.46 6.03454
4.47 6.03575
4.48 6.03695
4.49 6.03815
4.5 6.03935
4.51 6.04054
4.52 6.04172
4.53 6.0429
4.54 6.04407
4.55 6.04524
4.56 6.0464
4.57 6.04755
4.58 6.04871
4.59 6.04985
4.6 6.05099
4.61 6.05213
4.62 6.05326
4.63 6.05439
4.64 6.05551
4.65 6.05662
4.66 6.05773
4.67 6.05884
4.68 6.05994
4.69 6.06104
4.7 6.06214
4.71 6.06323
4.72 6.06431
4.73 6.06539
4.74 6.06647
4.75 6.06754
4.76 6.06861
4.77 6.06967
4.78 6.07073
4.79 6.07179
4.8 6.07284
4.81 6.07389
4.82 6.07494
4.83 6.07598
4.84 6.07702
4.85 6.07805
4.86 6.07908
4.87 6.08011
4.88 6.08113
4.89 6.08215
4.9 6.08317
4.91 6.08418
4.92 6.0852
4.93 6.0862
4.94 6.08721
4.95 6.08821
4.96 6.08921
4.97 6.09021
4.98 6.0912
4.99 6.09219
5 6.09318
5.01 6.09416
5.02 6.09515
5.03 6.09613
5.04 6.09711
5.05 6.09808
5.06 6.09906
5.07 6.10003
5.08 6.101
5.09 6.10196
5.1 6.10293
5.11 6.10389
5.12 6.10485
5.13 6.10581
5.14 6.10677
5.15 6.10772
5.16 6.10867
5.17 6.10963
5.18 6.11058
5.19 6.11152
5.2 6.11247
5.21 6.11342
5.22 6.11436
5.23 6.1153
5.24 6.11624
5.25 6.11718
5.26 6.11812
5.27 6.11906
5.28 6.12
5.29 6.12093
5.3 6.12187
5.31 6.1228
5.32 6.12373
5.33 6.12466
5.34 6.12559
5.35 6.12652
5.36 6.12745
5.37 6.12838
5.38 6.1293
5.39 6.13023
5.4 6.13115
5.41 6.13208
5.42 6.133
5.43 6.13392
5.44 6.13485
5.45 6.13577
5.46 6.13669
5.47 6.13761
5.48 6.13853
5.49 6.13945
5.5 6.14036
5.51 6.14128
5.52 6.1422
5.53 6.14311
5.54 6.14403
5.55 6.14494
5.56 6.14585
5.57 6.14677
5.58 6.14768
5.59 6.14859
5.6 6.1495
5.61 6.1504
5.62 6.15131
5.63 6.15222
5.64 6.15312
5.65 6.15402
5.66 6.15493
5.67 6.15583
5.68 6.15672
5.69 6.15762
5.7 6.15852
5.71 6.15941
5.72 6.1603
5.73 6.16119
5.74 6.16207
5.75 6.16296
5.76 6.16384
5.77 6.16472
5.78 6.16559
5.79 6.16646
5.8 6.16733
5.81 6.1682
5.82 6.16906
5.83 6.16992
5.84 6.17077
5.85 6.17162
5.86 6.17246
5.87 6.1733
5.88 6.17414
5.89 6.17497
5.9 6.17579
5.91 6.17661
5.92 6.17742
5.93 6.17823
5.94 6.17902
5.95 6.17982
5.96 6.1806
5.97 6.18138
5.98 6.18214
5.99 6.1829
6 6.18365
6.01 6.18439
6.02 6.18513
6.03 6.18585
6.04 6.18656
6.05 6.18726
6.06 6.18795
6.07 6.18862
6.08 6.18929
6.09 6.18994
6.1 6.19058
6.11 6.1912
6.12 6.19181
6.13 6.19241
6.14 6.19299
6.15 6.19355
6.16 6.1941
6.17 6.19463
6.18 6.19514
6.19 6.19564
6.2 6.19611
6.21 6.19657
6.22 6.19701
6.23 6.19742
6.24 6.19782
6.25 6.19819
6.26 6.19854
6.27 6.19887
6.28 6.19917
6.29 6.19945
6.3 6.1997
6.31 6.19992
6.32 6.20012
6.33 6.20029
6.34 6.20043
6.35 6.20055
6.36 6.20063
6.37 6.20068
6.38 6.2007
6.39 6.20069
6.4 6.20064
6.41 6.20056
6.42 6.20045
6.43 6.2003
6.44 6.20011
6.45 6.19989
6.46 6.19962
6.47 6.19932
6.48 6.19898
6.49 6.19859
6.5 6.19817
6.51 6.1977
6.52 6.19719
6.53 6.19663
6.54 6.19603
6.55 6.19538
6.56 6.19468
6.57 6.19394
6.58 6.19314
6.59 6.1923
6.6 6.1914
6.61 6.19045
6.62 6.18945
6.63 6.1884
6.64 6.18729
6.65 6.18612
6.66 6.1849
6.67 6.18362
6.68 6.18228
6.69 6.18088
6.7 6.17942
6.71 6.1779
6.72 6.17632
6.73 6.17467
6.74 6.17296
6.75 6.17119
6.76 6.16935
6.77 6.16744
6.78 6.16546
6.79 6.16342
6.8 6.1613
6.81 6.15912
6.82 6.15686
6.83 6.15454
6.84 6.15214
6.85 6.14966
6.86 6.14711
6.87 6.14449
6.88 6.14179
6.89 6.13901
6.9 6.13616
6.91 6.13323
6.92 6.13022
6.93 6.12713
6.94 6.12396
6.95 6.1207
6.96 6.11737
6.97 6.11396
6.98 6.11046
6.99 6.10688
7 6.10322
7.01 6.09947
7.02 6.09564
7.03 6.09172
7.04 6.08772
7.05 6.08363
7.06 6.07946
7.07 6.0752
7.08 6.07086
7.09 6.06642
7.1 6.0619
7.11 6.0573
7.12 6.05261
7.13 6.04783
7.14 6.04296
7.15 6.03801
7.16 6.03297
7.17 6.02784
7.18 6.02262
7.19 6.01732
7.2 6.01194
7.21 6.00646
7.22 6.0009
7.23 5.99526
7.24 5.98953
7.25 5.98372
7.26 5.97782
7.27 5.97184
7.28 5.96577
7.29 5.95963
7.3 5.9534
7.31 5.94709
7.32 5.9407
7.33 5.93423
7.34 5.92769
7.35 5.92106
7.36 5.91436
7.37 5.90759
7.38 5.90074
7.39 5.89381
7.4 5.88681
7.41 5.87975
7.42 5.87261
7.43 5.8654
7.44 5.85813
7.45 5.85079
7.46 5.84338
7.47 5.83591
7.48 5.82838
7.49 5.82079
7.5 5.81314
7.51 5.80543
7.52 5.79767
7.53 5.78985
7.54 5.78198
7.55 5.77406
7.56 5.76608
7.57 5.75806
7.58 5.75
7.59 5.74188
7.6 5.73373
7.61 5.72553
7.62 5.7173
7.63 5.70903
7.64 5.70072
7.65 5.69238
7.66 5.684
7.67 5.6756
7.68 5.66716
7.69 5.6587
7.7 5.65022
7.71 5.64171
7.72 5.63318
7.73 5.62463
7.74 5.61606
7.75 5.60747
7.76 5.59887
7.77 5.59026
7.78 5.58164
7.79 5.573
7.8 5.56437
7.81 5.55572
7.82 5.54707
7.83 5.53842
7.84 5.52977
7.85 5.52111
7.86 5.51246
7.87 5.50382
7.88 5.49518
7.89 5.48655
7.9 5.47792
7.91 5.46931
7.92 5.46071
7.93 5.45212
7.94 5.44354
7.95 5.43498
7.96 5.42644
7.97 5.41792
7.98 5.40942
7.99 5.40094
8 5.39248
8.01 5.38404
8.02 5.37563
8.03 5.36725
8.04 5.35889
8.05 5.35056
8.06 5.34227
8.07 5.334
8.08 5.32576
8.09 5.31756
8.1 5.30939
8.11 5.30125
8.12 5.29315
8.13 5.28508
8.14 5.27705
8.15 5.26906
8.16 5.26111
8.17 5.2532
8.18 5.24533
8.19 5.23749
8.2 5.2297
8.21 5.22196
8.22 5.21425
8.23 5.20659
8.24 5.19897
8.25 5.19139
8.26 5.18387
8.27 5.17638
8.28 5.16894
8.29 5.16155
8.3 5.15421
8.31 5.14691
8.32 5.13966
8.33 5.13245
8.34 5.1253
8.35 5.11819
8.36 5.11114
8.37 5.10413
8.38 5.09717
8.39 5.09026
8.4 5.0834
8.41 5.07658
8.42 5.06982
8.43 5.06311
8.44 5.05645
8.45 5.04984
8.46 5.04328
8.47 5.03677
8.48 5.03031
8.49 5.0239
8.5 5.01754
8.51 5.01124
8.52 5.00498
8.53 4.99877
8.54 4.99261
8.55 4.98651
8.56 4.98045
8.57 4.97445
8.58 4.96849
8.59 4.96259
8.6 4.95673
8.61 4.95093
8.62 4.94517
8.63 4.93946
8.64 4.93381
8.65 4.9282
8.66 4.92264
8.67 4.91713
8.68 4.91167
8.69 4.90626
8.7 4.9009
8.71 4.89558
8.72 4.89031
8.73 4.88509
8.74 4.87992
8.75 4.87479
8.76 4.86971
8.77 4.86468
8.78 4.85969
8.79 4.85475
8.8 4.84986
8.81 4.84501
8.82 4.84021
8.83 4.83545
8.84 4.83074
8.85 4.82607
8.86 4.82144
8.87 4.81686
8.88 4.81232
8.89 4.80783
8.9 4.80337
8.91 4.79897
8.92 4.7946
8.93 4.79027
8.94 4.78599
8.95 4.78175
8.96 4.77754
8.97 4.77338
8.98 4.76926
8.99 4.76518
9 4.76114
9.01 4.75714
9.02 4.75317
9.03 4.74925
9.04 4.74536
9.05 4.74151
9.06 4.7377
9.07 4.73393
9.08 4.73019
9.09 4.72649
9.1 4.72282
9.11 4.71919
9.12 4.7156
9.13 4.71204
9.14 4.70852
9.15 4.70503
9.16 4.70157
9.17 4.69815
9.18 4.69477
9.19 4.69141
9.2 4.68809
9.21 4.6848
9.22 4.68154
9.23 4.67832
9.24 4.67512
9.25 4.67196
9.26 4.66883
9.27 4.66573
9.28 4.66266
9.29 4.65962
9.3 4.6566
9.31 4.65362
9.32 4.65067
9.33 4.64774
9.34 4.64485
9.35 4.64198
9.36 4.63914
9.37 4.63632
9.38 4.63354
9.39 4.63078
9.4 4.62805
9.41 4.62534
9.42 4.62266
9.43 4.62
9.44 4.61737
9.45 4.61477
9.46 4.61219
9.47 4.60963
9.48 4.6071
9.49 4.60459
9.5 4.60211
9.51 4.59965
9.52 4.59721
9.53 4.5948
9.54 4.59241
9.55 4.59004
9.56 4.58769
9.57 4.58537
9.58 4.58306
9.59 4.58078
9.6 4.57852
9.61 4.57628
9.62 4.57406
9.63 4.57186
9.64 4.56968
9.65 4.56752
9.66 4.56538
9.67 4.56326
9.68 4.56116
9.69 4.55908
9.7 4.55702
9.71 4.55497
9.72 4.55295
9.73 4.55094
9.74 4.54895
9.75 4.54698
9.76 4.54502
9.77 4.54309
9.78 4.54117
9.79 4.53926
9.8 4.53738
9.81 4.53551
9.82 4.53366
9.83 4.53182
9.84 4.53
9.85 4.52819
9.86 4.5264
9.87 4.52463
9.88 4.52287
9.89 4.52112
9.9 4.51939
9.91 4.51768
9.92 4.51598
9.93 4.51429
9.94 4.51262
9.95 4.51097
9.96 4.50932
9.97 4.50769
9.98 4.50608
9.99 4.50448
10 4.50289
10.001 5
