0 0
0.01 0.175989
0.02 0.175276
0.03 0.174583
0.04 0.173912
0.05 0.173261
0.06 0.172632
0.07 0.172024
0.08 0.171438
0.09 0.170875
0.1 0.170334
0.11 0.169816
0.12 0.169321
0.13 0.16885
0.14 0.168402
0.15 0.167978
0.16 0.167579
0.17 0.167205
0.18 0.166855
0.19 0.16653
0.2 0.166231
0.21 0.165958
0.22 0.165711
0.23 0.16549
0.24 0.165296
0.25 0.165129
0.26 0.164988
0.27 0.164875
0.28 0.16479
0.29 0.164733
0.3 0.164704
0.31 0.164703
0.32 0.164731
0.33 0.164788
0.34 0.164874
0.35 0.164989
0.36 0.165134
0.37 0.165308
0.38 0.165513
0.39 0.165748
0.4 0.166013
0.41 0.166308
0.42 0.166634
0.43 0.166991
0.44 0.16738
0.45 0.167799
0.46 0.16825
0.47 0.168732
0.48 0.169246
0.49 0.169791
0.5 0.170369
0.51 0.170978
0.52 0.17162
0.53 0.172293
0.54 0.172999
0.55 0.173737
0.56 0.174507
0.57 0.17531
0.58 0.176145
0.59 0.177012
0.6 0.177911
0.61 0.178843
0.62 0.179808
0.63 0.180804
0.64 0.181833
0.65 0.182894
0.66 0.183987
0.67 0.185112
0.68 0.186269
0.69 0.187458
0.7 0.188678
0.71 0.18993
0.72 0.191213
0.73 0.192527
0.74 0.193873
0.75 0.195249
0.76 0.196655
0.77 0.198092
0.78 0.199558
0.79 0.201055
0.8 0.202581
0.81 0.204136
0.82 0.205719
0.83 0.207332
0.84 0.208972
0.85 0.21064
0.86 0.212335
0.87 0.214058
0.88 0.215806
0.89 0.217581
0.9 0.219382
0.91 0.221208
0.92 0.223058
0.93 0.224933
0.94 0.226832
0.95 0.228753
0.96 0.230698
0.97 0.232664
0.98 0.234652
0.99 0.236661
1 0.23869
1.01 0.24074
1.02 0.242808
1.03 0.244895
1.04 0.247
1.05 0.249123
1.06 0.251262
1.07 0.253417
1.08 0.255588
1.09 0.257774
1.1 0.259973
1.11 0.262187
1.12 0.264413
1.13 0.266651
1.14 0.2689
1.15 0.271161
1.16 0.273431
1.17 0.275711
1.18 0.278
1.19 0.280297
1.2 0.282602
1.21 0.284913
1.22 0.287231
1.23 0.289554
1.24 0.291882
1.25 0.294214
1.26 0.29655
1.27 0.29889
1.28 0.301231
1.29 0.303575
1.3 0.30592
1.31 0.308266
1.32 0.310612
1.33 0.312958
1.34 0.315303
1.35 0.317647
1.36 0.319989
1.37 0.322329
1.38 0.324666
1.39 0.327
1.4 0.329331
1.41 0.331658
1.42 0.33398
1.43 0.336298
1.44 0.338611
1.45 0.340919
1.46 0.343222
1.47 0.345518
1.48 0.347809
1.49 0.350093
1.5 0.352371
1.51 0.354642
1.52 0.356906
1.53 0.359163
1.54 0.361413
1.55 0.363656
1.56 0.365891
1.57 0.368119
1.58 0.370339
1.59 0.372551
1.6 0.374756
1.61 0.376954
1.62 0.379143
1.63 0.381325
1.64 0.3835
1.65 0.385667
1.66 0.387826
1.67 0.389978
1.68 0.392122
1.69 0.394259
1.7 0.396389
1.71 0.398512
1.72 0.400628
1.73 0.402737
1.74 0.404839
1.75 0.406935
1.76 0.409024
1.77 0.411107
1.78 0.413184
1.79 0.415255
1.8 0.41732
1.81 0.419379
1.82 0.421434
1.83 0.423483
1.84 0.425526
1.85 0.427566
1.86 0.4296
1.87 0.43163
1.88 0.433655
1.89 0.435677
1.9 0.437695
1.91 0.439709
1.92 0.441719
1.93 0.443726
1.94 0.44573
1.95 0.447731
1.96 0.449729
1.97 0.451725
1.98 0.453718
1.99 0.455709
2 0.457698
2.01 0.459685
2.02 0.46167
2.03 0.463653
2.04 0.465635
2.05 0.467616
2.06 0.469596
2.07 0.471575
2.08 0.473552
2.09 0.47553
2.1 0.477506
2.11 0.479482
2.12 0.481458
2.13 0.483433
2.14 0.485409
2.15 0.487384
2.16 0.489359
2.17 0.491335
2.18 0.493311
2.19 0.495287
2.2 0.497264
2.21 0.499241
2.22 0.501219
2.23 0.503198
2.24 0.505177
2.25 0.507157
2.26 0.509138
2.27 0.51112
2.28 0.513103
2.29 0.515086
2.3 0.517071
2.31 0.519057
2.32 0.521044
2.33 0.523032
2.34 0.525022
2.35 0.527012
2.36 0.529004
2.37 0.530997
2.38 0.532992
2.39 0.534987
2.4 0.536984
2.41 0.538983
2.42 0.540982
2.43 0.542983
2.44 0.544985
2.45 0.546988
2.46 0.548993
2.47 0.550999
2.48 0.553006
2.49 0.555015
2.5 0.557025
2.51 0.559036
2.52 0.561048
2.53 0.563062
2.54 0.565077
2.55 0.567093
2.56 0.56911
2.57 0.571128
2.58 0.573147
2.59 0.575168
2.6 0.577189
2.61 0.579212
2.62 0.581236
2.63 0.583261
2.64 0.585286
2.65 0.587313
2.66 0.589341
2.67 0.59137
2.68 0.593399
2.69 0.59543
2.7 0.597461
2.71 0.599493
2.72 0.601526
2.73 0.60356
2.74 0.605595
2.75 0.60763
2.76 0.609666
2.77 0.611703
2.78 0.61374
2.79 0.615778
2.8 0.617817
2.81 0.619857
2.82 0.621897
2.83 0.623938
2.84 0.625979
2.85 0.628021
2.86 0.630063
2.87 0.632106
2.88 0.63415
2.89 0.636194
2.9 0.638238
2.91 0.640283
2.92 0.642329
2.93 0.644375
2.94 0.646422
2.95 0.648469
2.96 0.650516
2.97 0.652564
2.98 0.654613
2.99 0.656661
3 0.658711
3.01 0.660761
3.02 0.662811
3.03 0.664862
3.04 0.666913
3.05 0.668965
3.06 0.671017
3.07 0.67307
3.08 0.675123
3.09 0.677177
3.1 0.679231
3.11 0.681286
3.12 0.683342
3.13 0.685398
3.14 0.687454
3.15 0.689511
3.16 0.691569
3.17 0.693628
3.18 0.695687
3.19 0.697747
3.2 0.699807
3.21 0.701868
3.22 0.70393
3.23 0.705993
3.24 0.708057
3.25 0.710121
3.26 0.712186
3.27 0.714253
3.28 0.71632
3.29 0.718388
3.3 0.720457
3.31 0.722527
3.32 0.724598
3.33 0.72667
3.34 0.728743
3.35 0.730818
3.36 0.732894
3.37 0.734971
3.38 0.737049
3.39 0.739128
3.4 0.741209
3.41 0.743291
3.42 0.745375
3.43 0.74746
3.44 0.749547
3.45 0.751635
3.46 0.753725
3.47 0.755817
3.48 0.75791
3.49 0.760006
3.5 0.762102
3.51 0.764201
3.52 0.766302
3.53 0.768405
3.54 0.770509
3.55 0.772616
3.56 0.774725
3.57 0.776836
3.58 0.77895
3.59 0.781065
3.6 0.783183
3.61 0.785304
3.62 0.787427
3.63 0.789552
3.64 0.79168
3.65 0.793811
3.66 0.795944
3.67 0.79808
3.68 0.800219
3.69 0.802361
3.7 0.804506
3.71 0.806653
3.72 0.808804
3.73 0.810958
3.74 0.813115
3.75 0.815276
3.76 0.817439
3.77 0.819606
3.78 0.821777
3.79 0.823951
3.8 0.826128
3.81 0.82831
3.82 0.830494
3.83 0.832683
3.84 0.834876
3.85 0.837072
3.86 0.839273
3.87 0.841477
3.88 0.843686
3.89 0.845898
3.9 0.848115
3.91 0.850337
3.92 0.852563
3.93 0.854793
3.94 0.857027
3.95 0.859267
3.96 0.861511
3.97 0.863759
3.98 0.866013
3.99 0.868271
4 0.870534
4.01 0.872803
4.02 0.875076
4.03 0.877355
4.04 0.879639
4.05 0.881928
4.06 0.884222
4.07 0.886522
4.08 0.888827
4.09 0.891138
4.1 0.893455
4.11 0.895778
4.12 0.898106
4.13 0.90044
4.14 0.90278
4.15 0.905126
4.16 0.907478
4.17 0.909836
4.18 0.912201
4.19 0.914572
4.2 0.916949
4.21 0.919333
4.22 0.921723
4.23 0.92412
4.24 0.926523
4.25 0.928934
4.26 0.931351
4.27 0.933775
4.28 0.936206
4.29 0.938644
4.3 0.941089
4.31 0.943541
4.32 0.946
4.33 0.948467
4.34 0.950942
4.35 0.953423
4.36 0.955913
4.37 0.958409
4.38 0.960914
4.39 0.963426
4.4 0.965946
4.41 0.968474
4.42 0.97101
4.43 0.973554
4.44 0.976107
4.45 0.978667
4.46 0.981235
4.47 0.983812
4.48 0.986398
4.49 0.988991
4.5 0.991594
4.51 0.994204
4.52 0.996824
4.53 0.999452
4.54 1.00209
4.55 1.00474
4.56 1.00739
4.57 1.01005
4.58 1.01273
4.59 1.01541
4.6 1.0181
4.61 1.0208
4.62 1.02351
4.63 1.02623
4.64 1.02896
4.65 1.0317
4.66 1.03445
4.67 1.0372
4.68 1.03997
4.69 1.04275
4.7 1.04553
4.71 1.04833
4.72 1.05114
4.73 1.05396
4.74 1.05678
4.75 1.05962
4.76 1.06247
4.77 1.06532
4.78 1.06819
4.79 1.07107
4.8 1.07396
4.81 1.07686
4.82 1.07977
4.83 1.08269
4.84 1.08562
4.85 1.08856
4.86 1.09152
4.87 1.09448
4.88 1.09745
4.89 1.10044
4.9 1.10344
4.91 1.10644
4.92 1.10946
4.93 1.11249
4.94 1.11553
4.95 1.11859
4.96 1.12165
4.97 1.12473
4.98 1.12781
4.99 1.13091
5 1.13402
5.01 1.13714
5.02 1.14027
5.03 1.14342
5.04 1.14657
5.05 1.14974
5.06 1.15292
5.07 1.15611
5.08 1.15932
5.09 1.16253
5.1 1.16576
5.11 1.169
5.12 1.17225
5.13 1.17551
5.14 1.17879
5.15 1.18207
5.16 1.18537
5.17 1.18868
5.18 1.19201
5.19 1.19534
5.2 1.19869
5.21 1.20205
5.22 1.20543
5.23 1.20881
5.24 1.21221
5.25 1.21562
5.26 1.21904
5.27 1.22248
5.28 1.22593
5.29 1.22939
5.3 1.23286
5.31 1.23635
5.32 1.23984
5.33 1.24336
5.34 1.24688
5.35 1.25041
5.36 1.25396
5.37 1.25753
5.38 1.2611
5.39 1.26469
5.4 1.26829
5.41 1.2719
5.42 1.27553
5.43 1.27916
5.44 1.28282
5.45 1.28648
5.46 1.29016
5.47 1.29385
5.48 1.29755
5.49 1.30127
5.5 1.30499
5.51 1.30874
5.52 1.31249
5.53 1.31626
5.54 1.32004
5.55 1.32383
5.56 1.32764
5.57 1.33146
5.58 1.33529
5.59 1.33914
5.6 1.34299
5.61 1.34687
5.62 1.35075
5.63 1.35465
5.64 1.35856
5.65 1.36248
5.66 1.36642
5.67 1.37037
5.68 1.37433
5.69 1.37831
5.7 1.3823
5.71 1.3863
5.72 1.39031
5.73 1.39434
5.74 1.39838
5.75 1.40244
5.76 1.40651
5.77 1.41059
5.78 1.41468
5.79 1.41879
5.8 1.42291
5.81 1.42704
5.82 1.43119
5.83 1.43535
5.84 1.43952
5.85 1.44371
5.86 1.44791
5.87 1.45212
5.88 1.45635
5.89 1.46059
5.9 1.46484
5.91 1.46911
5.92 1.47339
5.93 1.47768
5.94 1.48199
5.95 1.48631
5.96 1.49064
5.97 1.49499
5.98 1.49935
5.99 1.50373
6 1.50812
6.01 1.51252
6.02 1.51693
6.03 1.52136
6.04 1.52581
6.05 1.53027
6.06 1.53474
6.07 1.53922
6.08 1.54372
6.09 1.54824
6.1 1.55276
6.11 1.55731
6.12 1.56186
6.13 1.56644
6.14 1.57102
6.15 1.57562
6.16 1.58024
6.17 1.58487
6.18 1.58951
6.19 1.59417
6.2 1.59885
6.21 1.60354
6.22 1.60824
6.23 1.61297
6.24 1.6177
6.25 1.62246
6.26 1.62722
6.27 1.63201
6.28 1.63681
6.29 1.64163
6.3 1.64646
6.31 1.65131
6.32 1.65618
6.33 1.66106
6.34 1.66596
6.35 1.67088
6.36 1.67582
6.37 1.68077
6.38 1.68574
6.39 1.69073
6.4 1.69574
6.41 1.70077
6.42 1.70581
6.43 1.71088
6.44 1.71596
6.45 1.72107
6.46 1.72619
6.47 1.73133
6.48 1.7365
6.49 1.74168
6.5 1.74689
6.51 1.75211
6.52 1.75736
6.53 1.76263
6.54 1.76792
6.55 1.77323
6.56 1.77857
6.57 1.78393
6.58 1.78931
6.59 1.79472
6.6 1.80015
6.61 1.80561
6.62 1.81109
6.63 1.81659
6.64 1.82213
6.65 1.82768
6.66 1.83327
6.67 1.83888
6.68 1.84451
6.69 1.85018
6.7 1.85587
6.71 1.8616
6.72 1.86735
6.73 1.87313
6.74 1.87894
6.75 1.88478
6.76 1.89065
6.77 1.89655
6.78 1.90249
6.79 1.90846
6.8 1.91446
6.81 1.92049
6.82 1.92656
6.83 1.93266
6.84 1.93879
6.85 1.94497
6.86 1.95118
6.87 1.95742
6.88 1.9637
6.89 1.97002
6.9 1.97638
6.91 1.98278
6.92 1.98921
6.93 1.99569
6.94 2.0022
6.95 2.00876
6.96 2.01536
6.97 2.022
6.98 2.02869
6.99 2.03541
7 2.04219
7.01 2.049
7.02 2.05586
7.03 2.06277
7.04 2.06973
7.05 2.07673
7.06 2.08378
7.07 2.09087
7.08 2.09802
7.09 2.10521
7.1 2.11246
7.11 2.11976
7.12 2.1271
7.13 2.1345
7.14 2.14195
7.15 2.14946
7.16 2.15702
7.17 2.16463
7.18 2.1723
7.19 2.18002
7.2 2.1878
7.21 2.19563
7.22 2.20352
7.23 2.21147
7.24 2.21948
7.25 2.22754
7.26 2.23566
7.27 2.24385
7.28 2.25209
7.29 2.26039
7.3 2.26876
7.31 2.27718
7.32 2.28567
7.33 2.29422
7.34 2.30283
7.35 2.3115
7.36 2.32024
7.37 2.32904
7.38 2.3379
7.39 2.34683
7.4 2.35582
7.41 2.36488
7.42 2.374
7.43 2.38318
7.44 2.39243
7.45 2.40175
7.46 2.41113
7.47 2.42058
7.48 2.43009
7.49 2.43967
7.5 2.44931
7.51 2.45902
7.52 2.4688
7.53 2.47864
7.54 2.48854
7.55 2.49851
7.56 2.50855
7.57 2.51865
7.58 2.52882
7.59 2.53905
7.6 2.54934
7.61 2.5597
7.62 2.57012
7.63 2.58061
7.64 2.59116
7.65 2.60177
7.66 2.61244
7.67 2.62318
7.68 2.63397
7.69 2.64483
7.7 2.65575
7.71 2.66672
7.72 2.67776
7.73 2.68885
7.74 2.7
7.75 2.7112
7.76 2.72246
7.77 2.73378
7.78 2.74515
7.79 2.75657
7.8 2.76804
7.81 2.77957
7.82 2.79114
7.83 2.80276
7.84 2.81443
7.85 2.82615
7.86 2.83791
7.87 2.84972
7.88 2.86156
7.89 2.87345
7.9 2.88538
7.91 2.89735
7.92 2.90936
7.93 2.9214
7.94 2.93347
7.95 2.94558
7.96 2.95772
7.97 2.96989
7.98 2.98209
7.99 2.99431
8 3.00656
8.01 3.01883
8.02 3.03112
8.03 3.04343
8.04 3.05575
8.05 3.06809
8.06 3.08045
8.07 3.09282
8.08 3.10519
8.09 3.11757
8.1 3.12996
8.11 3.14235
8.12 3.15474
8.13 3.16713
8.14 3.17952
8.15 3.1919
8.16 3.20427
8.17 3.21663
8.18 3.22898
8.19 3.24131
8.2 3.25362
8.21 3.26592
8.22 3.27819
8.23 3.29043
8.24 3.30265
8.25 3.31484
8.26 3.327
8.27 3.33911
8.28 3.3512
8.29 3.36324
8.3 3.37524
8.31 3.38719
8.32 3.39909
8.33 3.41095
8.34 3.42275
8.35 3.43449
8.36 3.44618
8.37 3.45781
8.38 3.46937
8.39 3.48086
8.4 3.49229
8.41 3.50365
8.42 3.51493
8.43 3.52614
8.44 3.53727
8.45 3.54832
8.46 3.55928
8.47 3.57017
8.48 3.58096
8.49 3.59166
8.5 3.60228
8.51 3.6128
8.52 3.62322
8.53 3.63355
8.54 3.64378
8.55 3.65391
8.56 3.66393
8.57 3.67385
8.58 3.68367
8.59 3.69338
8.6 3.70298
8.61 3.71247
8.62 3.72184
8.63 3.73111
8.64 3.74026
8.65 3.74929
8.66 3.75821
8.67 3.76702
8.68 3.7757
8.69 3.78427
8.7 3.79272
8.71 3.80105
8.72 3.80926
8.73 3.81734
8.74 3.82531
8.75 3.83315
8.76 3.84088
8.77 3.84848
8.78 3.85596
8.79 3.86331
8.8 3.87055
8.81 3.87766
8.82 3.88465
8.83 3.89152
8.84 3.89827
8.85 3.9049
8.86 3.9114
8.87 3.91779
8.88 3.92405
8.89 3.9302
8.9 3.93622
8.91 3.94213
8.92 3.94792
8.93 3.9536
8.94 3.95915
8.95 3.96459
8.96 3.96992
8.97 3.97513
8.98 3.98023
8.99 3.98522
9 3.99009
9.01 3.99486
9.02 3.99951
9.03 4.00406
9.04 4.0085
9.05 4.01283
9.06 4.01706
9.07 4.02118
9.08 4.02519
9.09 4.02911
9.1 4.03292
9.11 4.03664
9.12 4.04025
9.13 4.04376
9.14 4.04718
9.15 4.0505
9.16 4.05373
9.17 4.05686
9.18 4.0599
9.19 4.06285
9.2 4.06571
9.21 4.06848
9.22 4.07116
9.23 4.07375
9.24 4.07626
9.25 4.07868
9.26 4.08101
9.27 4.08327
9.28 4.08544
9.29 4.08753
9.3 4.08954
9.31 4.09147
9.32 4.09333
9.33 4.09511
9.34 4.09681
9.35 4.09844
9.36 4.09999
9.37 4.10148
9.38 4.10289
9.39 4.10423
9.4 4.1055
9.41 4.1067
9.42 4.10783
9.43 4.1089
9.44 4.1099
9.45 4.11084
9.46 4.11171
9.47 4.11252
9.48 4.11327
9.49 4.11396
9.5 4.11459
9.51 4.11515
9.52 4.11566
9.53 4.11612
9.54 4.11651
9.55 4.11685
9.56 4.11713
9.57 4.11736
9.58 4.11754
9.59 4.11766
9.6 4.11773
9.61 4.11776
9.62 4.11772
9.63 4.11765
9.64 4.11752
9.65 4.11734
9.66 4.11712
9.67 4.11684
9.68 4.11653
9.69 4.11616
9.7 4.11576
9.71 4.11531
9.72 4.11481
9.73 4.11427
9.74 4.1137
9.75 4.11308
9.76 4.11241
9.77 4.11171
9.78 4.11097
9.79 4.11019
9.8 4.10937
9.81 4.10852
9.82 4.10762
9.83 4.10669
9.84 4.10573
9.85 4.10473
9.86 4.10369
9.87 4.10262
9.88 4.10151
9.89 4.10037
9.9 4.0992
9.91 4.098
9.92 4.09676
9.93 4.0955
9.94 4.0942
9.95 4.09287
9.96 4.09151
9.97 4.09012
9.98 4.08871
9.99 4.08726
10 4.08579
10.001 0
