0 5
0.01 4.3986
0.02 4.40052
0.03 4.40247
0.04 4.40443
0.05 4.40641
0.06 4.4084
0.07 4.41042
0.08 4.41245
0.09 4.4145
0.1 4.41656
0.11 4.41865
0.12 4.42075
0.13 4.42288
0.14 4.42502
0.15 4.42718
0.16 4.42936
0.17 4.43156
0.18 4.43378
0.19 4.43602
0.2 4.43828
0.21 4.44057
0.22 4.44287
0.23 4.44519
0.24 4.44754
0.25 4.4499
0.26 4.45229
0.27 4.4547
0.28 4.45714
0.29 4.45959
0.3 4.46207
0.31 4.46457
0.32 4.4671
0.33 4.46964
0.34 4.47222
0.35 4.47481
0.36 4.47744
0.37 4.48008
0.38 4.48276
0.39 4.48545
0.4 4.48818
0.41 4.49093
0.42 4.49371
0.43 4.49651
0.44 4.49934
0.45 4.5022
0.46 4.50509
0.47 4.508
0.48 4.51095
0.49 4.51392
0.5 4.51692
0.51 4.51996
0.52 4.52302
0.53 4.52611
0.54 4.52924
0.55 4.53239
0.56 4.53558
0.57 4.5388
0.58 4.54205
0.59 4.54534
0.6 4.54865
0.61 4.55201
0.62 4.55539
0.63 4.55881
0.64 4.56227
0.65 4.56576
0.66 4.56928
0.67 4.57284
0.68 4.57644
0.69 4.58007
0.7 4.58374
0.71 4.58745
0.72 4.5912
0.73 4.59498
0.74 4.5988
0.75 4.60266
0.76 4.60656
0.77 4.6105
0.78 4.61448
0.79 4.6185
0.8 4.62256
0.81 4.62665
0.82 4.63079
0.83 4.63497
0.84 4.63919
0.85 4.64346
0.86 4.64776
0.87 4.65211
0.88 4.65649
0.89 4.66092
0.9 4.66539
0.91 4.66991
0.92 4.67446
0.93 4.67906
0.94 4.6837
0.95 4.68838
0.96 4.69311
0.97 4.69788
0.98 4.70269
0.99 4.70754
1 4.71243
1.01 4.71737
1.02 4.72235
1.03 4.72737
1.04 4.73243
1.05 4.73753
1.06 4.74268
1.07 4.74786
1.08 4.75309
1.09 4.75836
1.1 4.76366
1.11 4.76901
1.12 4.77439
1.13 4.77982
1.14 4.78528
1.15 4.79078
1.16 4.79631
1.17 4.80189
1.18 4.80749
1.19 4.81314
1.2 4.81881
1.21 4.82453
1.22 4.83027
1.23 4.83605
1.24 4.84185
1.25 4.84769
1.26 4.85356
1.27 4.85946
1.28 4.86538
1.29 4.87133
1.3 4.87731
1.31 4.88332
1.32 4.88934
1.33 4.89539
1.34 4.90146
1.35 4.90755
1.36 4.91367
1.37 4.9198
1.38 4.92594
1.39 4.93211
1.4 4.93828
1.41 4.94448
1.42 4.95068
1.43 4.9569
1.44 4.96312
1.45 4.96936
1.46 4.9756
1.47 4.98185
1.48 4.9881
1.49 4.99436
1.5 5.00062
1.51 5.00688
1.52 5.01314
1.53 5.0194
1.54 5.02565
1.55 5.03191
1.56 5.03815
1.57 5.0444
1.58 5.05063
1.59 5.05685
1.6 5.06307
1.61 5.06927
1.62 5.07546
1.63 5.08164
1.64 5.0878
1.65 5.09395
1.66 5.10007
1.67 5.10619
1.68 5.11228
1.69 5.11835
1.7 5.1244
1.71 5.13043
1.72 5.13643
1.73 5.14241
1.74 5.14837
1.75 5.1543
1.76 5.1602
1.77 5.16607
1.78 5.17192
1.79 5.17774
1.8 5.18352
1.81 5.18928
1.82 5.19501
1.83 5.2007
1.84 5.20636
1.85 5.21198
1.86 5.21758
1.87 5.22313
1.88 5.22866
1.89 5.23414
1.9 5.23959
1.91 5.24501
1.92 5.25039
1.93 5.25573
1.94 5.26103
1.95 5.2663
1.96 5.27152
1.97 5.27671
1.98 5.28186
1.99 5.28697
2 5.29204
2.01 5.29707
2.02 5.30207
2.03 5.30702
2.04 5.31193
2.05 5.3168
2.06 5.32164
2.07 5.32643
2.08 5.33118
2.09 5.3359
2.1 5.34057
2.11 5.3452
2.12 5.3498
2.13 5.35435
2.14 5.35886
2.15 5.36334
2.16 5.36777
2.17 5.37217
2.18 5.37652
2.19 5.38084
2.2 5.38511
2.21 5.38935
2.22 5.39355
2.23 5.39771
2.24 5.40184
2.25 5.40592
2.26 5.40997
2.27 5.41398
2.28 5.41795
2.29 5.42189
2.3 5.42578
2.31 5.42964
2.32 5.43347
2.33 5.43726
2.34 5.44101
2.35 5.44473
2.36 5.44841
2.37 5.45206
2.38 5.45567
2.39 5.45925
2.4 5.46279
2.41 5.46631
2.42 5.46978
2.43 5.47323
2.44 5.47664
2.45 5.48002
2.46 5.48336
2.47 5.48668
2.48 5.48996
2.49 5.49321
2.5 5.49644
2.51 5.49963
2.52 5.50279
2.53 5.50592
2.54 5.50902
2.55 5.51209
2.56 5.51513
2.57 5.51815
2.58 5.52113
2.59 5.52409
2.6 5.52702
2.61 5.52992
2.62 5.5328
2.63 5.53565
2.64 5.53847
2.65 5.54127
2.66 5.54404
2.67 5.54678
2.68 5.5495
2.69 5.5522
2.7 5.55486
2.71 5.55751
2.72 5.56013
2.73 5.56273
2.74 5.5653
2.75 5.56786
2.76 5.57038
2.77 5.57289
2.78 5.57537
2.79 5.57783
2.8 5.58027
2.81 5.58269
2.82 5.58509
2.83 5.58746
2.84 5.58982
2.85 5.59215
2.86 5.59447
2.87 5.59676
2.88 5.59904
2.89 5.60129
2.9 5.60353
2.91 5.60575
2.92 5.60795
2.93 5.61013
2.94 5.61229
2.95 5.61443
2.96 5.61656
2.97 5.61867
2.98 5.62076
2.99 5.62284
3 5.62489
3.01 5.62693
3.02 5.62896
3.03 5.63097
3.04 5.63296
3.05 5.63494
3.06 5.6369
3.07 5.63885
3.08 5.64078
3.09 5.64269
3.1 5.64459
3.11 5.64648
3.12 5.64835
3.13 5.65021
3.14 5.65206
3.15 5.65389
3.16 5.6557
3.17 5.65751
3.18 5.6593
3.19 5.66108
3.2 5.66284
3.21 5.66459
3.22 5.66633
3.23 5.66806
3.24 5.66977
3.25 5.67148
3.26 5.67317
3.27 5.67485
3.28 5.67651
3.29 5.67817
3.3 5.67982
3.31 5.68145
3.32 5.68307
3.33 5.68469
3.34 5.68629
3.35 5.68788
3.36 5.68946
3.37 5.69103
3.38 5.69259
3.39 5.69414
3.4 5.69568
3.41 5.69722
3.42 5.69874
3.43 5.70025
3.44 5.70175
3.45 5.70325
3.46 5.70473
3.47 5.70621
3.48 5.70768
3.49 5.70914
3.5 5.71059
3.51 5.71203
3.52 5.71346
3.53 5.71489
3.54 5.71631
3.55 5.71772
3.56 5.71912
3.57 5.72052
3.58 5.7219
3.59 5.72328
3.6 5.72465
3.61 5.72602
3.62 5.72738
3.63 5.72873
3.64 5.73007
3.65 5.73141
3.66 5.73274
3.67 5.73406
3.68 5.73538
3.69 5.73669
3.7 5.738
3.71 5.73929
3.72 5.74059
3.73 5.74187
3.74 5.74315
3.75 5.74443
3.76 5.7457
3.77 5.74696
3.78 5.74822
3.79 5.74947
3.8 5.75071
3.81 5.75195
3.82 5.75319
3.83 5.75442
3.84 5.75565
3.85 5.75687
3.86 5.75808
3.87 5.75929
3.88 5.7605
3.89 5.7617
3.9 5.76289
3.91 5.76409
3.92 5.76527
3.93 5.76646
3.94 5.76763
3.95 5.76881
3.96 5.76998
3.97 5.77114
3.98 5.77231
3.99 5.77346
4 5.77462
4.01 5.77577
4.02 5.77691
4.03 5.77806
4.04 5.77919
4.05 5.78033
4.06 5.78146
4.07 5.78259
4.08 5.78371
4.09 5.78483
4.1 5.78595
4.11 5.78707
4.12 5.78818
4.13 5.78929
4.14 5.79039
4.15 5.79149
4.16 5.79259
4.17 5.79369
4.18 5.79478
4.19 5.79587
4.2 5.79696
4.21 5.79804
4.22 5.79913
4.23 5.80021
4.24 5.80128
4.25 5.80236
4.26 5.80343
4.27 5.8045
4.28 5.80557
4.29 5.80663
4.3 5.80769
4.31 5.80875
4.32 5.80981
4.33 5.81087
4.34 5.81192
4.35 5.81297
4.36 5.81402
4.37 5.81507
4.38 5.81612
4.39 5.81716
4.4 5.81821
4.41 5.81925
4.42 5.82029
4.43 5.82132
4.44 5.82236
4.45 5.82339
4.46 5.82442
4.47 5.82545
4.48 5.82648
4.49 5.82751
4.5 5.82854
4.51 5.82956
4.52 5.83059
4.53 5.83161
4.54 5.83263
4.55 5.83365
4.56 5.83467
4.57 5.83568
4.58 5.8367
4.59 5.83772
4.6 5.83873
4.61 5.83974
4.62 5.84075
4.63 5.84176
4.64 5.84277
4.65 5.84378
4.66 5.84479
4.67 5.8458
4.68 5.8468
4.69 5.84781
4.7 5.84881
4.71 5.84982
4.72 5.85082
4.73 5.85182
4.74 5.85282
4.75 5.85383
4.76 5.85483
4.77 5.85583
4.78 5.85683
4.79 5.85782
4.8 5.85882
4.81 5.85982
4.82 5.86082
4.83 5.86181
4.84 5.86281
4.85 5.86381
4.86 5.8648
4.87 5.8658
4.88 5.86679
4.89 5.86779
4.9 5.86878
4.91 5.86977
4.92 5.87077
4.93 5.87176
4.94 5.87276
4.95 5.87375
4.96 5.87474
4.97 5.87573
4.98 5.87673
4.99 5.87772
5 5.87871
5.01 5.87971
5.02 5.8807
5.03 5.88169
5.04 5.88268
5.05 5.88368
5.06 5.88467
5.07 5.88566
5.08 5.88665
5.09 5.88765
5.1 5.88864
5.11 5.88963
5.12 5.89063
5.13 5.89162
5.14 5.89261
5.15 5.89361
5.16 5.8946
5.17 5.8956
5.18 5.89659
5.19 5.89759
5.2 5.89858
5.21 5.89958
5.22 5.90057
5.23 5.90157
5.24 5.90257
5.25 5.90356
5.26 5.90456
5.27 5.90556
5.28 5.90656
5.29 5.90755
5.3 5.90855
5.31 5.90955
5.32 5.91055
5.33 5.91155
5.34 5.91255
5.35 5.91356
5.36 5.91456
5.37 5.91556
5.38 5.91656
5.39 5.91757
5.4 5.91857
5.41 5.91958
5.42 5.92058
5.43 5.92159
5.44 5.92259
5.45 5.9236
5.46 5.92461
5.47 5.92562
5.48 5.92663
5.49 5.92764
5.5 5.92865
5.51 5.92966
5.52 5.93067
5.53 5.93169
5.54 5.9327
5.55 5.93372
5.56 5.93473
5.57 5.93575
5.58 5.93677
5.59 5.93778
5.6 5.9388
5.61 5.93982
5.62 5.94084
5.63 5.94186
5.64 5.94289
5.65 5.94391
5.66 5.94494
5.67 5.94596
5.68 5.94699
5.69 5.94802
5.7 5.94904
5.71 5.95007
5.72 5.9511
5.73 5.95214
5.74 5.95317
5.75 5.9542
5.76 5.95524
5.77 5.95627
5.78 5.95731
5.79 5.95835
5.8 5.95939
5.81 5.96043
5.82 5.96147
5.83 5.96251
5.84 5.96356
5.85 5.9646
5.86 5.96565
5.87 5.9667
5.88 5.96775
5.89 5.9688
5.9 5.96985
5.91 5.97091
5.92 5.97196
5.93 5.97302
5.94 5.97408
5.95 5.97514
5.96 5.9762
5.97 5.97726
5.98 5.97833
5.99 5.97939
6 5.98046
6.01 5.98153
6.02 5.9826
6.03 5.98367
6.04 5.98474
6.05 5.98582
6.06 5.9869
6.07 5.98798
6.08 5.98906
6.09 5.99014
6.1 5.99122
6.11 5.99231
6.12 5.9934
6.13 5.99449
6.14 5.99558
6.15 5.99668
6.16 5.99777
6.17 5.99887
6.18 5.99997
6.19 6.00107
6.2 6.00218
6.21 6.00329
6.22 6.00439
6.23 6.00551
6.24 6.00662
6.25 6.00774
6.26 6.00885
6.27 6.00997
6.28 6.0111
6.29 6.01222
6.3 6.01335
6.31 6.01448
6.32 6.01561
6.33 6.01675
6.34 6.01789
6.35 6.01903
6.36 6.02017
6.37 6.02132
6.38 6.02247
6.39 6.02362
6.4 6.02477
6.41 6.02593
6.42 6.02709
6.43 6.02825
6.44 6.02942
6.45 6.03059
6.46 6.03176
6.47 6.03293
6.48 6.03411
6.49 6.03529
6.5 6.03648
6.51 6.03766
6.52 6.03886
6.53 6.04005
6.54 6.04125
6.55 6.04245
6.56 6.04365
6.57 6.04486
6.58 6.04607
6.59 6.04728
6.6 6.0485
6.61 6.04972
6.62 6.05095
6.63 6.05217
6.64 6.0534
6.65 6.05464
6.66 6.05588
6.67 6.05712
6.68 6.05836
6.69 6.05961
6.7 6.06087
6.71 6.06212
6.72 6.06338
6.73 6.06464
6.74 6.06591
6.75 6.06718
6.76 6.06846
6.77 6.06973
6.78 6.07101
6.79 6.0723
6.8 6.07359
6.81 6.07488
6.82 6.07617
6.83 6.07747
6.84 6.07877
6.85 6.08007
6.86 6.08138
6.87 6.08269
6.88 6.08401
6.89 6.08532
6.9 6.08664
6.91 6.08797
6.92 6.08929
6.93 6.09062
6.94 6.09195
6.95 6.09328
6.96 6.09462
6.97 6.09595
6.98 6.09729
6.99 6.09863
7 6.09998
7.01 6.10132
7.02 6.10267
7.03 6.10401
7.04 6.10536
7.05 6.10671
7.06 6.10806
7.07 6.10941
7.08 6.11076
7.09 6.1121
7.1 6.11345
7.11 6.1148
7.12 6.11615
7.13 6.11749
7.14 6.11884
7.15 6.12018
7.16 6.12152
7.17 6.12286
7.18 6.12419
7.19 6.12552
7.2 6.12685
7.21 6.12817
7.22 6.12949
7.23 6.1308
7.24 6.13211
7.25 6.13341
7.26 6.1347
7.27 6.13599
7.28 6.13727
7.29 6.13854
7.3 6.1398
7.31 6.14105
7.32 6.14229
7.33 6.14352
7.34 6.14474
7.35 6.14595
7.36 6.14714
7.37 6.14832
7.38 6.14948
7.39 6.15063
7.4 6.15177
7.41 6.15288
7.42 6.15398
7.43 6.15506
7.44 6.15612
7.45 6.15716
7.46 6.15817
7.47 6.15917
7.48 6.16014
7.49 6.16108
7.5 6.162
7.51 6.16289
7.52 6.16376
7.53 6.16459
7.54 6.1654
7.55 6.16617
7.56 6.16691
7.57 6.16761
7.58 6.16828
7.59 6.16892
7.6 6.16951
7.61 6.17007
7.62 6.17058
7.63 6.17106
7.64 6.17149
7.65 6.17187
7.66 6.17221
7.67 6.1725
7.68 6.17274
7.69 6.17293
7.7 6.17307
7.71 6.17315
7.72 6.17318
7.73 6.17315
7.74 6.17307
7.75 6.17292
7.76 6.17271
7.77 6.17244
7.78 6.1721
7.79 6.1717
7.8 6.17123
7.81 6.17069
7.82 6.17008
7.83 6.1694
7.84 6.16864
7.85 6.16781
7.86 6.1669
7.87 6.16591
7.88 6.16484
7.89 6.16369
7.9 6.16246
7.91 6.16115
7.92 6.15975
7.93 6.15826
7.94 6.15668
7.95 6.15502
7.96 6.15326
7.97 6.15141
7.98 6.14947
7.99 6.14744
8 6.14531
8.01 6.14308
8.02 6.14076
8.03 6.13834
8.04 6.13583
8.05 6.13321
8.06 6.1305
8.07 6.12769
8.08 6.12477
8.09 6.12176
8.1 6.11864
8.11 6.11542
8.12 6.1121
8.13 6.10869
8.14 6.10516
8.15 6.10154
8.16 6.09782
8.17 6.094
8.18 6.09008
8.19 6.08605
8.2 6.08193
8.21 6.07771
8.22 6.0734
8.23 6.06898
8.24 6.06447
8.25 6.05987
8.26 6.05518
8.27 6.05039
8.28 6.04551
8.29 6.04054
8.3 6.03549
8.31 6.03035
8.32 6.02512
8.33 6.01981
8.34 6.01442
8.35 6.00896
8.36 6.00341
8.37 5.99779
8.38 5.9921
8.39 5.98634
8.4 5.98051
8.41 5.97461
8.42 5.96865
8.43 5.96262
8.44 5.95654
8.45 5.9504
8.46 5.94421
8.47 5.93797
8.48 5.93167
8.49 5.92533
8.5 5.91894
8.51 5.91252
8.52 5.90605
8.53 5.89954
8.54 5.893
8.55 5.88643
8.56 5.87983
8.57 5.8732
8.58 5.86655
8.59 5.85987
8.6 5.85317
8.61 5.84646
8.62 5.83973
8.63 5.83298
8.64 5.82623
8.65 5.81946
8.66 5.81269
8.67 5.80591
8.68 5.79913
8.69 5.79235
8.7 5.78557
8.71 5.77879
8.72 5.77202
8.73 5.76525
8.74 5.75849
8.75 5.75174
8.76 5.745
8.77 5.73828
8.78 5.73157
8.79 5.72487
8.8 5.71819
8.81 5.71153
8.82 5.70489
8.83 5.69826
8.84 5.69166
8.85 5.68509
8.86 5.67854
8.87 5.67201
8.88 5.66551
8.89 5.65903
8.9 5.65258
8.91 5.64617
8.92 5.63978
8.93 5.63342
8.94 5.62709
8.95 5.62079
8.96 5.61453
8.97 5.6083
8.98 5.6021
8.99 5.59594
9 5.58981
9.01 5.58371
9.02 5.57765
9.03 5.57163
9.04 5.56564
9.05 5.55968
9.06 5.55377
9.07 5.54789
9.08 5.54205
9.09 5.53624
9.1 5.53048
9.11 5.52475
9.12 5.51906
9.13 5.5134
9.14 5.50779
9.15 5.50221
9.16 5.49668
9.17 5.49118
9.18 5.48572
9.19 5.48029
9.2 5.47491
9.21 5.46957
9.22 5.46426
9.23 5.45899
9.24 5.45376
9.25 5.44857
9.26 5.44342
9.27 5.43831
9.28 5.43324
9.29 5.4282
9.3 5.4232
9.31 5.41824
9.32 5.41332
9.33 5.40844
9.34 5.40359
9.35 5.39878
9.36 5.39401
9.37 5.38928
9.38 5.38458
9.39 5.37992
9.4 5.3753
9.41 5.37071
9.42 5.36617
9.43 5.36165
9.44 5.35718
9.45 5.35274
9.46 5.34833
9.47 5.34396
9.48 5.33963
9.49 5.33533
9.5 5.33107
9.51 5.32684
9.52 5.32264
9.53 5.31848
9.54 5.31436
9.55 5.31027
9.56 5.30621
9.57 5.30218
9.58 5.29819
9.59 5.29423
9.6 5.2903
9.61 5.28641
9.62 5.28255
9.63 5.27872
9.64 5.27492
9.65 5.27115
9.66 5.26741
9.67 5.26371
9.68 5.26003
9.69 5.25639
9.7 5.25278
9.71 5.24919
9.72 5.24564
9.73 5.24211
9.74 5.23862
9.75 5.23515
9.76 5.23171
9.77 5.2283
9.78 5.22492
9.79 5.22156
9.8 5.21824
9.81 5.21494
9.82 5.21166
9.83 5.20842
9.84 5.2052
9.85 5.20201
9.86 5.19884
9.87 5.1957
9.88 5.19259
9.89 5.1895
9.9 5.18643
9.91 5.18339
9.92 5.18038
9.93 5.17739
9.94 5.17442
9.95 5.17148
9.96 5.16856
9.97 5.16566
9.98 5.16279
9.99 5.15994
10 5.15712
10.001 5
