0 -10
0.01 -7.8864
0.02 -7.88048
0.03 -7.87454
0.04 -7.86855
0.05 -7.86254
0.06 -7.85649
0.07 -7.8504
0.08 -7.84428
0.09 -7.83811
0.1 -7.83192
0.11 -7.82568
0.12 -7.8194
0.13 -7.81309
0.14 -7.80673
0.15 -7.80034
0.16 -7.7939
0.17 -7.78742
0.18 -7.7809
0.19 -7.77433
0.2 -7.76772
0.21 -7.76107
0.22 -7.75437
0.23 -7.74763
0.24 -7.74084
0.25 -7.734
0.26 -7.72711
0.27 -7.72018
0.28 -7.7132
0.29 -7.70616
0.3 -7.69908
0.31 -7.69195
0.32 -7.68476
0.33 -7.67752
0.34 -7.67023
0.35 -7.66289
0.36 -7.65549
0.37 -7.64803
0.38 -7.64052
0.39 -7.63295
0.4 -7.62533
0.41 -7.61765
0.42 -7.60991
0.43 -7.60211
0.44 -7.59425
0.45 -7.58633
0.46 -7.57835
0.47 -7.5703
0.48 -7.5622
0.49 -7.55403
0.5 -7.5458
0.51 -7.53751
0.52 -7.52915
0.53 -7.52073
0.54 -7.51224
0.55 -7.50368
0.56 -7.49506
0.57 -7.48637
0.58 -7.47762
0.59 -7.4688
0.6 -7.4599
0.61 -7.45095
0.62 -7.44192
0.63 -7.43282
0.64 -7.42365
0.65 -7.41442
0.66 -7.40511
0.67 -7.39574
0.68 -7.38629
0.69 -7.37677
0.7 -7.36719
0.71 -7.35753
0.72 -7.3478
0.73 -7.33801
0.74 -7.32814
0.75 -7.3182
0.76 -7.30819
0.77 -7.29811
0.78 -7.28796
0.79 -7.27775
0.8 -7.26746
0.81 -7.25711
0.82 -7.24668
0.83 -7.23619
0.84 -7.22564
0.85 -7.21501
0.86 -7.20432
0.87 -7.19357
0.88 -7.18275
0.89 -7.17186
0.9 -7.16092
0.91 -7.14991
0.92 -7.13884
0.93 -7.12771
0.94 -7.11653
0.95 -7.10528
0.96 -7.09398
0.97 -7.08262
0.98 -7.07121
0.99 -7.05975
1 -7.04824
1.01 -7.03667
1.02 -7.02506
1.03 -7.0134
1.04 -7.0017
1.05 -6.98996
1.06 -6.97817
1.07 -6.96634
1.08 -6.95448
1.09 -6.94258
1.1 -6.93065
1.11 -6.91869
1.12 -6.9067
1.13 -6.89468
1.14 -6.88263
1.15 -6.87057
1.16 -6.85848
1.17 -6.84637
1.18 -6.83425
1.19 -6.82212
1.2 -6.80997
1.21 -6.79782
1.22 -6.78566
1.23 -6.7735
1.24 -6.76134
1.25 -6.74918
1.26 -6.73702
1.27 -6.72487
1.28 -6.71273
1.29 -6.7006
1.3 -6.68849
1.31 -6.6764
1.32 -6.66432
1.33 -6.65227
1.34 -6.64025
1.35 -6.62825
1.36 -6.61628
1.37 -6.60435
1.38 -6.59245
1.39 -6.5806
1.4 -6.56878
1.41 -6.55701
1.42 -6.54528
1.43 -6.5336
1.44 -6.52198
1.45 -6.51041
1.46 -6.49889
1.47 -6.48743
1.48 -6.47604
1.49 -6.46471
1.5 -6.45344
1.51 -6.44224
1.52 -6.43111
1.53 -6.42005
1.54 -6.40907
1.55 -6.39816
1.56 -6.38732
1.57 -6.37657
1.58 -6.3659
1.59 -6.35531
1.6 -6.34481
1.61 -6.33439
1.62 -6.32406
1.63 -6.31382
1.64 -6.30367
1.65 -6.29361
1.66 -6.28365
1.67 -6.27377
1.68 -6.264
1.69 -6.25432
1.7 -6.24473
1.71 -6.23525
1.72 -6.22586
1.73 -6.21657
1.74 -6.20739
1.75 -6.1983
1.76 -6.18932
1.77 -6.18043
1.78 -6.17165
1.79 -6.16297
1.8 -6.1544
1.81 -6.14593
1.82 -6.13756
1.83 -6.12929
1.84 -6.12113
1.85 -6.11307
1.86 -6.10512
1.87 -6.09727
1.88 -6.08952
1.89 -6.08187
1.9 -6.07433
1.91 -6.06689
1.92 -6.05955
1.93 -6.05231
1.94 -6.04518
1.95 -6.03814
1.96 -6.03121
1.97 -6.02437
1.98 -6.01764
1.99 -6.011
2 -6.00446
2.01 -5.99801
2.02 -5.99166
2.03 -5.98541
2.04 -5.97925
2.05 -5.97319
2.06 -5.96722
2.07 -5.96134
2.08 -5.95555
2.09 -5.94985
2.1 -5.94425
2.11 -5.93873
2.12 -5.93329
2.13 -5.92795
2.14 -5.92269
2.15 -5.91752
2.16 -5.91242
2.17 -5.90742
2.18 -5.90249
2.19 -5.89764
2.2 -5.89288
2.21 -5.88819
2.22 -5.88358
2.23 -5.87905
2.24 -5.87459
2.25 -5.8702
2.26 -5.86589
2.27 -5.86166
2.28 -5.85749
2.29 -5.85339
2.3 -5.84937
2.31 -5.84541
2.32 -5.84152
2.33 -5.8377
2.34 -5.83394
2.35 -5.83024
2.36 -5.82661
2.37 -5.82304
2.38 -5.81954
2.39 -5.81609
2.4 -5.8127
2.41 -5.80937
2.42 -5.8061
2.43 -5.80288
2.44 -5.79973
2.45 -5.79662
2.46 -5.79357
2.47 -5.79057
2.48 -5.78763
2.49 -5.78473
2.5 -5.78189
2.51 -5.77909
2.52 -5.77634
2.53 -5.77365
2.54 -5.77099
2.55 -5.76839
2.56 -5.76583
2.57 -5.76331
2.58 -5.76084
2.59 -5.75841
2.6 -5.75602
2.61 -5.75367
2.62 -5.75137
2.63 -5.7491
2.64 -5.74687
2.65 -5.74469
2.66 -5.74254
2.67 -5.74042
2.68 -5.73834
2.69 -5.7363
2.7 -5.7343
2.71 -5.73232
2.72 -5.73038
2.73 -5.72848
2.74 -5.72661
2.75 -5.72476
2.76 -5.72295
2.77 -5.72117
2.78 -5.71943
2.79 -5.71771
2.8 -5.71601
2.81 -5.71435
2.82 -5.71272
2.83 -5.71111
2.84 -5.70953
2.85 -5.70798
2.86 -5.70645
2.87 -5.70495
2.88 -5.70347
2.89 -5.70201
2.9 -5.70058
2.91 -5.69918
2.92 -5.69779
2.93 -5.69643
2.94 -5.69509
2.95 -5.69378
2.96 -5.69248
2.97 -5.69121
2.98 -5.68995
2.99 -5.68872
3 -5.6875
3.01 -5.6863
3.02 -5.68513
3.03 -5.68397
3.04 -5.68283
3.05 -5.68171
3.06 -5.6806
3.07 -5.67951
3.08 -5.67844
3.09 -5.67738
3.1 -5.67635
3.11 -5.67532
3.12 -5.67431
3.13 -5.67332
3.14 -5.67234
3.15 -5.67138
3.16 -5.67043
3.17 -5.6695
3.18 -5.66857
3.19 -5.66767
3.2 -5.66677
3.21 -5.66589
3.22 -5.66502
3.23 -5.66416
3.24 -5.66332
3.25 -5.66249
3.26 -5.66166
3.27 -5.66085
3.28 -5.66006
3.29 -5.65927
3.3 -5.65849
3.31 -5.65772
3.32 -5.65697
3.33 -5.65622
3.34 -5.65549
3.35 -5.65476
3.36 -5.65404
3.37 -5.65333
3.38 -5.65263
3.39 -5.65194
3.4 -5.65126
3.41 -5.65059
3.42 -5.64993
3.43 -5.64927
3.44 -5.64862
3.45 -5.64798
3.46 -5.64735
3.47 -5.64673
3.48 -5.64611
3.49 -5.6455
3.5 -5.64489
3.51 -5.6443
3.52 -5.64371
3.53 -5.64313
3.54 -5.64255
3.55 -5.64198
3.56 -5.64142
3.57 -5.64086
3.58 -5.64031
3.59 -5.63976
3.6 -5.63922
3.61 -5.63869
3.62 -5.63816
3.63 -5.63763
3.64 -5.63712
3.65 -5.6366
3.66 -5.6361
3.67 -5.63559
3.68 -5.63509
3.69 -5.6346
3.7 -5.63411
3.71 -5.63363
3.72 -5.63315
3.73 -5.63267
3.74 -5.6322
3.75 -5.63173
3.76 -5.63127
3.77 -5.63081
3.78 -5.63035
3.79 -5.6299
3.8 -5.62946
3.81 -5.62901
3.82 -5.62857
3.83 -5.62813
3.84 -5.6277
3.85 -5.62727
3.86 -5.62684
3.87 -5.62642
3.88 -5.626
3.89 -5.62558
3.9 -5.62516
3.91 -5.62475
3.92 -5.62434
3.93 -5.62393
3.94 -5.62353
3.95 -5.62313
3.96 -5.62273
3.97 -5.62233
3.98 -5.62194
3.99 -5.62155
4 -5.62116
4.01 -5.62077
4.02 -5.62039
4.03 -5.62001
4.04 -5.61963
4.05 -5.61925
4.06 -5.61887
4.07 -5.6185
4.08 -5.61813
4.09 -5.61776
4.1 -5.61739
4.11 -5.61702
4.12 -5.61666
4.13 -5.6163
4.14 -5.61594
4.15 -5.61558
4.16 -5.61522
4.17 -5.61486
4.18 -5.61451
4.19 -5.61415
4.2 -5.6138
4.21 -5.61345
4.22 -5.6131
4.23 -5.61276
4.24 -5.61241
4.25 -5.61206
4.26 -5.61172
4.27 -5.61138
4.28 -5.61104
4.29 -5.6107
4.3 -5.61036
4.31 -5.61002
4.32 -5.60968
4.33 -5.60935
4.34 -5.60901
4.35 -5.60868
4.36 -5.60835
4.37 -5.60802
4.38 -5.60769
4.39 -5.60736
4.4 -5.60703
4.41 -5.6067
4.42 -5.60637
4.43 -5.60605
4.44 -5.60572
4.45 -5.6054
4.46 -5.60508
4.47 -5.60475
4.48 -5.60443
4.49 -5.60411
4.5 -5.60379
4.51 -5.60347
4.52 -5.60315
4.53 -5.60283
4.54 -5.60252
4.55 -5.6022
4.56 -5.60188
4.57 -5.60157
4.58 -5.60125
4.59 -5.60094
4.6 -5.60063
4.61 -5.60031
4.62 -5.6
4.63 -5.59969
4.64 -5.59938
4.65 -5.59907
4.66 -5.59876
4.67 -5.59845
4.68 -5.59814
4.69 -5.59783
4.7 -5.59752
4.71 -5.59721
4.72 -5.59691
4.73 -5.5966
4.74 -5.59629
4.75 -5.59599
4.76 -5.59568
4.77 -5.59538
4.78 -5.59508
4.79 -5.59477
4.8 -5.59447
4.81 -5.59417
4.82 -5.59387
4.83 -5.59356
4.84 -5.59326
4.85 -5.59296
4.86 -5.59266
4.87 -5.59236
4.88 -5.59206
4.89 -5.59177
4.9 -5.59147
4.91 -5.59117
4.92 -5.59087
4.93 -5.59058
4.94 -5.59028
4.95 -5.58998
4.96 -5.58969
4.97 -5.58939
4.98 -5.5891
4.99 -5.58881
5 -5.58851
5.01 -5.58822
5.02 -5.58793
5.03 -5.58764
5.04 -5.58734
5.05 -5.58705
5.06 -5.58676
5.07 -5.58647
5.08 -5.58618
5.09 -5.58589
5.1 -5.5856
5.11 -5.58532
5.12 -5.58503
5.13 -5.58474
5.14 -5.58445
5.15 -5.58417
5.16 -5.58388
5.17 -5.5836
5.18 -5.58331
5.19 -5.58303
5.2 -5.58274
5.21 -5.58246
5.22 -5.58218
5.23 -5.5819
5.24 -5.58161
5.25 -5.58133
5.26 -5.58105
5.27 -5.58077
5.28 -5.58049
5.29 -5.58021
5.3 -5.57994
5.31 -5.57966
5.32 -5.57938
5.33 -5.5791
5.34 -5.57883
5.35 -5.57855
5.36 -5.57827
5.37 -5.578
5.38 -5.57773
5.39 -5.57745
5.4 -5.57718
5.41 -5.57691
5.42 -5.57663
5.43 -5.57636
5.44 -5.57609
5.45 -5.57582
5.46 -5.57555
5.47 -5.57528
5.48 -5.57501
5.49 -5.57474
5.5 -5.57447
5.51 -5.57421
5.52 -5.57394
5.53 -5.57367
5.54 -5.57341
5.55 -5.57314
5.56 -5.57287
5.57 -5.57261
5.58 -5.57235
5.59 -5.57208
5.6 -5.57182
5.61 -5.57156
5.62 -5.57129
5.63 -5.57103
5.64 -5.57077
5.65 -5.57051
5.66 -5.57025
5.67 -5.56999
5.68 -5.56973
5.69 -5.56947
5.7 -5.56921
5.71 -5.56895
5.72 -5.56869
5.73 -5.56843
5.74 -5.56817
5.75 -5.56791
5.76 -5.56766
5.77 -5.5674
5.78 -5.56714
5.79 -5.56688
5.8 -5.56663
5.81 -5.56637
5.82 -5.56611
5.83 -5.56586
5.84 -5.5656
5.85 -5.56534
5.86 -5.56509
5.87 -5.56483
5.88 -5.56457
5.89 -5.56432
5.9 -5.56406
5.91 -5.5638
5.92 -5.56355
5.93 -5.56329
5.94 -5.56303
5.95 -5.56278
5.96 -5.56252
5.97 -5.56226
5.98 -5.562
5.99 -5.56175
6 -5.56149
6.01 -5.56123
6.02 -5.56097
6.03 -5.56071
6.04 -5.56045
6.05 -5.56019
6.06 -5.55993
6.07 -5.55966
6.08 -5.5594
6.09 -5.55914
6.1 -5.55887
6.11 -5.55861
6.12 -5.55834
6.13 -5.55808
6.14 -5.55781
6.15 -5.55754
6.16 -5.55727
6.17 -5.557
6.18 -5.55673
6.19 -5.55646
6.2 -5.55618
6.21 -5.55591
6.22 -5.55563
6.23 -5.55536
6.24 -5.55508
6.25 -5.5548
6.26 -5.55452
6.27 -5.55423
6.28 -5.55395
6.29 -5.55366
6.3 -5.55337
6.31 -5.55308
6.32 -5.55279
6.33 -5.5525
6.34 -5.5522
6.35 -5.55191
6.36 -5.55161
6.37 -5.55131
6.38 -5.55101
6.39 -5.5507
6.4 -5.55039
6.41 -5.55008
6.42 -5.54977
6.43 -5.54946
6.44 -5.54914
6.45 -5.54882
6.46 -5.5485
6.47 -5.54818
6.48 -5.54785
6.49 -5.54753
6.5 -5.5472
6.51 -5.54686
6.52 -5.54653
6.53 -5.54619
6.54 -5.54584
6.55 -5.5455
6.56 -5.54515
6.57 -5.5448
6.58 -5.54445
6.59 -5.54409
6.6 -5.54373
6.61 -5.54337
6.62 -5.543
6.63 -5.54264
6.64 -5.54226
6.65 -5.54189
6.66 -5.54151
6.67 -5.54113
6.68 -5.54075
6.69 -5.54036
6.7 -5.53997
6.71 -5.53957
6.72 -5.53918
6.73 -5.53878
6.74 -5.53837
6.75 -5.53797
6.76 -5.53756
6.77 -5.53715
6.78 -5.53673
6.79 -5.53631
6.8 -5.53589
6.81 -5.53546
6.82 -5.53504
6.83 -5.53461
6.84 -5.53417
6.85 -5.53374
6.86 -5.5333
6.87 -5.53285
6.88 -5.53241
6.89 -5.53196
6.9 -5.53151
6.91 -5.53106
6.92 -5.53061
6.93 -5.53015
6.94 -5.52969
6.95 -5.52923
6.96 -5.52877
6.97 -5.52831
6.98 -5.52784
6.99 -5.52738
7 -5.52691
7.01 -5.52644
7.02 -5.52597
7.03 -5.5255
7.04 -5.52503
7.05 -5.52456
7.06 -5.5241
7.07 -5.52363
7.08 -5.52316
7.09 -5.52269
7.1 -5.52222
7.11 -5.52176
7.12 -5.5213
7.13 -5.52083
7.14 -5.52038
7.15 -5.51992
7.16 -5.51947
7.17 -5.51902
7.18 -5.51857
7.19 -5.51813
7.2 -5.5177
7.21 -5.51727
7.22 -5.51684
7.23 -5.51642
7.24 -5.51601
7.25 -5.51561
7.26 -5.51521
7.27 -5.51482
7.28 -5.51444
7.29 -5.51407
7.3 -5.51371
7.31 -5.51336
7.32 -5.51302
7.33 -5.5127
7.34 -5.51238
7.35 -5.51208
7.36 -5.5118
7.37 -5.51153
7.38 -5.51127
7.39 -5.51103
7.4 -5.51081
7.41 -5.51061
7.42 -5.51042
7.43 -5.51026
7.44 -5.51011
7.45 -5.50999
7.46 -5.50989
7.47 -5.50981
7.48 -5.50976
7.49 -5.50974
7.5 -5.50974
7.51 -5.50977
7.52 -5.50983
7.53 -5.50991
7.54 -5.51003
7.55 -5.51018
7.56 -5.51037
7.57 -5.51059
7.58 -5.51084
7.59 -5.51113
7.6 -5.51147
7.61 -5.51184
7.62 -5.51225
7.63 -5.5127
7.64 -5.5132
7.65 -5.51374
7.66 -5.51433
7.67 -5.51497
7.68 -5.51566
7.69 -5.5164
7.7 -5.51719
7.71 -5.51803
7.72 -5.51893
7.73 -5.51988
7.74 -5.5209
7.75 -5.52197
7.76 -5.52311
7.77 -5.5243
7.78 -5.52557
7.79 -5.52689
7.8 -5.52829
7.81 -5.52975
7.82 -5.53129
7.83 -5.53289
7.84 -5.53457
7.85 -5.53633
7.86 -5.53816
7.87 -5.54007
7.88 -5.54206
7.89 -5.54413
7.9 -5.54628
7.91 -5.54852
7.92 -5.55084
7.93 -5.55325
7.94 -5.55575
7.95 -5.55834
7.96 -5.56101
7.97 -5.56378
7.98 -5.56665
7.99 -5.5696
8 -5.57266
8.01 -5.57581
8.02 -5.57905
8.03 -5.5824
8.04 -5.58585
8.05 -5.5894
8.06 -5.59305
8.07 -5.5968
8.08 -5.60066
8.09 -5.60462
8.1 -5.60868
8.11 -5.61285
8.12 -5.61713
8.13 -5.62151
8.14 -5.62601
8.15 -5.6306
8.16 -5.63531
8.17 -5.64012
8.18 -5.64505
8.19 -5.65007
8.2 -5.65521
8.21 -5.66046
8.22 -5.66581
8.23 -5.67127
8.24 -5.67684
8.25 -5.68252
8.26 -5.6883
8.27 -5.69419
8.28 -5.70018
8.29 -5.70628
8.3 -5.71248
8.31 -5.71879
8.32 -5.7252
8.33 -5.73171
8.34 -5.73832
8.35 -5.74503
8.36 -5.75183
8.37 -5.75874
8.38 -5.76574
8.39 -5.77283
8.4 -5.78002
8.41 -5.7873
8.42 -5.79467
8.43 -5.80213
8.44 -5.80968
8.45 -5.81731
8.46 -5.82503
8.47 -5.83283
8.48 -5.84071
8.49 -5.84867
8.5 -5.85671
8.51 -5.86482
8.52 -5.87301
8.53 -5.88127
8.54 -5.8896
8.55 -5.89799
8.56 -5.90646
8.57 -5.91499
8.58 -5.92358
8.59 -5.93224
8.6 -5.94095
8.61 -5.94972
8.62 -5.95855
8.63 -5.96743
8.64 -5.97637
8.65 -5.98535
8.66 -5.99439
8.67 -6.00347
8.68 -6.01259
8.69 -6.02176
8.7 -6.03097
8.71 -6.04023
8.72 -6.04951
8.73 -6.05884
8.74 -6.0682
8.75 -6.07759
8.76 -6.08702
8.77 -6.09648
8.78 -6.10596
8.79 -6.11547
8.8 -6.12501
8.81 -6.13457
8.82 -6.14415
8.83 -6.15376
8.84 -6.16338
8.85 -6.17303
8.86 -6.18269
8.87 -6.19236
8.88 -6.20205
8.89 -6.21175
8.9 -6.22147
8.91 -6.23119
8.92 -6.24093
8.93 -6.25067
8.94 -6.26042
8.95 -6.27017
8.96 -6.27993
8.97 -6.2897
8.98 -6.29946
8.99 -6.30923
9 -6.31899
9.01 -6.32876
9.02 -6.33853
9.03 -6.34829
9.04 -6.35805
9.05 -6.3678
9.06 -6.37755
9.07 -6.38729
9.08 -6.39702
9.09 -6.40675
9.1 -6.41647
9.11 -6.42618
9.12 -6.43587
9.13 -6.44556
9.14 -6.45523
9.15 -6.46489
9.16 -6.47454
9.17 -6.48418
9.18 -6.49379
9.19 -6.5034
9.2 -6.51299
9.21 -6.52256
9.22 -6.53211
9.23 -6.54164
9.24 -6.55116
9.25 -6.56066
9.26 -6.57014
9.27 -6.57959
9.28 -6.58903
9.29 -6.59845
9.3 -6.60784
9.31 -6.61721
9.32 -6.62656
9.33 -6.63589
9.34 -6.64519
9.35 -6.65447
9.36 -6.66372
9.37 -6.67295
9.38 -6.68216
9.39 -6.69134
9.4 -6.70049
9.41 -6.70962
9.42 -6.71872
9.43 -6.7278
9.44 -6.73685
9.45 -6.74587
9.46 -6.75486
9.47 -6.76383
9.48 -6.77277
9.49 -6.78168
9.5 -6.79056
9.51 -6.79941
9.52 -6.80824
9.53 -6.81703
9.54 -6.8258
9.55 -6.83453
9.56 -6.84324
9.57 -6.85192
9.58 -6.86057
9.59 -6.86918
9.6 -6.87777
9.61 -6.88633
9.62 -6.89485
9.63 -6.90335
9.64 -6.91182
9.65 -6.92025
9.66 -6.92866
9.67 -6.93703
9.68 -6.94537
9.69 -6.95368
9.7 -6.96196
9.71 -6.97021
9.72 -6.97843
9.73 -6.98662
9.74 -6.99478
9.75 -7.0029
9.76 -7.01099
9.77 -7.01906
9.78 -7.02709
9.79 -7.03509
9.8 -7.04305
9.81 -7.05099
9.82 -7.0589
9.83 -7.06677
9.84 -7.07461
9.85 -7.08243
9.86 -7.09021
9.87 -7.09796
9.88 -7.10567
9.89 -7.11336
9.9 -7.12101
9.91 -7.12864
9.92 -7.13623
9.93 -7.14379
9.94 -7.15133
9.95 -7.15883
9.96 -7.16629
9.97 -7.17373
9.98 -7.18114
9.99 -7.18852
10 -7.19586
10.001 -10
