0 -10
0.01 -8.25925
0.02 -8.25357
0.03 -8.24783
0.04 -8.24201
0.05 -8.23612
0.06 -8.23016
0.07 -8.22412
0.08 -8.21801
0.09 -8.21182
0.1 -8.20555
0.11 -8.19921
0.12 -8.19279
0.13 -8.18629
0.14 -8.17971
0.15 -8.17305
0.16 -8.16631
0.17 -8.15949
0.18 -8.15258
0.19 -8.14559
0.2 -8.13852
0.21 -8.13136
0.22 -8.12411
0.23 -8.11678
0.24 -8.10936
0.25 -8.10185
0.26 -8.09426
0.27 -8.08657
0.28 -8.07879
0.29 -8.07092
0.3 -8.06296
0.31 -8.05491
0.32 -8.04676
0.33 -8.03852
0.34 -8.03019
0.35 -8.02176
0.36 -8.01323
0.37 -8.00461
0.38 -7.99588
0.39 -7.98706
0.4 -7.97815
0.41 -7.96913
0.42 -7.96001
0.43 -7.9508
0.44 -7.94148
0.45 -7.93206
0.46 -7.92254
0.47 -7.91291
0.48 -7.90319
0.49 -7.89336
0.5 -7.88342
0.51 -7.87338
0.52 -7.86324
0.53 -7.853
0.54 -7.84264
0.55 -7.83219
0.56 -7.82162
0.57 -7.81095
0.58 -7.80018
0.59 -7.7893
0.6 -7.77831
0.61 -7.76721
0.62 -7.75601
0.63 -7.74471
0.64 -7.73329
0.65 -7.72177
0.66 -7.71014
0.67 -7.69841
0.68 -7.68657
0.69 -7.67463
0.7 -7.66258
0.71 -7.65042
0.72 -7.63816
0.73 -7.62579
0.74 -7.61332
0.75 -7.60074
0.76 -7.58806
0.77 -7.57528
0.78 -7.5624
0.79 -7.54941
0.8 -7.53633
0.81 -7.52314
0.82 -7.50986
0.83 -7.49647
0.84 -7.48299
0.85 -7.46941
0.86 -7.45574
0.87 -7.44197
0.88 -7.42811
0.89 -7.41416
0.9 -7.40011
0.91 -7.38598
0.92 -7.37176
0.93 -7.35745
0.94 -7.34305
0.95 -7.32858
0.96 -7.31401
0.97 -7.29937
0.98 -7.28465
0.99 -7.26986
1 -7.25498
1.01 -7.24004
1.02 -7.22502
1.03 -7.20993
1.04 -7.19478
1.05 -7.17956
1.06 -7.16427
1.07 -7.14893
1.08 -7.13352
1.09 -7.11806
1.1 -7.10255
1.11 -7.08698
1.12 -7.07136
1.13 -7.0557
1.14 -7.03999
1.15 -7.02424
1.16 -7.00845
1.17 -6.99262
1.18 -6.97676
1.19 -6.96087
1.2 -6.94495
1.21 -6.929
1.22 -6.91303
1.23 -6.89704
1.24 -6.88103
1.25 -6.865
1.26 -6.84896
1.27 -6.83292
1.28 -6.81686
1.29 -6.80081
1.3 -6.78475
1.31 -6.76869
1.32 -6.75264
1.33 -6.7366
1.34 -6.72057
1.35 -6.70455
1.36 -6.68855
1.37 -6.67256
1.38 -6.6566
1.39 -6.64066
1.4 -6.62475
1.41 -6.60887
1.42 -6.59303
1.43 -6.57721
1.44 -6.56144
1.45 -6.54571
1.46 -6.53002
1.47 -6.51437
1.48 -6.49877
1.49 -6.48323
1.5 -6.46774
1.51 -6.4523
1.52 -6.43692
1.53 -6.4216
1.54 -6.40634
1.55 -6.39114
1.56 -6.37602
1.57 -6.36096
1.58 -6.34597
1.59 -6.33105
1.6 -6.31621
1.61 -6.30144
1.62 -6.28675
1.63 -6.27213
1.64 -6.2576
1.65 -6.24315
1.66 -6.22879
1.67 -6.21451
1.68 -6.20031
1.69 -6.18621
1.7 -6.17219
1.71 -6.15826
1.72 -6.14443
1.73 -6.13068
1.74 -6.11703
1.75 -6.10347
1.76 -6.09001
1.77 -6.07665
1.78 -6.06338
1.79 -6.0502
1.8 -6.03713
1.81 -6.02415
1.82 -6.01128
1.83 -5.9985
1.84 -5.98582
1.85 -5.97324
1.86 -5.96076
1.87 -5.94839
1.88 -5.93611
1.89 -5.92394
1.9 -5.91187
1.91 -5.89989
1.92 -5.88802
1.93 -5.87626
1.94 -5.86459
1.95 -5.85302
1.96 -5.84156
1.97 -5.83019
1.98 -5.81893
1.99 -5.80777
2 -5.79671
2.01 -5.78575
2.02 -5.77488
2.03 -5.76412
2.04 -5.75346
2.05 -5.74289
2.06 -5.73243
2.07 -5.72206
2.08 -5.71179
2.09 -5.70161
2.1 -5.69154
2.11 -5.68155
2.12 -5.67167
2.13 -5.66188
2.14 -5.65218
2.15 -5.64257
2.16 -5.63306
2.17 -5.62364
2.18 -5.61431
2.19 -5.60508
2.2 -5.59593
2.21 -5.58687
2.22 -5.5779
2.23 -5.56902
2.24 -5.56023
2.25 -5.55153
2.26 -5.54291
2.27 -5.53437
2.28 -5.52592
2.29 -5.51755
2.3 -5.50927
2.31 -5.50107
2.32 -5.49295
2.33 -5.48491
2.34 -5.47695
2.35 -5.46907
2.36 -5.46127
2.37 -5.45355
2.38 -5.4459
2.39 -5.43833
2.4 -5.43084
2.41 -5.42342
2.42 -5.41607
2.43 -5.4088
2.44 -5.4016
2.45 -5.39447
2.46 -5.38741
2.47 -5.38042
2.48 -5.3735
2.49 -5.36665
2.5 -5.35987
2.51 -5.35315
2.52 -5.34651
2.53 -5.33992
2.54 -5.3334
2.55 -5.32695
2.56 -5.32056
2.57 -5.31423
2.58 -5.30797
2.59 -5.30176
2.6 -5.29562
2.61 -5.28954
2.62 -5.28351
2.63 -5.27755
2.64 -5.27164
2.65 -5.26579
2.66 -5.26
2.67 -5.25426
2.68 -5.24858
2.69 -5.24295
2.7 -5.23737
2.71 -5.23185
2.72 -5.22639
2.73 -5.22097
2.74 -5.21561
2.75 -5.2103
2.76 -5.20503
2.77 -5.19982
2.78 -5.19466
2.79 -5.18954
2.8 -5.18447
2.81 -5.17945
2.82 -5.17448
2.83 -5.16956
2.84 -5.16468
2.85 -5.15984
2.86 -5.15505
2.87 -5.1503
2.88 -5.1456
2.89 -5.14094
2.9 -5.13632
2.91 -5.13175
2.92 -5.12721
2.93 -5.12272
2.94 -5.11827
2.95 -5.11386
2.96 -5.10948
2.97 -5.10515
2.98 -5.10086
2.99 -5.0966
3 -5.09238
3.01 -5.0882
3.02 -5.08406
3.03 -5.07995
3.04 -5.07588
3.05 -5.07184
3.06 -5.06784
3.07 -5.06387
3.08 -5.05994
3.09 -5.05604
3.1 -5.05218
3.11 -5.04835
3.12 -5.04455
3.13 -5.04078
3.14 -5.03705
3.15 -5.03335
3.16 -5.02968
3.17 -5.02604
3.18 -5.02243
3.19 -5.01885
3.2 -5.0153
3.21 -5.01178
3.22 -5.00829
3.23 -5.00483
3.24 -5.00139
3.25 -4.99799
3.26 -4.99461
3.27 -4.99126
3.28 -4.98794
3.29 -4.98464
3.3 -4.98138
3.31 -4.97813
3.32 -4.97492
3.33 -4.97173
3.34 -4.96856
3.35 -4.96542
3.36 -4.96231
3.37 -4.95922
3.38 -4.95615
3.39 -4.95311
3.4 -4.95009
3.41 -4.9471
3.42 -4.94413
3.43 -4.94118
3.44 -4.93825
3.45 -4.93535
3.46 -4.93247
3.47 -4.92961
3.48 -4.92678
3.49 -4.92396
3.5 -4.92117
3.51 -4.9184
3.52 -4.91564
3.53 -4.91291
3.54 -4.91021
3.55 -4.90752
3.56 -4.90485
3.57 -4.9022
3.58 -4.89957
3.59 -4.89696
3.6 -4.89437
3.61 -4.8918
3.62 -4.88924
3.63 -4.88671
3.64 -4.88419
3.65 -4.8817
3.66 -4.87922
3.67 -4.87676
3.68 -4.87432
3.69 -4.87189
3.7 -4.86948
3.71 -4.86709
3.72 -4.86472
3.73 -4.86236
3.74 -4.86002
3.75 -4.8577
3.76 -4.8554
3.77 -4.85311
3.78 -4.85083
3.79 -4.84858
3.8 -4.84634
3.81 -4.84411
3.82 -4.8419
3.83 -4.83971
3.84 -4.83753
3.85 -4.83536
3.86 -4.83322
3.87 -4.83108
3.88 -4.82897
3.89 -4.82686
3.9 -4.82477
3.91 -4.8227
3.92 -4.82064
3.93 -4.81859
3.94 -4.81656
3.95 -4.81454
3.96 -4.81254
3.97 -4.81055
3.98 -4.80857
3.99 -4.80661
4 -4.80466
4.01 -4.80273
4.02 -4.8008
4.03 -4.7989
4.04 -4.797
4.05 -4.79512
4.06 -4.79325
4.07 -4.79139
4.08 -4.78954
4.09 -4.78771
4.1 -4.78589
4.11 -4.78409
4.12 -4.78229
4.13 -4.78051
4.14 -4.77874
4.15 -4.77698
4.16 -4.77524
4.17 -4.7735
4.18 -4.77178
4.19 -4.77007
4.2 -4.76837
4.21 -4.76668
4.22 -4.76501
4.23 -4.76335
4.24 -4.76169
4.25 -4.76005
4.26 -4.75842
4.27 -4.75681
4.28 -4.7552
4.29 -4.7536
4.3 -4.75202
4.31 -4.75045
4.32 -4.74888
4.33 -4.74733
4.34 -4.74579
4.35 -4.74426
4.36 -4.74274
4.37 -4.74123
4.38 -4.73974
4.39 -4.73825
4.4 -4.73677
4.41 -4.73531
4.42 -4.73385
4.43 -4.73241
4.44 -4.73097
4.45 -4.72955
4.46 -4.72814
4.47 -4.72673
4.48 -4.72534
4.49 -4.72396
4.5 -4.72258
4.51 -4.72122
4.52 -4.71987
4.53 -4.71853
4.54 -4.71719
4.55 -4.71587
4.56 -4.71456
4.57 -4.71326
4.58 -4.71197
4.59 -4.71068
4.6 -4.70941
4.61 -4.70815
4.62 -4.7069
4.63 -4.70565
4.64 -4.70442
4.65 -4.7032
4.66 -4.70199
4.67 -4.70078
4.68 -4.69959
4.69 -4.6984
4.7 -4.69723
4.71 -4.69607
4.72 -4.69491
4.73 -4.69377
4.74 -4.69263
4.75 -4.69151
4.76 -4.69039
4.77 -4.68929
4.78 -4.68819
4.79 -4.6871
4.8 -4.68603
4.81 -4.68496
4.82 -4.6839
4.83 -4.68285
4.84 -4.68182
4.85 -4.68079
4.86 -4.67977
4.87 -4.67876
4.88 -4.67776
4.89 -4.67677
4.9 -4.67579
4.91 -4.67482
4.92 -4.67386
4.93 -4.67291
4.94 -4.67197
4.95 -4.67104
4.96 -4.67012
4.97 -4.66921
4.98 -4.66831
4.99 -4.66741
5 -4.66653
5.01 -4.66566
5.02 -4.6648
5.03 -4.66395
5.04 -4.66311
5.05 -4.66227
5.06 -4.66145
5.07 -4.66064
5.08 -4.65984
5.09 -4.65905
5.1 -4.65827
5.11 -4.6575
5.12 -4.65673
5.13 -4.65598
5.14 -4.65524
5.15 -4.65451
5.16 -4.65379
5.17 -4.65308
5.18 -4.65239
5.19 -4.6517
5.2 -4.65102
5.21 -4.65035
5.22 -4.64969
5.23 -4.64905
5.24 -4.64841
5.25 -4.64779
5.26 -4.64717
5.27 -4.64657
5.28 -4.64598
5.29 -4.64539
5.3 -4.64482
5.31 -4.64426
5.32 -4.64371
5.33 -4.64318
5.34 -4.64265
5.35 -4.64213
5.36 -4.64163
5.37 -4.64114
5.38 -4.64065
5.39 -4.64018
5.4 -4.63972
5.41 -4.63928
5.42 -4.63884
5.43 -4.63842
5.44 -4.63801
5.45 -4.6376
5.46 -4.63722
5.47 -4.63684
5.48 -4.63647
5.49 -4.63612
5.5 -4.63578
5.51 -4.63545
5.52 -4.63514
5.53 -4.63483
5.54 -4.63454
5.55 -4.63426
5.56 -4.634
5.57 -4.63374
5.58 -4.6335
5.59 -4.63327
5.6 -4.63306
5.61 -4.63285
5.62 -4.63266
5.63 -4.63249
5.64 -4.63232
5.65 -4.63217
5.66 -4.63204
5.67 -4.63191
5.68 -4.63181
5.69 -4.63171
5.7 -4.63163
5.71 -4.63156
5.72 -4.6315
5.73 -4.63146
5.74 -4.63144
5.75 -4.63142
5.76 -4.63142
5.77 -4.63144
5.78 -4.63147
5.79 -4.63152
5.8 -4.63158
5.81 -4.63165
5.82 -4.63174
5.83 -4.63184
5.84 -4.63196
5.85 -4.6321
5.86 -4.63225
5.87 -4.63241
5.88 -4.63259
5.89 -4.63279
5.9 -4.633
5.91 -4.63323
5.92 -4.63347
5.93 -4.63373
5.94 -4.634
5.95 -4.63429
5.96 -4.6346
5.97 -4.63493
5.98 -4.63527
5.99 -4.63562
6 -4.636
6.01 -4.63639
6.02 -4.6368
6.03 -4.63722
6.04 -4.63766
6.05 -4.63812
6.06 -4.6386
6.07 -4.6391
6.08 -4.63961
6.09 -4.64014
6.1 -4.64069
6.11 -4.64125
6.12 -4.64184
6.13 -4.64244
6.14 -4.64306
6.15 -4.6437
6.16 -4.64436
6.17 -4.64503
6.18 -4.64573
6.19 -4.64645
6.2 -4.64718
6.21 -4.64793
6.22 -4.64871
6.23 -4.6495
6.24 -4.65031
6.25 -4.65114
6.26 -4.65199
6.27 -4.65287
6.28 -4.65376
6.29 -4.65467
6.3 -4.6556
6.31 -4.65656
6.32 -4.65753
6.33 -4.65853
6.34 -4.65954
6.35 -4.66058
6.36 -4.66164
6.37 -4.66272
6.38 -4.66382
6.39 -4.66494
6.4 -4.66609
6.41 -4.66725
6.42 -4.66844
6.43 -4.66965
6.44 -4.67088
6.45 -4.67214
6.46 -4.67342
6.47 -4.67472
6.48 -4.67604
6.49 -4.67739
6.5 -4.67876
6.51 -4.68015
6.52 -4.68156
6.53 -4.683
6.54 -4.68447
6.55 -4.68595
6.56 -4.68746
6.57 -4.689
6.58 -4.69055
6.59 -4.69214
6.6 -4.69374
6.61 -4.69537
6.62 -4.69703
6.63 -4.69871
6.64 -4.70041
6.65 -4.70214
6.66 -4.7039
6.67 -4.70568
6.68 -4.70748
6.69 -4.70931
6.7 -4.71117
6.71 -4.71305
6.72 -4.71496
6.73 -4.71689
6.74 -4.71885
6.75 -4.72083
6.76 -4.72284
6.77 -4.72488
6.78 -4.72694
6.79 -4.72903
6.8 -4.73115
6.81 -4.73329
6.82 -4.73546
6.83 -4.73766
6.84 -4.73988
6.85 -4.74213
6.86 -4.7444
6.87 -4.74671
6.88 -4.74904
6.89 -4.7514
6.9 -4.75378
6.91 -4.75619
6.92 -4.75864
6.93 -4.7611
6.94 -4.7636
6.95 -4.76612
6.96 -4.76867
6.97 -4.77125
6.98 -4.77386
6.99 -4.77649
7 -4.77915
7.01 -4.78184
7.02 -4.78456
7.03 -4.78731
7.04 -4.79008
7.05 -4.79289
7.06 -4.79572
7.07 -4.79858
7.08 -4.80146
7.09 -4.80438
7.1 -4.80732
7.11 -4.81029
7.12 -4.8133
7.13 -4.81632
7.14 -4.81938
7.15 -4.82247
7.16 -4.82558
7.17 -4.82872
7.18 -4.83189
7.19 -4.83509
7.2 -4.83832
7.21 -4.84158
7.22 -4.84486
7.23 -4.84817
7.24 -4.85151
7.25 -4.85488
7.26 -4.85828
7.27 -4.8617
7.28 -4.86516
7.29 -4.86864
7.3 -4.87215
7.31 -4.87568
7.32 -4.87925
7.33 -4.88284
7.34 -4.88646
7.35 -4.89011
7.36 -4.89378
7.37 -4.89749
7.38 -4.90122
7.39 -4.90498
7.4 -4.90876
7.41 -4.91257
7.42 -4.91641
7.43 -4.92028
7.44 -4.92417
7.45 -4.9281
7.46 -4.93204
7.47 -4.93602
7.48 -4.94002
7.49 -4.94404
7.5 -4.94809
7.51 -4.95217
7.52 -4.95628
7.53 -4.96041
7.54 -4.96456
7.55 -4.96875
7.56 -4.97295
7.57 -4.97718
7.58 -4.98144
7.59 -4.98572
7.6 -4.99003
7.61 -4.99436
7.62 -4.99872
7.63 -5.0031
7.64 -5.0075
7.65 -5.01193
7.66 -5.01638
7.67 -5.02085
7.68 -5.02535
7.69 -5.02987
7.7 -5.03442
7.71 -5.03898
7.72 -5.04357
7.73 -5.04819
7.74 -5.05282
7.75 -5.05748
7.76 -5.06215
7.77 -5.06685
7.78 -5.07157
7.79 -5.07631
7.8 -5.08108
7.81 -5.08586
7.82 -5.09066
7.83 -5.09549
7.84 -5.10033
7.85 -5.10519
7.86 -5.11007
7.87 -5.11498
7.88 -5.1199
7.89 -5.12484
7.9 -5.1298
7.91 -5.13477
7.92 -5.13977
7.93 -5.14478
7.94 -5.14981
7.95 -5.15486
7.96 -5.15992
7.97 -5.165
7.98 -5.1701
7.99 -5.17522
8 -5.18035
8.01 -5.1855
8.02 -5.19066
8.03 -5.19584
8.04 -5.20103
8.05 -5.20624
8.06 -5.21146
8.07 -5.2167
8.08 -5.22195
8.09 -5.22722
8.1 -5.23249
8.11 -5.23779
8.12 -5.24309
8.13 -5.24841
8.14 -5.25374
8.15 -5.25909
8.16 -5.26445
8.17 -5.26982
8.18 -5.2752
8.19 -5.28059
8.2 -5.28599
8.21 -5.29141
8.22 -5.29683
8.23 -5.30227
8.24 -5.30772
8.25 -5.31317
8.26 -5.31864
8.27 -5.32412
8.28 -5.3296
8.29 -5.3351
8.3 -5.3406
8.31 -5.34612
8.32 -5.35164
8.33 -5.35717
8.34 -5.36271
8.35 -5.36826
8.36 -5.37381
8.37 -5.37937
8.38 -5.38494
8.39 -5.39052
8.4 -5.3961
8.41 -5.40169
8.42 -5.40729
8.43 -5.41289
8.44 -5.4185
8.45 -5.42412
8.46 -5.42974
8.47 -5.43537
8.48 -5.441
8.49 -5.44663
8.5 -5.45228
8.51 -5.45792
8.52 -5.46357
8.53 -5.46923
8.54 -5.47489
8.55 -5.48055
8.56 -5.48622
8.57 -5.49189
8.58 -5.49757
8.59 -5.50325
8.6 -5.50893
8.61 -5.51461
8.62 -5.5203
8.63 -5.52599
8.64 -5.53168
8.65 -5.53737
8.66 -5.54307
8.67 -5.54877
8.68 -5.55447
8.69 -5.56017
8.7 -5.56587
8.71 -5.57157
8.72 -5.57728
8.73 -5.58298
8.74 -5.58869
8.75 -5.59439
8.76 -5.6001
8.77 -5.60581
8.78 -5.61151
8.79 -5.61722
8.8 -5.62292
8.81 -5.62863
8.82 -5.63433
8.83 -5.64004
8.84 -5.64574
8.85 -5.65144
8.86 -5.65714
8.87 -5.66284
8.88 -5.66854
8.89 -5.67423
8.9 -5.67992
8.91 -5.68561
8.92 -5.6913
8.93 -5.69698
8.94 -5.70267
8.95 -5.70834
8.96 -5.71402
8.97 -5.71969
8.98 -5.72536
8.99 -5.73103
9 -5.73669
9.01 -5.74234
9.02 -5.748
9.03 -5.75365
9.04 -5.75929
9.05 -5.76493
9.06 -5.77056
9.07 -5.77619
9.08 -5.78181
9.09 -5.78743
9.1 -5.79304
9.11 -5.79865
9.12 -5.80425
9.13 -5.80984
9.14 -5.81543
9.15 -5.821
9.16 -5.82658
9.17 -5.83214
9.18 -5.8377
9.19 -5.84325
9.2 -5.84879
9.21 -5.85433
9.22 -5.85986
9.23 -5.86537
9.24 -5.87088
9.25 -5.87638
9.26 -5.88188
9.27 -5.88736
9.28 -5.89283
9.29 -5.8983
9.3 -5.90375
9.31 -5.90919
9.32 -5.91463
9.33 -5.92005
9.34 -5.92546
9.35 -5.93086
9.36 -5.93625
9.37 -5.94163
9.38 -5.947
9.39 -5.95236
9.4 -5.9577
9.41 -5.96303
9.42 -5.96835
9.43 -5.97366
9.44 -5.97896
9.45 -5.98424
9.46 -5.98951
9.47 -5.99476
9.48 -6
9.49 -6.00523
9.5 -6.01045
9.51 -6.01565
9.52 -6.02083
9.53 -6.026
9.54 -6.03116
9.55 -6.0363
9.56 -6.04143
9.57 -6.04654
9.58 -6.05164
9.59 -6.05672
9.6 -6.06178
9.61 -6.06683
9.62 -6.07186
9.63 -6.07688
9.64 -6.08188
9.65 -6.08686
9.66 -6.09182
9.67 -6.09677
9.68 -6.1017
9.69 -6.10662
9.7 -6.11151
9.71 -6.11639
9.72 -6.12125
9.73 -6.1261
9.74 -6.13092
9.75 -6.13573
9.76 -6.14052
9.77 -6.14528
9.78 -6.15003
9.79 -6.15477
9.8 -6.15948
9.81 -6.16417
9.82 -6.16885
9.83 -6.1735
9.84 -6.17814
9.85 -6.18275
9.86 -6.18735
9.87 -6.19193
9.88 -6.19648
9.89 -6.20102
9.9 -6.20553
9.91 -6.21003
9.92 -6.21451
9.93 -6.21896
9.94 -6.2234
9.95 -6.22781
9.96 -6.2322
9.97 -6.23658
9.98 -6.24093
9.99 -6.24526
10 -6.24957
10.001 -10
