0 0
0.01 -0.0884094
0.02 -0.0869305
0.03 -0.0854354
0.04 -0.083924
0.05 -0.0823962
0.06 -0.0808518
0.07 -0.0792909
0.08 -0.0777133
0.09 -0.0761189
0.1 -0.0745077
0.11 -0.0728795
0.12 -0.0712344
0.13 -0.0695721
0.14 -0.0678927
0.15 -0.0661961
0.16 -0.0644823
0.17 -0.0627511
0.18 -0.0610025
0.19 -0.0592365
0.2 -0.0574531
0.21 -0.0556522
0.22 -0.0538338
0.23 -0.0519978
0.24 -0.0501443
0.25 -0.0482732
0.26 -0.0463845
0.27 -0.0444782
0.28 -0.0425544
0.29 -0.040613
0.3 -0.0386541
0.31 -0.0366776
0.32 -0.0346837
0.33 -0.0326723
0.34 -0.0306435
0.35 -0.0285974
0.36 -0.0265339
0.37 -0.0244533
0.38 -0.0223555
0.39 -0.0202406
0.4 -0.0181087
0.41 -0.01596
0.42 -0.0137945
0.43 -0.0116123
0.44 -0.00941354
0.45 -0.00719836
0.46 -0.00496688
0.47 -0.00271925
0.48 -0.000455604
0.49 0.00182389
0.5 0.00411908
0.51 0.00642979
0.52 0.00875584
0.53 0.0110971
0.54 0.0134532
0.55 0.0158242
0.56 0.0182097
0.57 0.0206096
0.58 0.0230237
0.59 0.0254517
0.6 0.0278933
0.61 0.0303485
0.62 0.0328169
0.63 0.0352982
0.64 0.0377923
0.65 0.0402989
0.66 0.0428178
0.67 0.0453486
0.68 0.0478912
0.69 0.0504452
0.7 0.0530104
0.71 0.0555866
0.72 0.0581735
0.73 0.0607707
0.74 0.0633781
0.75 0.0659954
0.76 0.0686223
0.77 0.0712586
0.78 0.073904
0.79 0.0765583
0.8 0.0792211
0.81 0.0818924
0.82 0.0845717
0.83 0.087259
0.84 0.0899539
0.85 0.0926563
0.86 0.0953659
0.87 0.0980825
0.88 0.100806
0.89 0.103536
0.9 0.106273
0.91 0.109016
0.92 0.111765
0.93 0.11452
0.94 0.117281
0.95 0.120048
0.96 0.122821
0.97 0.125599
0.98 0.128383
0.99 0.131173
1 0.133968
1.01 0.136768
1.02 0.139574
1.03 0.142386
1.04 0.145203
1.05 0.148026
1.06 0.150854
1.07 0.153688
1.08 0.156528
1.09 0.159374
1.1 0.162227
1.11 0.165085
1.12 0.16795
1.13 0.170822
1.14 0.173701
1.15 0.176587
1.16 0.17948
1.17 0.182381
1.18 0.18529
1.19 0.188207
1.2 0.191132
1.21 0.194067
1.22 0.197011
1.23 0.199964
1.24 0.202928
1.25 0.205901
1.26 0.208886
1.27 0.211881
1.28 0.214888
1.29 0.217907
1.3 0.220938
1.31 0.223982
1.32 0.227039
1.33 0.230109
1.34 0.233194
1.35 0.236293
1.36 0.239407
1.37 0.242536
1.38 0.24568
1.39 0.248841
1.4 0.252019
1.41 0.255213
1.42 0.258425
1.43 0.261654
1.44 0.264901
1.45 0.268167
1.46 0.271452
1.47 0.274756
1.48 0.278079
1.49 0.281423
1.5 0.284786
1.51 0.28817
1.52 0.291574
1.53 0.294999
1.54 0.298446
1.55 0.301914
1.56 0.305403
1.57 0.308915
1.58 0.312448
1.59 0.316003
1.6 0.319581
1.61 0.323181
1.62 0.326803
1.63 0.330448
1.64 0.334115
1.65 0.337805
1.66 0.341517
1.67 0.345252
1.68 0.34901
1.69 0.35279
1.7 0.356592
1.71 0.360416
1.72 0.364263
1.73 0.368132
1.74 0.372022
1.75 0.375935
1.76 0.379868
1.77 0.383824
1.78 0.3878
1.79 0.391797
1.8 0.395815
1.81 0.399853
1.82 0.403911
1.83 0.407989
1.84 0.412086
1.85 0.416203
1.86 0.420338
1.87 0.424492
1.88 0.428664
1.89 0.432854
1.9 0.437061
1.91 0.441286
1.92 0.445527
1.93 0.449784
1.94 0.454057
1.95 0.458346
1.96 0.462649
1.97 0.466968
1.98 0.4713
1.99 0.475647
2 0.480006
2.01 0.484379
2.02 0.488765
2.03 0.493162
2.04 0.497571
2.05 0.501992
2.06 0.506423
2.07 0.510865
2.08 0.515316
2.09 0.519778
2.1 0.524248
2.11 0.528727
2.12 0.533215
2.13 0.53771
2.14 0.542213
2.15 0.546723
2.16 0.55124
2.17 0.555763
2.18 0.560292
2.19 0.564826
2.2 0.569365
2.21 0.57391
2.22 0.578458
2.23 0.583011
2.24 0.587567
2.25 0.592127
2.26 0.59669
2.27 0.601255
2.28 0.605823
2.29 0.610392
2.3 0.614964
2.31 0.619536
2.32 0.62411
2.33 0.628684
2.34 0.633259
2.35 0.637834
2.36 0.642409
2.37 0.646983
2.38 0.651557
2.39 0.65613
2.4 0.660702
2.41 0.665272
2.42 0.669841
2.43 0.674408
2.44 0.678972
2.45 0.683535
2.46 0.688095
2.47 0.692652
2.48 0.697206
2.49 0.701758
2.5 0.706306
2.51 0.71085
2.52 0.715391
2.53 0.719928
2.54 0.724462
2.55 0.728991
2.56 0.733515
2.57 0.738036
2.58 0.742552
2.59 0.747063
2.6 0.75157
2.61 0.756072
2.62 0.760569
2.63 0.76506
2.64 0.769547
2.65 0.774028
2.66 0.778504
2.67 0.782975
2.68 0.78744
2.69 0.791899
2.7 0.796353
2.71 0.800801
2.72 0.805243
2.73 0.80968
2.74 0.81411
2.75 0.818535
2.76 0.822953
2.77 0.827366
2.78 0.831772
2.79 0.836173
2.8 0.840567
2.81 0.844955
2.82 0.849338
2.83 0.853714
2.84 0.858083
2.85 0.862447
2.86 0.866804
2.87 0.871155
2.88 0.8755
2.89 0.879839
2.9 0.884172
2.91 0.888498
2.92 0.892819
2.93 0.897133
2.94 0.901441
2.95 0.905743
2.96 0.910039
2.97 0.914328
2.98 0.918612
2.99 0.92289
3 0.927161
3.01 0.931427
3.02 0.935687
3.03 0.939941
3.04 0.944189
3.05 0.948432
3.06 0.952668
3.07 0.956899
3.08 0.961124
3.09 0.965344
3.1 0.969558
3.11 0.973767
3.12 0.97797
3.13 0.982168
3.14 0.98636
3.15 0.990547
3.16 0.994729
3.17 0.998906
3.18 1.00308
3.19 1.00724
3.2 1.01141
3.21 1.01556
3.22 1.01971
3.23 1.02386
3.24 1.028
3.25 1.03214
3.26 1.03627
3.27 1.0404
3.28 1.04453
3.29 1.04865
3.3 1.05276
3.31 1.05687
3.32 1.06098
3.33 1.06508
3.34 1.06918
3.35 1.07328
3.36 1.07737
3.37 1.08146
3.38 1.08554
3.39 1.08962
3.4 1.0937
3.41 1.09777
3.42 1.10184
3.43 1.10591
3.44 1.10997
3.45 1.11403
3.46 1.11809
3.47 1.12214
3.48 1.12619
3.49 1.13024
3.5 1.13429
3.51 1.13833
3.52 1.14237
3.53 1.14641
3.54 1.15045
3.55 1.15448
3.56 1.15851
3.57 1.16254
3.58 1.16657
3.59 1.17059
3.6 1.17462
3.61 1.17864
3.62 1.18266
3.63 1.18668
3.64 1.19069
3.65 1.19471
3.66 1.19872
3.67 1.20274
3.68 1.20675
3.69 1.21076
3.7 1.21477
3.71 1.21878
3.72 1.22278
3.73 1.22679
3.74 1.2308
3.75 1.2348
3.76 1.23881
3.77 1.24281
3.78 1.24682
3.79 1.25082
3.8 1.25483
3.81 1.25883
3.82 1.26284
3.83 1.26684
3.84 1.27085
3.85 1.27486
3.86 1.27886
3.87 1.28287
3.88 1.28688
3.89 1.29088
3.9 1.29489
3.91 1.2989
3.92 1.30291
3.93 1.30692
3.94 1.31094
3.95 1.31495
3.96 1.31897
3.97 1.32298
3.98 1.327
3.99 1.33102
4 1.33505
4.01 1.33907
4.02 1.34309
4.03 1.34712
4.04 1.35115
4.05 1.35518
4.06 1.35922
4.07 1.36325
4.08 1.36729
4.09 1.37134
4.1 1.37538
4.11 1.37943
4.12 1.38348
4.13 1.38753
4.14 1.39158
4.15 1.39564
4.16 1.3997
4.17 1.40377
4.18 1.40784
4.19 1.41191
4.2 1.41599
4.21 1.42007
4.22 1.42415
4.23 1.42824
4.24 1.43233
4.25 1.43642
4.26 1.44052
4.27 1.44462
4.28 1.44873
4.29 1.45284
4.3 1.45696
4.31 1.46108
4.32 1.4652
4.33 1.46933
4.34 1.47347
4.35 1.47761
4.36 1.48175
4.37 1.4859
4.38 1.49006
4.39 1.49422
4.4 1.49839
4.41 1.50256
4.42 1.50674
4.43 1.51092
4.44 1.51511
4.45 1.5193
4.46 1.5235
4.47 1.52771
4.48 1.53192
4.49 1.53614
4.5 1.54037
4.51 1.5446
4.52 1.54884
4.53 1.55308
4.54 1.55733
4.55 1.56159
4.56 1.56586
4.57 1.57013
4.58 1.57441
4.59 1.5787
4.6 1.58299
4.61 1.58729
4.62 1.5916
4.63 1.59592
4.64 1.60024
4.65 1.60457
4.66 1.60891
4.67 1.61326
4.68 1.61762
4.69 1.62198
4.7 1.62636
4.71 1.63074
4.72 1.63513
4.73 1.63952
4.74 1.64393
4.75 1.64835
4.76 1.65277
4.77 1.6572
4.78 1.66164
4.79 1.6661
4.8 1.67056
4.81 1.67503
4.82 1.67951
4.83 1.68399
4.84 1.68849
4.85 1.693
4.86 1.69752
4.87 1.70205
4.88 1.70659
4.89 1.71113
4.9 1.71569
4.91 1.72026
4.92 1.72484
4.93 1.72943
4.94 1.73403
4.95 1.73864
4.96 1.74326
4.97 1.74789
4.98 1.75254
4.99 1.75719
5 1.76186
5.01 1.76654
5.02 1.77123
5.03 1.77593
5.04 1.78064
5.05 1.78536
5.06 1.7901
5.07 1.79485
5.08 1.7996
5.09 1.80438
5.1 1.80916
5.11 1.81396
5.12 1.81877
5.13 1.82359
5.14 1.82842
5.15 1.83327
5.16 1.83813
5.17 1.843
5.18 1.84788
5.19 1.85278
5.2 1.85769
5.21 1.86262
5.22 1.86756
5.23 1.87251
5.24 1.87748
5.25 1.88246
5.26 1.88745
5.27 1.89246
5.28 1.89748
5.29 1.90252
5.3 1.90757
5.31 1.91263
5.32 1.91771
5.33 1.9228
5.34 1.92791
5.35 1.93303
5.36 1.93817
5.37 1.94332
5.38 1.94849
5.39 1.95368
5.4 1.95887
5.41 1.96409
5.42 1.96932
5.43 1.97456
5.44 1.97982
5.45 1.9851
5.46 1.99039
5.47 1.9957
5.48 2.00103
5.49 2.00637
5.5 2.01173
5.51 2.0171
5.52 2.02249
5.53 2.0279
5.54 2.03332
5.55 2.03876
5.56 2.04422
5.57 2.0497
5.58 2.05519
5.59 2.0607
5.6 2.06622
5.61 2.07177
5.62 2.07733
5.63 2.08291
5.64 2.08851
5.65 2.09412
5.66 2.09975
5.67 2.10541
5.68 2.11108
5.69 2.11676
5.7 2.12247
5.71 2.12819
5.72 2.13394
5.73 2.1397
5.74 2.14548
5.75 2.15128
5.76 2.1571
5.77 2.16294
5.78 2.16879
5.79 2.17467
5.8 2.18056
5.81 2.18648
5.82 2.19241
5.83 2.19837
5.84 2.20434
5.85 2.21034
5.86 2.21635
5.87 2.22238
5.88 2.22844
5.89 2.23451
5.9 2.24061
5.91 2.24672
5.92 2.25286
5.93 2.25902
5.94 2.26519
5.95 2.27139
5.96 2.27761
5.97 2.28385
5.98 2.29011
5.99 2.29639
6 2.30269
6.01 2.30902
6.02 2.31537
6.03 2.32173
6.04 2.32812
6.05 2.33453
6.06 2.34096
6.07 2.34742
6.08 2.3539
6.09 2.36039
6.1 2.36691
6.11 2.37346
6.12 2.38002
6.13 2.38661
6.14 2.39322
6.15 2.39985
6.16 2.4065
6.17 2.41318
6.18 2.41988
6.19 2.4266
6.2 2.43335
6.21 2.44011
6.22 2.4469
6.23 2.45372
6.24 2.46056
6.25 2.46742
6.26 2.4743
6.27 2.4812
6.28 2.48813
6.29 2.49509
6.3 2.50206
6.31 2.50906
6.32 2.51609
6.33 2.52313
6.34 2.5302
6.35 2.5373
6.36 2.54442
6.37 2.55156
6.38 2.55872
6.39 2.56591
6.4 2.57313
6.41 2.58036
6.42 2.58762
6.43 2.59491
6.44 2.60222
6.45 2.60955
6.46 2.61691
6.47 2.62429
6.48 2.63169
6.49 2.63912
6.5 2.64657
6.51 2.65405
6.52 2.66155
6.53 2.66908
6.54 2.67663
6.55 2.6842
6.56 2.6918
6.57 2.69942
6.58 2.70707
6.59 2.71474
6.6 2.72243
6.61 2.73015
6.62 2.73789
6.63 2.74566
6.64 2.75345
6.65 2.76126
6.66 2.7691
6.67 2.77696
6.68 2.78485
6.69 2.79276
6.7 2.80069
6.71 2.80865
6.72 2.81663
6.73 2.82463
6.74 2.83266
6.75 2.84071
6.76 2.84879
6.77 2.85689
6.78 2.86501
6.79 2.87315
6.8 2.88132
6.81 2.88951
6.82 2.89773
6.83 2.90596
6.84 2.91422
6.85 2.92251
6.86 2.93081
6.87 2.93914
6.88 2.94749
6.89 2.95586
6.9 2.96425
6.91 2.97267
6.92 2.9811
6.93 2.98956
6.94 2.99804
6.95 3.00655
6.96 3.01507
6.97 3.02361
6.98 3.03218
6.99 3.04076
7 3.04937
7.01 3.058
7.02 3.06664
7.03 3.07531
7.04 3.084
7.05 3.0927
7.06 3.10143
7.07 3.11017
7.08 3.11894
7.09 3.12772
7.1 3.13652
7.11 3.14534
7.12 3.15417
7.13 3.16303
7.14 3.1719
7.15 3.18079
7.16 3.1897
7.17 3.19862
7.18 3.20756
7.19 3.21651
7.2 3.22548
7.21 3.23447
7.22 3.24347
7.23 3.25249
7.24 3.26152
7.25 3.27057
7.26 3.27963
7.27 3.2887
7.28 3.29779
7.29 3.30689
7.3 3.316
7.31 3.32513
7.32 3.33427
7.33 3.34342
7.34 3.35258
7.35 3.36175
7.36 3.37093
7.37 3.38012
7.38 3.38932
7.39 3.39853
7.4 3.40775
7.41 3.41698
7.42 3.42622
7.43 3.43546
7.44 3.44471
7.45 3.45397
7.46 3.46324
7.47 3.47251
7.48 3.48178
7.49 3.49106
7.5 3.50035
7.51 3.50964
7.52 3.51893
7.53 3.52823
7.54 3.53753
7.55 3.54683
7.56 3.55613
7.57 3.56544
7.58 3.57474
7.59 3.58405
7.6 3.59336
7.61 3.60266
7.62 3.61196
7.63 3.62127
7.64 3.63057
7.65 3.63986
7.66 3.64916
7.67 3.65845
7.68 3.66773
7.69 3.67701
7.7 3.68629
7.71 3.69556
7.72 3.70482
7.73 3.71408
7.74 3.72332
7.75 3.73256
7.76 3.74179
7.77 3.75102
7.78 3.76023
7.79 3.76943
7.8 3.77862
7.81 3.7878
7.82 3.79697
7.83 3.80612
7.84 3.81527
7.85 3.82439
7.86 3.83351
7.87 3.84261
7.88 3.85169
7.89 3.86076
7.9 3.86981
7.91 3.87884
7.92 3.88786
7.93 3.89686
7.94 3.90583
7.95 3.91479
7.96 3.92373
7.97 3.93265
7.98 3.94155
7.99 3.95043
8 3.95928
8.01 3.96812
8.02 3.97692
8.03 3.98571
8.04 3.99447
8.05 4.00321
8.06 4.01192
8.07 4.0206
8.08 4.02926
8.09 4.03789
8.1 4.04649
8.11 4.05507
8.12 4.06362
8.13 4.07213
8.14 4.08062
8.15 4.08908
8.16 4.09751
8.17 4.1059
8.18 4.11427
8.19 4.1226
8.2 4.1309
8.21 4.13917
8.22 4.14741
8.23 4.15561
8.24 4.16377
8.25 4.1719
8.26 4.18
8.27 4.18806
8.28 4.19609
8.29 4.20407
8.3 4.21202
8.31 4.21994
8.32 4.22781
8.33 4.23565
8.34 4.24345
8.35 4.25121
8.36 4.25893
8.37 4.26661
8.38 4.27425
8.39 4.28186
8.4 4.28942
8.41 4.29694
8.42 4.30441
8.43 4.31185
8.44 4.31924
8.45 4.3266
8.46 4.33391
8.47 4.34117
8.48 4.34839
8.49 4.35557
8.5 4.36271
8.51 4.3698
8.52 4.37685
8.53 4.38385
8.54 4.39081
8.55 4.39773
8.56 4.4046
8.57 4.41142
8.58 4.4182
8.59 4.42493
8.6 4.43161
8.61 4.43825
8.62 4.44485
8.63 4.4514
8.64 4.4579
8.65 4.46435
8.66 4.47076
8.67 4.47712
8.68 4.48343
8.69 4.4897
8.7 4.49592
8.71 4.50209
8.72 4.50821
8.73 4.51429
8.74 4.52032
8.75 4.5263
8.76 4.53223
8.77 4.53812
8.78 4.54396
8.79 4.54975
8.8 4.55549
8.81 4.56118
8.82 4.56683
8.83 4.57243
8.84 4.57798
8.85 4.58348
8.86 4.58894
8.87 4.59434
8.88 4.5997
8.89 4.60502
8.9 4.61028
8.91 4.6155
8.92 4.62067
8.93 4.62579
8.94 4.63086
8.95 4.63589
8.96 4.64087
8.97 4.6458
8.98 4.65069
8.99 4.65553
9 4.66032
9.01 4.66507
9.02 4.66977
9.03 4.67442
9.04 4.67903
9.05 4.68359
9.06 4.68811
9.07 4.69258
9.08 4.697
9.09 4.70138
9.1 4.70571
9.11 4.71
9.12 4.71425
9.13 4.71844
9.14 4.7226
9.15 4.72671
9.16 4.73078
9.17 4.7348
9.18 4.73878
9.19 4.74272
9.2 4.74661
9.21 4.75046
9.22 4.75427
9.23 4.75803
9.24 4.76175
9.25 4.76544
9.26 4.76907
9.27 4.77267
9.28 4.77623
9.29 4.77975
9.3 4.78322
9.31 4.78666
9.32 4.79005
9.33 4.79341
9.34 4.79672
9.35 4.8
9.36 4.80323
9.37 4.80643
9.38 4.80959
9.39 4.81271
9.4 4.8158
9.41 4.81884
9.42 4.82185
9.43 4.82483
9.44 4.82776
9.45 4.83066
9.46 4.83352
9.47 4.83635
9.48 4.83914
9.49 4.8419
9.5 4.84462
9.51 4.84731
9.52 4.84996
9.53 4.85258
9.54 4.85517
9.55 4.85772
9.56 4.86024
9.57 4.86273
9.58 4.86518
9.59 4.8676
9.6 4.86999
9.61 4.87235
9.62 4.87468
9.63 4.87698
9.64 4.87924
9.65 4.88148
9.66 4.88369
9.67 4.88587
9.68 4.88801
9.69 4.89013
9.7 4.89222
9.71 4.89429
9.72 4.89632
9.73 4.89833
9.74 4.90031
9.75 4.90226
9.76 4.90418
9.77 4.90608
9.78 4.90796
9.79 4.9098
9.8 4.91163
9.81 4.91342
9.82 4.9152
9.83 4.91694
9.84 4.91867
9.85 4.92036
9.86 4.92204
9.87 4.92369
9.88 4.92532
9.89 4.92693
9.9 4.92851
9.91 4.93007
9.92 4.93161
9.93 4.93313
9.94 4.93463
9.95 4.9361
9.96 4.93755
9.97 4.93899
9.98 4.9404
9.99 4.9418
10 4.94317
10.001 0
