0 5
0.01 4.35956
0.02 4.3622
0.03 4.36489
0.04 4.36761
0.05 4.37037
0.06 4.37317
0.07 4.376
0.08 4.37888
0.09 4.3818
0.1 4.38475
0.11 4.38775
0.12 4.39079
0.13 4.39387
0.14 4.39699
0.15 4.40016
0.16 4.40337
0.17 4.40662
0.18 4.40992
0.19 4.41327
0.2 4.41666
0.21 4.4201
0.22 4.42358
0.23 4.42712
0.24 4.4307
0.25 4.43433
0.26 4.43801
0.27 4.44174
0.28 4.44552
0.29 4.44935
0.3 4.45324
0.31 4.45718
0.32 4.46117
0.33 4.46522
0.34 4.46932
0.35 4.47347
0.36 4.47768
0.37 4.48195
0.38 4.48628
0.39 4.49066
0.4 4.4951
0.41 4.4996
0.42 4.50416
0.43 4.50878
0.44 4.51346
0.45 4.51821
0.46 4.52301
0.47 4.52788
0.48 4.53281
0.49 4.5378
0.5 4.54286
0.51 4.54798
0.52 4.55317
0.53 4.55843
0.54 4.56375
0.55 4.56914
0.56 4.57459
0.57 4.58012
0.58 4.58571
0.59 4.59137
0.6 4.5971
0.61 4.6029
0.62 4.60878
0.63 4.61472
0.64 4.62073
0.65 4.62682
0.66 4.63297
0.67 4.6392
0.68 4.6455
0.69 4.65188
0.7 4.65832
0.71 4.66485
0.72 4.67144
0.73 4.67811
0.74 4.68485
0.75 4.69166
0.76 4.69855
0.77 4.70552
0.78 4.71255
0.79 4.71966
0.8 4.72685
0.81 4.73411
0.82 4.74144
0.83 4.74885
0.84 4.75633
0.85 4.76388
0.86 4.77151
0.87 4.77921
0.88 4.78698
0.89 4.79482
0.9 4.80274
0.91 4.81072
0.92 4.81878
0.93 4.8269
0.94 4.8351
0.95 4.84336
0.96 4.85169
0.97 4.86009
0.98 4.86855
0.99 4.87708
1 4.88568
1.01 4.89433
1.02 4.90305
1.03 4.91183
1.04 4.92068
1.05 4.92958
1.06 4.93853
1.07 4.94755
1.08 4.95662
1.09 4.96574
1.1 4.97492
1.11 4.98415
1.12 4.99343
1.13 5.00275
1.14 5.01213
1.15 5.02154
1.16 5.03101
1.17 5.04051
1.18 5.05005
1.19 5.05963
1.2 5.06925
1.21 5.0789
1.22 5.08859
1.23 5.0983
1.24 5.10805
1.25 5.11782
1.26 5.12762
1.27 5.13744
1.28 5.14728
1.29 5.15714
1.3 5.16702
1.31 5.17691
1.32 5.18682
1.33 5.19674
1.34 5.20666
1.35 5.2166
1.36 5.22654
1.37 5.23648
1.38 5.24642
1.39 5.25636
1.4 5.2663
1.41 5.27623
1.42 5.28615
1.43 5.29606
1.44 5.30597
1.45 5.31586
1.46 5.32573
1.47 5.33559
1.48 5.34542
1.49 5.35524
1.5 5.36503
1.51 5.3748
1.52 5.38454
1.53 5.39426
1.54 5.40394
1.55 5.41359
1.56 5.4232
1.57 5.43279
1.58 5.44233
1.59 5.45184
1.6 5.4613
1.61 5.47073
1.62 5.48011
1.63 5.48945
1.64 5.49874
1.65 5.50799
1.66 5.51718
1.67 5.52633
1.68 5.53543
1.69 5.54447
1.7 5.55347
1.71 5.5624
1.72 5.57129
1.73 5.58012
1.74 5.58889
1.75 5.5976
1.76 5.60626
1.77 5.61485
1.78 5.62339
1.79 5.63186
1.8 5.64028
1.81 5.64863
1.82 5.65692
1.83 5.66514
1.84 5.67331
1.85 5.68141
1.86 5.68944
1.87 5.69741
1.88 5.70532
1.89 5.71316
1.9 5.72093
1.91 5.72864
1.92 5.73628
1.93 5.74385
1.94 5.75136
1.95 5.75881
1.96 5.76618
1.97 5.77349
1.98 5.78073
1.99 5.78791
2 5.79502
2.01 5.80206
2.02 5.80904
2.03 5.81595
2.04 5.82279
2.05 5.82957
2.06 5.83628
2.07 5.84293
2.08 5.84951
2.09 5.85603
2.1 5.86248
2.11 5.86886
2.12 5.87519
2.13 5.88144
2.14 5.88764
2.15 5.89377
2.16 5.89984
2.17 5.90584
2.18 5.91178
2.19 5.91766
2.2 5.92348
2.21 5.92924
2.22 5.93494
2.23 5.94058
2.24 5.94615
2.25 5.95167
2.26 5.95713
2.27 5.96253
2.28 5.96787
2.29 5.97315
2.3 5.97838
2.31 5.98355
2.32 5.98867
2.33 5.99372
2.34 5.99873
2.35 6.00368
2.36 6.00857
2.37 6.01341
2.38 6.0182
2.39 6.02293
2.4 6.02761
2.41 6.03224
2.42 6.03682
2.43 6.04135
2.44 6.04583
2.45 6.05026
2.46 6.05464
2.47 6.05897
2.48 6.06325
2.49 6.06748
2.5 6.07167
2.51 6.07581
2.52 6.0799
2.53 6.08395
2.54 6.08795
2.55 6.09191
2.56 6.09583
2.57 6.09969
2.58 6.10352
2.59 6.1073
2.6 6.11104
2.61 6.11474
2.62 6.1184
2.63 6.12202
2.64 6.12559
2.65 6.12913
2.66 6.13262
2.67 6.13608
2.68 6.1395
2.69 6.14288
2.7 6.14622
2.71 6.14952
2.72 6.15279
2.73 6.15602
2.74 6.15921
2.75 6.16237
2.76 6.16549
2.77 6.16858
2.78 6.17163
2.79 6.17465
2.8 6.17764
2.81 6.18059
2.82 6.18351
2.83 6.18639
2.84 6.18924
2.85 6.19207
2.86 6.19486
2.87 6.19761
2.88 6.20034
2.89 6.20304
2.9 6.20571
2.91 6.20835
2.92 6.21095
2.93 6.21353
2.94 6.21608
2.95 6.21861
2.96 6.2211
2.97 6.22357
2.98 6.226
2.99 6.22842
3 6.2308
3.01 6.23316
3.02 6.23549
3.03 6.2378
3.04 6.24008
3.05 6.24233
3.06 6.24456
3.07 6.24677
3.08 6.24895
3.09 6.25111
3.1 6.25324
3.11 6.25535
3.12 6.25744
3.13 6.2595
3.14 6.26154
3.15 6.26356
3.16 6.26555
3.17 6.26753
3.18 6.26948
3.19 6.27141
3.2 6.27331
3.21 6.2752
3.22 6.27707
3.23 6.27891
3.24 6.28074
3.25 6.28254
3.26 6.28433
3.27 6.28609
3.28 6.28784
3.29 6.28956
3.3 6.29127
3.31 6.29296
3.32 6.29462
3.33 6.29628
3.34 6.29791
3.35 6.29952
3.36 6.30112
3.37 6.30269
3.38 6.30425
3.39 6.3058
3.4 6.30732
3.41 6.30883
3.42 6.31032
3.43 6.3118
3.44 6.31325
3.45 6.3147
3.46 6.31612
3.47 6.31753
3.48 6.31892
3.49 6.3203
3.5 6.32166
3.51 6.32301
3.52 6.32434
3.53 6.32565
3.54 6.32695
3.55 6.32824
3.56 6.32951
3.57 6.33077
3.58 6.33201
3.59 6.33323
3.6 6.33445
3.61 6.33565
3.62 6.33683
3.63 6.338
3.64 6.33916
3.65 6.3403
3.66 6.34143
3.67 6.34255
3.68 6.34365
3.69 6.34474
3.7 6.34582
3.71 6.34688
3.72 6.34793
3.73 6.34897
3.74 6.35
3.75 6.35101
3.76 6.35201
3.77 6.353
3.78 6.35398
3.79 6.35494
3.8 6.35589
3.81 6.35683
3.82 6.35776
3.83 6.35868
3.84 6.35958
3.85 6.36047
3.86 6.36135
3.87 6.36222
3.88 6.36308
3.89 6.36393
3.9 6.36477
3.91 6.36559
3.92 6.3664
3.93 6.36721
3.94 6.368
3.95 6.36878
3.96 6.36955
3.97 6.37031
3.98 6.37106
3.99 6.3718
4 6.37253
4.01 6.37324
4.02 6.37395
4.03 6.37465
4.04 6.37533
4.05 6.37601
4.06 6.37668
4.07 6.37733
4.08 6.37798
4.09 6.37861
4.1 6.37924
4.11 6.37986
4.12 6.38046
4.13 6.38106
4.14 6.38165
4.15 6.38222
4.16 6.38279
4.17 6.38335
4.18 6.3839
4.19 6.38444
4.2 6.38497
4.21 6.38549
4.22 6.386
4.23 6.3865
4.24 6.38699
4.25 6.38748
4.26 6.38795
4.27 6.38841
4.28 6.38887
4.29 6.38932
4.3 6.38975
4.31 6.39018
4.32 6.3906
4.33 6.39101
4.34 6.39141
4.35 6.39181
4.36 6.39219
4.37 6.39256
4.38 6.39293
4.39 6.39329
4.4 6.39364
4.41 6.39398
4.42 6.39431
4.43 6.39463
4.44 6.39494
4.45 6.39525
4.46 6.39554
4.47 6.39583
4.48 6.39611
4.49 6.39638
4.5 6.39664
4.51 6.39689
4.52 6.39714
4.53 6.39737
4.54 6.3976
4.55 6.39782
4.56 6.39803
4.57 6.39823
4.58 6.39842
4.59 6.39861
4.6 6.39879
4.61 6.39895
4.62 6.39911
4.63 6.39926
4.64 6.39941
4.65 6.39954
4.66 6.39967
4.67 6.39978
4.68 6.39989
4.69 6.39999
4.7 6.40009
4.71 6.40017
4.72 6.40024
4.73 6.40031
4.74 6.40037
4.75 6.40042
4.76 6.40046
4.77 6.40049
4.78 6.40052
4.79 6.40053
4.8 6.40054
4.81 6.40054
4.82 6.40053
4.83 6.40052
4.84 6.40049
4.85 6.40046
4.86 6.40041
4.87 6.40036
4.88 6.4003
4.89 6.40023
4.9 6.40016
4.91 6.40007
4.92 6.39998
4.93 6.39988
4.94 6.39977
4.95 6.39965
4.96 6.39952
4.97 6.39938
4.98 6.39924
4.99 6.39908
5 6.39892
5.01 6.39875
5.02 6.39857
5.03 6.39838
5.04 6.39818
5.05 6.39798
5.06 6.39776
5.07 6.39754
5.08 6.39731
5.09 6.39707
5.1 6.39682
5.11 6.39656
5.12 6.39629
5.13 6.39602
5.14 6.39573
5.15 6.39544
5.16 6.39514
5.17 6.39483
5.18 6.39451
5.19 6.39418
5.2 6.39384
5.21 6.39349
5.22 6.39313
5.23 6.39277
5.24 6.39239
5.25 6.39201
5.26 6.39161
5.27 6.39121
5.28 6.3908
5.29 6.39038
5.3 6.38995
5.31 6.38951
5.32 6.38906
5.33 6.3886
5.34 6.38813
5.35 6.38766
5.36 6.38717
5.37 6.38667
5.38 6.38617
5.39 6.38565
5.4 6.38513
5.41 6.38459
5.42 6.38405
5.43 6.3835
5.44 6.38293
5.45 6.38236
5.46 6.38178
5.47 6.38118
5.48 6.38058
5.49 6.37997
5.5 6.37934
5.51 6.37871
5.52 6.37807
5.53 6.37742
5.54 6.37675
5.55 6.37608
5.56 6.3754
5.57 6.3747
5.58 6.374
5.59 6.37329
5.6 6.37256
5.61 6.37183
5.62 6.37108
5.63 6.37033
5.64 6.36956
5.65 6.36878
5.66 6.368
5.67 6.3672
5.68 6.36639
5.69 6.36557
5.7 6.36474
5.71 6.3639
5.72 6.36305
5.73 6.36219
5.74 6.36132
5.75 6.36043
5.76 6.35954
5.77 6.35863
5.78 6.35771
5.79 6.35679
5.8 6.35585
5.81 6.3549
5.82 6.35393
5.83 6.35296
5.84 6.35198
5.85 6.35098
5.86 6.34997
5.87 6.34896
5.88 6.34793
5.89 6.34689
5.9 6.34583
5.91 6.34477
5.92 6.34369
5.93 6.3426
5.94 6.3415
5.95 6.34039
5.96 6.33927
5.97 6.33813
5.98 6.33699
5.99 6.33583
6 6.33466
6.01 6.33347
6.02 6.33228
6.03 6.33107
6.04 6.32985
6.05 6.32862
6.06 6.32738
6.07 6.32612
6.08 6.32485
6.09 6.32357
6.1 6.32228
6.11 6.32097
6.12 6.31965
6.13 6.31832
6.14 6.31698
6.15 6.31562
6.16 6.31425
6.17 6.31287
6.18 6.31148
6.19 6.31007
6.2 6.30865
6.21 6.30722
6.22 6.30577
6.23 6.30431
6.24 6.30284
6.25 6.30135
6.26 6.29986
6.27 6.29835
6.28 6.29682
6.29 6.29528
6.3 6.29373
6.31 6.29217
6.32 6.29059
6.33 6.289
6.34 6.2874
6.35 6.28578
6.36 6.28415
6.37 6.28251
6.38 6.28085
6.39 6.27918
6.4 6.27749
6.41 6.2758
6.42 6.27408
6.43 6.27236
6.44 6.27062
6.45 6.26887
6.46 6.2671
6.47 6.26532
6.48 6.26352
6.49 6.26172
6.5 6.2599
6.51 6.25806
6.52 6.25621
6.53 6.25435
6.54 6.25247
6.55 6.25058
6.56 6.24867
6.57 6.24675
6.58 6.24482
6.59 6.24287
6.6 6.24091
6.61 6.23893
6.62 6.23694
6.63 6.23494
6.64 6.23292
6.65 6.23089
6.66 6.22884
6.67 6.22678
6.68 6.22471
6.69 6.22262
6.7 6.22052
6.71 6.2184
6.72 6.21627
6.73 6.21412
6.74 6.21196
6.75 6.20979
6.76 6.2076
6.77 6.2054
6.78 6.20318
6.79 6.20095
6.8 6.19871
6.81 6.19645
6.82 6.19418
6.83 6.19189
6.84 6.18959
6.85 6.18727
6.86 6.18494
6.87 6.1826
6.88 6.18024
6.89 6.17786
6.9 6.17548
6.91 6.17308
6.92 6.17066
6.93 6.16823
6.94 6.16579
6.95 6.16333
6.96 6.16086
6.97 6.15838
6.98 6.15588
6.99 6.15337
7 6.15084
7.01 6.1483
7.02 6.14574
7.03 6.14318
7.04 6.14059
7.05 6.138
7.06 6.13539
7.07 6.13277
7.08 6.13013
7.09 6.12748
7.1 6.12482
7.11 6.12214
7.12 6.11945
7.13 6.11674
7.14 6.11403
7.15 6.1113
7.16 6.10855
7.17 6.1058
7.18 6.10303
7.19 6.10024
7.2 6.09745
7.21 6.09464
7.22 6.09182
7.23 6.08898
7.24 6.08613
7.25 6.08327
7.26 6.0804
7.27 6.07751
7.28 6.07462
7.29 6.07171
7.3 6.06878
7.31 6.06585
7.32 6.0629
7.33 6.05994
7.34 6.05697
7.35 6.05399
7.36 6.05099
7.37 6.04799
7.38 6.04497
7.39 6.04194
7.4 6.0389
7.41 6.03584
7.42 6.03278
7.43 6.0297
7.44 6.02662
7.45 6.02352
7.46 6.02041
7.47 6.01729
7.48 6.01416
7.49 6.01102
7.5 6.00787
7.51 6.00471
7.52 6.00154
7.53 5.99836
7.54 5.99516
7.55 5.99196
7.56 5.98875
7.57 5.98553
7.58 5.9823
7.59 5.97906
7.6 5.97581
7.61 5.97255
7.62 5.96928
7.63 5.966
7.64 5.96271
7.65 5.95942
7.66 5.95612
7.67 5.9528
7.68 5.94948
7.69 5.94615
7.7 5.94281
7.71 5.93947
7.72 5.93612
7.73 5.93275
7.74 5.92939
7.75 5.92601
7.76 5.92263
7.77 5.91923
7.78 5.91584
7.79 5.91243
7.8 5.90902
7.81 5.9056
7.82 5.90218
7.83 5.89874
7.84 5.89531
7.85 5.89186
7.86 5.88841
7.87 5.88495
7.88 5.88149
7.89 5.87802
7.9 5.87455
7.91 5.87107
7.92 5.86759
7.93 5.8641
7.94 5.86061
7.95 5.85711
7.96 5.8536
7.97 5.8501
7.98 5.84658
7.99 5.84307
8 5.83955
8.01 5.83602
8.02 5.83249
8.03 5.82896
8.04 5.82543
8.05 5.82189
8.06 5.81834
8.07 5.8148
8.08 5.81125
8.09 5.8077
8.1 5.80414
8.11 5.80059
8.12 5.79703
8.13 5.79347
8.14 5.7899
8.15 5.78634
8.16 5.78277
8.17 5.7792
8.18 5.77563
8.19 5.77205
8.2 5.76848
8.21 5.7649
8.22 5.76133
8.23 5.75775
8.24 5.75417
8.25 5.75059
8.26 5.74701
8.27 5.74343
8.28 5.73985
8.29 5.73627
8.3 5.73269
8.31 5.7291
8.32 5.72552
8.33 5.72194
8.34 5.71836
8.35 5.71478
8.36 5.7112
8.37 5.70762
8.38 5.70404
8.39 5.70046
8.4 5.69689
8.41 5.69331
8.42 5.68974
8.43 5.68617
8.44 5.68259
8.45 5.67903
8.46 5.67546
8.47 5.67189
8.48 5.66833
8.49 5.66476
8.5 5.6612
8.51 5.65765
8.52 5.65409
8.53 5.65054
8.54 5.64699
8.55 5.64344
8.56 5.6399
8.57 5.63635
8.58 5.63281
8.59 5.62928
8.6 5.62574
8.61 5.62222
8.62 5.61869
8.63 5.61517
8.64 5.61165
8.65 5.60813
8.66 5.60462
8.67 5.60111
8.68 5.59761
8.69 5.59411
8.7 5.59061
8.71 5.58712
8.72 5.58363
8.73 5.58015
8.74 5.57667
8.75 5.5732
8.76 5.56973
8.77 5.56626
8.78 5.5628
8.79 5.55935
8.8 5.5559
8.81 5.55246
8.82 5.54902
8.83 5.54558
8.84 5.54215
8.85 5.53873
8.86 5.53531
8.87 5.5319
8.88 5.52849
8.89 5.52509
8.9 5.5217
8.91 5.51831
8.92 5.51493
8.93 5.51155
8.94 5.50818
8.95 5.50482
8.96 5.50146
8.97 5.49811
8.98 5.49477
8.99 5.49143
9 5.4881
9.01 5.48477
9.02 5.48146
9.03 5.47815
9.04 5.47484
9.05 5.47155
9.06 5.46826
9.07 5.46498
9.08 5.4617
9.09 5.45844
9.1 5.45518
9.11 5.45193
9.12 5.44868
9.13 5.44545
9.14 5.44222
9.15 5.439
9.16 5.43579
9.17 5.43258
9.18 5.42939
9.19 5.4262
9.2 5.42302
9.21 5.41985
9.22 5.41669
9.23 5.41353
9.24 5.41039
9.25 5.40725
9.26 5.40412
9.27 5.401
9.28 5.39789
9.29 5.39479
9.3 5.3917
9.31 5.38862
9.32 5.38554
9.33 5.38248
9.34 5.37943
9.35 5.37638
9.36 5.37334
9.37 5.37032
9.38 5.3673
9.39 5.36429
9.4 5.3613
9.41 5.35831
9.42 5.35533
9.43 5.35237
9.44 5.34941
9.45 5.34646
9.46 5.34352
9.47 5.3406
9.48 5.33768
9.49 5.33478
9.5 5.33188
9.51 5.32899
9.52 5.32612
9.53 5.32326
9.54 5.3204
9.55 5.31756
9.56 5.31473
9.57 5.31191
9.58 5.3091
9.59 5.3063
9.6 5.30351
9.61 5.30073
9.62 5.29796
9.63 5.29521
9.64 5.29246
9.65 5.28973
9.66 5.28701
9.67 5.2843
9.68 5.2816
9.69 5.27891
9.7 5.27623
9.71 5.27357
9.72 5.27092
9.73 5.26827
9.74 5.26564
9.75 5.26302
9.76 5.26041
9.77 5.25782
9.78 5.25523
9.79 5.25266
9.8 5.2501
9.81 5.24755
9.82 5.24501
9.83 5.24248
9.84 5.23997
9.85 5.23746
9.86 5.23497
9.87 5.23249
9.88 5.23002
9.89 5.22757
9.9 5.22512
9.91 5.22269
9.92 5.22027
9.93 5.21786
9.94 5.21546
9.95 5.21308
9.96 5.2107
9.97 5.20834
9.98 5.20599
9.99 5.20365
10 5.20132
10.001 5
