0 -10
0.01 -8.17192
0.02 -8.16692
0.03 -8.16191
0.04 -8.15688
0.05 -8.15184
0.06 -8.14679
0.07 -8.14172
0.08 -8.13664
0.09 -8.13155
0.1 -8.12644
0.11 -8.12132
0.12 -8.11618
0.13 -8.11103
0.14 -8.10586
0.15 -8.10068
0.16 -8.09549
0.17 -8.09028
0.18 -8.08505
0.19 -8.07981
0.2 -8.07455
0.21 -8.06928
0.22 -8.064
0.23 -8.05869
0.24 -8.05337
0.25 -8.04804
0.26 -8.04269
0.27 -8.03732
0.28 -8.03193
0.29 -8.02653
0.3 -8.02111
0.31 -8.01568
0.32 -8.01022
0.33 -8.00475
0.34 -7.99926
0.35 -7.99375
0.36 -7.98823
0.37 -7.98268
0.38 -7.97711
0.39 -7.97153
0.4 -7.96593
0.41 -7.9603
0.42 -7.95466
0.43 -7.94899
0.44 -7.94331
0.45 -7.9376
0.46 -7.93187
0.47 -7.92612
0.48 -7.92035
0.49 -7.91455
0.5 -7.90873
0.51 -7.90289
0.52 -7.89702
0.53 -7.89113
0.54 -7.88522
0.55 -7.87928
0.56 -7.87331
0.57 -7.86732
0.58 -7.86131
0.59 -7.85526
0.6 -7.84919
0.61 -7.84309
0.62 -7.83696
0.63 -7.83081
0.64 -7.82462
0.65 -7.81841
0.66 -7.81216
0.67 -7.80588
0.68 -7.79958
0.69 -7.79324
0.7 -7.78687
0.71 -7.78046
0.72 -7.77402
0.73 -7.76755
0.74 -7.76104
0.75 -7.7545
0.76 -7.74792
0.77 -7.7413
0.78 -7.73465
0.79 -7.72796
0.8 -7.72123
0.81 -7.71446
0.82 -7.70765
0.83 -7.7008
0.84 -7.69391
0.85 -7.68698
0.86 -7.68
0.87 -7.67298
0.88 -7.66592
0.89 -7.65881
0.9 -7.65166
0.91 -7.64446
0.92 -7.63721
0.93 -7.62992
0.94 -7.62257
0.95 -7.61518
0.96 -7.60774
0.97 -7.60024
0.98 -7.5927
0.99 -7.5851
1 -7.57745
1.01 -7.56974
1.02 -7.56198
1.03 -7.55417
1.04 -7.5463
1.05 -7.53837
1.06 -7.53038
1.07 -7.52234
1.08 -7.51423
1.09 -7.50607
1.1 -7.49784
1.11 -7.48956
1.12 -7.48121
1.13 -7.4728
1.14 -7.46433
1.15 -7.45579
1.16 -7.44718
1.17 -7.43852
1.18 -7.42978
1.19 -7.42098
1.2 -7.41211
1.21 -7.40317
1.22 -7.39417
1.23 -7.38509
1.24 -7.37595
1.25 -7.36673
1.26 -7.35745
1.27 -7.3481
1.28 -7.33867
1.29 -7.32917
1.3 -7.3196
1.31 -7.30996
1.32 -7.30025
1.33 -7.29046
1.34 -7.2806
1.35 -7.27067
1.36 -7.26066
1.37 -7.25058
1.38 -7.24043
1.39 -7.23021
1.4 -7.21991
1.41 -7.20954
1.42 -7.1991
1.43 -7.18858
1.44 -7.178
1.45 -7.16734
1.46 -7.15661
1.47 -7.14581
1.48 -7.13495
1.49 -7.12401
1.5 -7.113
1.51 -7.10193
1.52 -7.09079
1.53 -7.07959
1.54 -7.06832
1.55 -7.05698
1.56 -7.04559
1.57 -7.03413
1.58 -7.02262
1.59 -7.01104
1.6 -6.99941
1.61 -6.98772
1.62 -6.97598
1.63 -6.96419
1.64 -6.95235
1.65 -6.94046
1.66 -6.92853
1.67 -6.91655
1.68 -6.90453
1.69 -6.89247
1.7 -6.88037
1.71 -6.86824
1.72 -6.85607
1.73 -6.84388
1.74 -6.83166
1.75 -6.81941
1.76 -6.80714
1.77 -6.79485
1.78 -6.78255
1.79 -6.77024
1.8 -6.75791
1.81 -6.74558
1.82 -6.73324
1.83 -6.7209
1.84 -6.70857
1.85 -6.69624
1.86 -6.68392
1.87 -6.67162
1.88 -6.65933
1.89 -6.64706
1.9 -6.63481
1.91 -6.62259
1.92 -6.6104
1.93 -6.59824
1.94 -6.58612
1.95 -6.57404
1.96 -6.562
1.97 -6.55002
1.98 -6.53808
1.99 -6.52619
2 -6.51437
2.01 -6.5026
2.02 -6.4909
2.03 -6.47927
2.04 -6.46771
2.05 -6.45622
2.06 -6.44481
2.07 -6.43348
2.08 -6.42224
2.09 -6.41108
2.1 -6.4
2.11 -6.38903
2.12 -6.37814
2.13 -6.36736
2.14 -6.35667
2.15 -6.34609
2.16 -6.33561
2.17 -6.32523
2.18 -6.31497
2.19 -6.30482
2.2 -6.29478
2.21 -6.28485
2.22 -6.27505
2.23 -6.26536
2.24 -6.25579
2.25 -6.24634
2.26 -6.23701
2.27 -6.22781
2.28 -6.21873
2.29 -6.20977
2.3 -6.20095
2.31 -6.19225
2.32 -6.18367
2.33 -6.17523
2.34 -6.16691
2.35 -6.15873
2.36 -6.15067
2.37 -6.14274
2.38 -6.13494
2.39 -6.12727
2.4 -6.11972
2.41 -6.11231
2.42 -6.10502
2.43 -6.09786
2.44 -6.09083
2.45 -6.08392
2.46 -6.07714
2.47 -6.07049
2.48 -6.06396
2.49 -6.05755
2.5 -6.05127
2.51 -6.0451
2.52 -6.03906
2.53 -6.03313
2.54 -6.02732
2.55 -6.02163
2.56 -6.01606
2.57 -6.0106
2.58 -6.00525
2.59 -6.00001
2.6 -5.99488
2.61 -5.98986
2.62 -5.98495
2.63 -5.98015
2.64 -5.97544
2.65 -5.97084
2.66 -5.96634
2.67 -5.96194
2.68 -5.95764
2.69 -5.95344
2.7 -5.94933
2.71 -5.94531
2.72 -5.94138
2.73 -5.93755
2.74 -5.9338
2.75 -5.93014
2.76 -5.92656
2.77 -5.92307
2.78 -5.91966
2.79 -5.91633
2.8 -5.91308
2.81 -5.9099
2.82 -5.90681
2.83 -5.90378
2.84 -5.90083
2.85 -5.89795
2.86 -5.89515
2.87 -5.89241
2.88 -5.88973
2.89 -5.88712
2.9 -5.88458
2.91 -5.8821
2.92 -5.87968
2.93 -5.87732
2.94 -5.87502
2.95 -5.87278
2.96 -5.87059
2.97 -5.86846
2.98 -5.86638
2.99 -5.86436
3 -5.86238
3.01 -5.86046
3.02 -5.85858
3.03 -5.85676
3.04 -5.85497
3.05 -5.85324
3.06 -5.85155
3.07 -5.8499
3.08 -5.8483
3.09 -5.84673
3.1 -5.84521
3.11 -5.84372
3.12 -5.84228
3.13 -5.84087
3.14 -5.8395
3.15 -5.83816
3.16 -5.83686
3.17 -5.8356
3.18 -5.83436
3.19 -5.83316
3.2 -5.83199
3.21 -5.83085
3.22 -5.82974
3.23 -5.82866
3.24 -5.8276
3.25 -5.82658
3.26 -5.82558
3.27 -5.82461
3.28 -5.82366
3.29 -5.82274
3.3 -5.82185
3.31 -5.82097
3.32 -5.82012
3.33 -5.81929
3.34 -5.81849
3.35 -5.8177
3.36 -5.81694
3.37 -5.81619
3.38 -5.81547
3.39 -5.81476
3.4 -5.81408
3.41 -5.81341
3.42 -5.81276
3.43 -5.81212
3.44 -5.81151
3.45 -5.81091
3.46 -5.81032
3.47 -5.80975
3.48 -5.8092
3.49 -5.80866
3.5 -5.80813
3.51 -5.80762
3.52 -5.80712
3.53 -5.80663
3.54 -5.80616
3.55 -5.8057
3.56 -5.80525
3.57 -5.80482
3.58 -5.80439
3.59 -5.80398
3.6 -5.80357
3.61 -5.80318
3.62 -5.80279
3.63 -5.80242
3.64 -5.80206
3.65 -5.8017
3.66 -5.80136
3.67 -5.80102
3.68 -5.80069
3.69 -5.80037
3.7 -5.80006
3.71 -5.79975
3.72 -5.79946
3.73 -5.79917
3.74 -5.79889
3.75 -5.79861
3.76 -5.79834
3.77 -5.79808
3.78 -5.79782
3.79 -5.79757
3.8 -5.79733
3.81 -5.79709
3.82 -5.79686
3.83 -5.79663
3.84 -5.79641
3.85 -5.7962
3.86 -5.79598
3.87 -5.79578
3.88 -5.79557
3.89 -5.79538
3.9 -5.79518
3.91 -5.79499
3.92 -5.79481
3.93 -5.79463
3.94 -5.79445
3.95 -5.79428
3.96 -5.79411
3.97 -5.79394
3.98 -5.79378
3.99 -5.79362
4 -5.79346
4.01 -5.79331
4.02 -5.79316
4.03 -5.79301
4.04 -5.79286
4.05 -5.79272
4.06 -5.79258
4.07 -5.79244
4.08 -5.7923
4.09 -5.79217
4.1 -5.79204
4.11 -5.79191
4.12 -5.79178
4.13 -5.79166
4.14 -5.79153
4.15 -5.79141
4.16 -5.79129
4.17 -5.79117
4.18 -5.79106
4.19 -5.79094
4.2 -5.79083
4.21 -5.79071
4.22 -5.7906
4.23 -5.79049
4.24 -5.79038
4.25 -5.79027
4.26 -5.79017
4.27 -5.79006
4.28 -5.78995
4.29 -5.78985
4.3 -5.78975
4.31 -5.78964
4.32 -5.78954
4.33 -5.78944
4.34 -5.78934
4.35 -5.78924
4.36 -5.78914
4.37 -5.78904
4.38 -5.78894
4.39 -5.78884
4.4 -5.78875
4.41 -5.78865
4.42 -5.78855
4.43 -5.78845
4.44 -5.78836
4.45 -5.78826
4.46 -5.78816
4.47 -5.78807
4.48 -5.78797
4.49 -5.78788
4.5 -5.78778
4.51 -5.78768
4.52 -5.78759
4.53 -5.78749
4.54 -5.78739
4.55 -5.7873
4.56 -5.7872
4.57 -5.7871
4.58 -5.78701
4.59 -5.78691
4.6 -5.78681
4.61 -5.78672
4.62 -5.78662
4.63 -5.78652
4.64 -5.78642
4.65 -5.78632
4.66 -5.78622
4.67 -5.78612
4.68 -5.78602
4.69 -5.78592
4.7 -5.78582
4.71 -5.78572
4.72 -5.78562
4.73 -5.78552
4.74 -5.78541
4.75 -5.78531
4.76 -5.78521
4.77 -5.7851
4.78 -5.785
4.79 -5.78489
4.8 -5.78478
4.81 -5.78468
4.82 -5.78457
4.83 -5.78446
4.84 -5.78435
4.85 -5.78424
4.86 -5.78413
4.87 -5.78402
4.88 -5.78391
4.89 -5.7838
4.9 -5.78368
4.91 -5.78357
4.92 -5.78346
4.93 -5.78334
4.94 -5.78322
4.95 -5.78311
4.96 -5.78299
4.97 -5.78287
4.98 -5.78275
4.99 -5.78263
5 -5.78251
5.01 -5.78239
5.02 -5.78226
5.03 -5.78214
5.04 -5.78202
5.05 -5.78189
5.06 -5.78176
5.07 -5.78164
5.08 -5.78151
5.09 -5.78138
5.1 -5.78125
5.11 -5.78112
5.12 -5.78098
5.13 -5.78085
5.14 -5.78072
5.15 -5.78058
5.16 -5.78045
5.17 -5.78031
5.18 -5.78017
5.19 -5.78003
5.2 -5.77989
5.21 -5.77975
5.22 -5.77961
5.23 -5.77947
5.24 -5.77932
5.25 -5.77918
5.26 -5.77903
5.27 -5.77888
5.28 -5.77873
5.29 -5.77858
5.3 -5.77843
5.31 -5.77828
5.32 -5.77813
5.33 -5.77798
5.34 -5.77782
5.35 -5.77767
5.36 -5.77751
5.37 -5.77735
5.38 -5.77719
5.39 -5.77703
5.4 -5.77687
5.41 -5.77671
5.42 -5.77655
5.43 -5.77638
5.44 -5.77621
5.45 -5.77605
5.46 -5.77588
5.47 -5.77571
5.48 -5.77554
5.49 -5.77537
5.5 -5.7752
5.51 -5.77502
5.52 -5.77485
5.53 -5.77467
5.54 -5.7745
5.55 -5.77432
5.56 -5.77414
5.57 -5.77396
5.58 -5.77378
5.59 -5.77359
5.6 -5.77341
5.61 -5.77323
5.62 -5.77304
5.63 -5.77285
5.64 -5.77266
5.65 -5.77248
5.66 -5.77229
5.67 -5.77209
5.68 -5.7719
5.69 -5.77171
5.7 -5.77151
5.71 -5.77132
5.72 -5.77112
5.73 -5.77092
5.74 -5.77072
5.75 -5.77052
5.76 -5.77032
5.77 -5.77012
5.78 -5.76991
5.79 -5.76971
5.8 -5.7695
5.81 -5.7693
5.82 -5.76909
5.83 -5.76888
5.84 -5.76867
5.85 -5.76846
5.86 -5.76825
5.87 -5.76803
5.88 -5.76782
5.89 -5.76761
5.9 -5.76739
5.91 -5.76717
5.92 -5.76696
5.93 -5.76674
5.94 -5.76652
5.95 -5.7663
5.96 -5.76608
5.97 -5.76585
5.98 -5.76563
5.99 -5.76541
6 -5.76518
6.01 -5.76496
6.02 -5.76473
6.03 -5.7645
6.04 -5.76428
6.05 -5.76405
6.06 -5.76382
6.07 -5.76359
6.08 -5.76336
6.09 -5.76313
6.1 -5.7629
6.11 -5.76267
6.12 -5.76244
6.13 -5.7622
6.14 -5.76197
6.15 -5.76174
6.16 -5.7615
6.17 -5.76127
6.18 -5.76103
6.19 -5.7608
6.2 -5.76056
6.21 -5.76033
6.22 -5.76009
6.23 -5.75986
6.24 -5.75962
6.25 -5.75939
6.26 -5.75915
6.27 -5.75891
6.28 -5.75868
6.29 -5.75844
6.3 -5.75821
6.31 -5.75797
6.32 -5.75774
6.33 -5.7575
6.34 -5.75727
6.35 -5.75704
6.36 -5.7568
6.37 -5.75657
6.38 -5.75634
6.39 -5.7561
6.4 -5.75587
6.41 -5.75564
6.42 -5.75541
6.43 -5.75518
6.44 -5.75496
6.45 -5.75473
6.46 -5.7545
6.47 -5.75428
6.48 -5.75405
6.49 -5.75383
6.5 -5.75361
6.51 -5.75339
6.52 -5.75317
6.53 -5.75295
6.54 -5.75273
6.55 -5.75251
6.56 -5.7523
6.57 -5.75209
6.58 -5.75188
6.59 -5.75167
6.6 -5.75146
6.61 -5.75125
6.62 -5.75105
6.63 -5.75084
6.64 -5.75064
6.65 -5.75044
6.66 -5.75024
6.67 -5.75005
6.68 -5.74985
6.69 -5.74966
6.7 -5.74947
6.71 -5.74928
6.72 -5.74909
6.73 -5.74891
6.74 -5.74873
6.75 -5.74854
6.76 -5.74837
6.77 -5.74819
6.78 -5.74801
6.79 -5.74784
6.8 -5.74766
6.81 -5.74749
6.82 -5.74732
6.83 -5.74716
6.84 -5.74699
6.85 -5.74682
6.86 -5.74666
6.87 -5.7465
6.88 -5.74634
6.89 -5.74618
6.9 -5.74602
6.91 -5.74586
6.92 -5.7457
6.93 -5.74555
6.94 -5.74539
6.95 -5.74523
6.96 -5.74508
6.97 -5.74492
6.98 -5.74476
6.99 -5.74461
7 -5.74445
7.01 -5.74429
7.02 -5.74413
7.03 -5.74397
7.04 -5.74381
7.05 -5.74365
7.06 -5.74348
7.07 -5.74331
7.08 -5.74314
7.09 -5.74297
7.1 -5.74279
7.11 -5.74261
7.12 -5.74243
7.13 -5.74224
7.14 -5.74205
7.15 -5.74185
7.16 -5.74165
7.17 -5.74144
7.18 -5.74123
7.19 -5.74101
7.2 -5.74078
7.21 -5.74055
7.22 -5.74031
7.23 -5.74006
7.24 -5.73981
7.25 -5.73954
7.26 -5.73927
7.27 -5.73899
7.28 -5.7387
7.29 -5.7384
7.3 -5.73809
7.31 -5.73776
7.32 -5.73743
7.33 -5.73709
7.34 -5.73673
7.35 -5.73637
7.36 -5.73599
7.37 -5.73559
7.38 -5.73519
7.39 -5.73477
7.4 -5.73434
7.41 -5.73389
7.42 -5.73343
7.43 -5.73295
7.44 -5.73247
7.45 -5.73196
7.46 -5.73144
7.47 -5.73091
7.48 -5.73036
7.49 -5.72979
7.5 -5.72921
7.51 -5.72861
7.52 -5.728
7.53 -5.72737
7.54 -5.72673
7.55 -5.72607
7.56 -5.7254
7.57 -5.7247
7.58 -5.724
7.59 -5.72328
7.6 -5.72254
7.61 -5.72179
7.62 -5.72103
7.63 -5.72025
7.64 -5.71946
7.65 -5.71866
7.66 -5.71784
7.67 -5.71701
7.68 -5.71617
7.69 -5.71532
7.7 -5.71446
7.71 -5.71359
7.72 -5.71272
7.73 -5.71183
7.74 -5.71094
7.75 -5.71004
7.76 -5.70914
7.77 -5.70824
7.78 -5.70733
7.79 -5.70642
7.8 -5.70552
7.81 -5.70461
7.82 -5.70371
7.83 -5.70281
7.84 -5.70192
7.85 -5.70103
7.86 -5.70016
7.87 -5.69929
7.88 -5.69844
7.89 -5.6976
7.9 -5.69678
7.91 -5.69598
7.92 -5.69519
7.93 -5.69443
7.94 -5.69369
7.95 -5.69298
7.96 -5.6923
7.97 -5.69165
7.98 -5.69103
7.99 -5.69044
8 -5.68989
8.01 -5.68939
8.02 -5.68892
8.03 -5.6885
8.04 -5.68812
8.05 -5.6878
8.06 -5.68753
8.07 -5.68731
8.08 -5.68715
8.09 -5.68704
8.1 -5.687
8.11 -5.68703
8.12 -5.68712
8.13 -5.68728
8.14 -5.68751
8.15 -5.68782
8.16 -5.68821
8.17 -5.68868
8.18 -5.68923
8.19 -5.68986
8.2 -5.69059
8.21 -5.6914
8.22 -5.69231
8.23 -5.69331
8.24 -5.69441
8.25 -5.69562
8.26 -5.69692
8.27 -5.69833
8.28 -5.69985
8.29 -5.70147
8.3 -5.70321
8.31 -5.70506
8.32 -5.70703
8.33 -5.70912
8.34 -5.71132
8.35 -5.71365
8.36 -5.7161
8.37 -5.71868
8.38 -5.72139
8.39 -5.72422
8.4 -5.72718
8.41 -5.73028
8.42 -5.73351
8.43 -5.73687
8.44 -5.74037
8.45 -5.74401
8.46 -5.74778
8.47 -5.75169
8.48 -5.75574
8.49 -5.75993
8.5 -5.76427
8.51 -5.76874
8.52 -5.77335
8.53 -5.77811
8.54 -5.78301
8.55 -5.78805
8.56 -5.79323
8.57 -5.79855
8.58 -5.80402
8.59 -5.80962
8.6 -5.81537
8.61 -5.82125
8.62 -5.82728
8.63 -5.83344
8.64 -5.83974
8.65 -5.84618
8.66 -5.85275
8.67 -5.85946
8.68 -5.86629
8.69 -5.87326
8.7 -5.88036
8.71 -5.88759
8.72 -5.89494
8.73 -5.90241
8.74 -5.91001
8.75 -5.91773
8.76 -5.92556
8.77 -5.93351
8.78 -5.94157
8.79 -5.94974
8.8 -5.95802
8.81 -5.9664
8.82 -5.97489
8.83 -5.98348
8.84 -5.99216
8.85 -6.00094
8.86 -6.00981
8.87 -6.01876
8.88 -6.0278
8.89 -6.03693
8.9 -6.04613
8.91 -6.0554
8.92 -6.06475
8.93 -6.07417
8.94 -6.08366
8.95 -6.09321
8.96 -6.10281
8.97 -6.11247
8.98 -6.12219
8.99 -6.13196
9 -6.14177
9.01 -6.15162
9.02 -6.16152
9.03 -6.17145
9.04 -6.18141
9.05 -6.19141
9.06 -6.20143
9.07 -6.21148
9.08 -6.22155
9.09 -6.23163
9.1 -6.24173
9.11 -6.25185
9.12 -6.26197
9.13 -6.2721
9.14 -6.28223
9.15 -6.29236
9.16 -6.30249
9.17 -6.31262
9.18 -6.32274
9.19 -6.33285
9.2 -6.34294
9.21 -6.35303
9.22 -6.36309
9.23 -6.37314
9.24 -6.38317
9.25 -6.39317
9.26 -6.40315
9.27 -6.4131
9.28 -6.42303
9.29 -6.43292
9.3 -6.44278
9.31 -6.4526
9.32 -6.46239
9.33 -6.47215
9.34 -6.48186
9.35 -6.49153
9.36 -6.50117
9.37 -6.51075
9.38 -6.5203
9.39 -6.5298
9.4 -6.53925
9.41 -6.54866
9.42 -6.55802
9.43 -6.56733
9.44 -6.57658
9.45 -6.58579
9.46 -6.59495
9.47 -6.60405
9.48 -6.6131
9.49 -6.6221
9.5 -6.63104
9.51 -6.63992
9.52 -6.64876
9.53 -6.65753
9.54 -6.66625
9.55 -6.67492
9.56 -6.68352
9.57 -6.69207
9.58 -6.70056
9.59 -6.709
9.6 -6.71738
9.61 -6.72569
9.62 -6.73396
9.63 -6.74216
9.64 -6.7503
9.65 -6.75839
9.66 -6.76642
9.67 -6.77439
9.68 -6.78231
9.69 -6.79016
9.7 -6.79796
9.71 -6.8057
9.72 -6.81338
9.73 -6.821
9.74 -6.82857
9.75 -6.83608
9.76 -6.84353
9.77 -6.85093
9.78 -6.85827
9.79 -6.86556
9.8 -6.87278
9.81 -6.87996
9.82 -6.88707
9.83 -6.89414
9.84 -6.90114
9.85 -6.9081
9.86 -6.91499
9.87 -6.92184
9.88 -6.92863
9.89 -6.93537
9.9 -6.94205
9.91 -6.94869
9.92 -6.95527
9.93 -6.9618
9.94 -6.96827
9.95 -6.9747
9.96 -6.98108
9.97 -6.9874
9.98 -6.99368
9.99 -6.99991
10 -7.00608
10.001 -10
