0 0
0.01 0.389535
0.02 0.388352
0.03 0.387171
0.04 0.385992
0.05 0.384815
0.06 0.38364
0.07 0.382468
0.08 0.381298
0.09 0.380131
0.1 0.378967
0.11 0.377805
0.12 0.376647
0.13 0.375493
0.14 0.374341
0.15 0.373194
0.16 0.37205
0.17 0.37091
0.18 0.369774
0.19 0.368643
0.2 0.367516
0.21 0.366394
0.22 0.365277
0.23 0.364164
0.24 0.363057
0.25 0.361956
0.26 0.36086
0.27 0.35977
0.28 0.358686
0.29 0.357608
0.3 0.356536
0.31 0.355471
0.32 0.354414
0.33 0.353363
0.34 0.352319
0.35 0.351283
0.36 0.350255
0.37 0.349234
0.38 0.348222
0.39 0.347218
0.4 0.346223
0.41 0.345237
0.42 0.34426
0.43 0.343292
0.44 0.342334
0.45 0.341386
0.46 0.340448
0.47 0.33952
0.48 0.338603
0.49 0.337697
0.5 0.336802
0.51 0.335918
0.52 0.335047
0.53 0.334187
0.54 0.333339
0.55 0.332504
0.56 0.331682
0.57 0.330872
0.58 0.330076
0.59 0.329294
0.6 0.328526
0.61 0.327771
0.62 0.327032
0.63 0.326307
0.64 0.325597
0.65 0.324902
0.66 0.324223
0.67 0.32356
0.68 0.322914
0.69 0.322284
0.7 0.32167
0.71 0.321074
0.72 0.320495
0.73 0.319934
0.74 0.319391
0.75 0.318866
0.76 0.31836
0.77 0.317873
0.78 0.317404
0.79 0.316956
0.8 0.316527
0.81 0.316118
0.82 0.31573
0.83 0.315362
0.84 0.315015
0.85 0.31469
0.86 0.314386
0.87 0.314104
0.88 0.313843
0.89 0.313606
0.9 0.313391
0.91 0.313198
0.92 0.313029
0.93 0.312883
0.94 0.312761
0.95 0.312663
0.96 0.312589
0.97 0.31254
0.98 0.312515
0.99 0.312515
1 0.31254
1.01 0.31259
1.02 0.312666
1.03 0.312768
1.04 0.312896
1.05 0.313049
1.06 0.313229
1.07 0.313436
1.08 0.313669
1.09 0.313929
1.1 0.314216
1.11 0.31453
1.12 0.314871
1.13 0.315239
1.14 0.315635
1.15 0.316058
1.16 0.316509
1.17 0.316988
1.18 0.317494
1.19 0.318028
1.2 0.31859
1.21 0.319179
1.22 0.319796
1.23 0.320441
1.24 0.321114
1.25 0.321814
1.26 0.322542
1.27 0.323298
1.28 0.324081
1.29 0.324892
1.3 0.325729
1.31 0.326594
1.32 0.327486
1.33 0.328404
1.34 0.329349
1.35 0.330321
1.36 0.331319
1.37 0.332342
1.38 0.333392
1.39 0.334466
1.4 0.335566
1.41 0.336691
1.42 0.33784
1.43 0.339013
1.44 0.34021
1.45 0.34143
1.46 0.342673
1.47 0.343939
1.48 0.345228
1.49 0.346538
1.5 0.347869
1.51 0.349221
1.52 0.350593
1.53 0.351985
1.54 0.353397
1.55 0.354828
1.56 0.356276
1.57 0.357743
1.58 0.359227
1.59 0.360727
1.6 0.362244
1.61 0.363776
1.62 0.365323
1.63 0.366885
1.64 0.368461
1.65 0.370049
1.66 0.371651
1.67 0.373265
1.68 0.37489
1.69 0.376526
1.7 0.378172
1.71 0.379829
1.72 0.381495
1.73 0.383169
1.74 0.384852
1.75 0.386542
1.76 0.38824
1.77 0.389944
1.78 0.391655
1.79 0.393372
1.8 0.395093
1.81 0.39682
1.82 0.398551
1.83 0.400287
1.84 0.402026
1.85 0.403769
1.86 0.405515
1.87 0.407263
1.88 0.409015
1.89 0.410768
1.9 0.412524
1.91 0.414282
1.92 0.416042
1.93 0.417803
1.94 0.419566
1.95 0.421331
1.96 0.423097
1.97 0.424865
1.98 0.426634
1.99 0.428405
2 0.430178
2.01 0.431952
2.02 0.433728
2.03 0.435506
2.04 0.437287
2.05 0.439069
2.06 0.440855
2.07 0.442643
2.08 0.444434
2.09 0.446229
2.1 0.448027
2.11 0.449829
2.12 0.451635
2.13 0.453446
2.14 0.455262
2.15 0.457084
2.16 0.458911
2.17 0.460744
2.18 0.462583
2.19 0.464429
2.2 0.466283
2.21 0.468144
2.22 0.470012
2.23 0.47189
2.24 0.473776
2.25 0.475671
2.26 0.477576
2.27 0.47949
2.28 0.481415
2.29 0.483351
2.3 0.485297
2.31 0.487255
2.32 0.489225
2.33 0.491206
2.34 0.493201
2.35 0.495207
2.36 0.497227
2.37 0.49926
2.38 0.501307
2.39 0.503368
2.4 0.505442
2.41 0.507532
2.42 0.509635
2.43 0.511754
2.44 0.513888
2.45 0.516036
2.46 0.518201
2.47 0.52038
2.48 0.522576
2.49 0.524787
2.5 0.527015
2.51 0.529258
2.52 0.531518
2.53 0.533794
2.54 0.536086
2.55 0.538395
2.56 0.54072
2.57 0.543061
2.58 0.545419
2.59 0.547793
2.6 0.550184
2.61 0.552591
2.62 0.555015
2.63 0.557455
2.64 0.559911
2.65 0.562383
2.66 0.564871
2.67 0.567375
2.68 0.569895
2.69 0.572431
2.7 0.574982
2.71 0.577549
2.72 0.58013
2.73 0.582727
2.74 0.585339
2.75 0.587966
2.76 0.590607
2.77 0.593262
2.78 0.595931
2.79 0.598615
2.8 0.601311
2.81 0.604022
2.82 0.606745
2.83 0.609481
2.84 0.61223
2.85 0.614991
2.86 0.617764
2.87 0.620549
2.88 0.623345
2.89 0.626153
2.9 0.628972
2.91 0.631801
2.92 0.63464
2.93 0.63749
2.94 0.640349
2.95 0.643217
2.96 0.646095
2.97 0.648981
2.98 0.651876
2.99 0.654778
3 0.657689
3.01 0.660607
3.02 0.663532
3.03 0.666464
3.04 0.669403
3.05 0.672348
3.06 0.675298
3.07 0.678254
3.08 0.681216
3.09 0.684182
3.1 0.687153
3.11 0.690128
3.12 0.693107
3.13 0.69609
3.14 0.699077
3.15 0.702066
3.16 0.705058
3.17 0.708053
3.18 0.71105
3.19 0.714049
3.2 0.717049
3.21 0.720051
3.22 0.723054
3.23 0.726058
3.24 0.729062
3.25 0.732067
3.26 0.735072
3.27 0.738076
3.28 0.74108
3.29 0.744084
3.3 0.747087
3.31 0.750088
3.32 0.753089
3.33 0.756087
3.34 0.759084
3.35 0.76208
3.36 0.765072
3.37 0.768063
3.38 0.771051
3.39 0.774036
3.4 0.777019
3.41 0.779998
3.42 0.782975
3.43 0.785947
3.44 0.788917
3.45 0.791882
3.46 0.794844
3.47 0.797802
3.48 0.800756
3.49 0.803706
3.5 0.806651
3.51 0.809592
3.52 0.812529
3.53 0.81546
3.54 0.818387
3.55 0.82131
3.56 0.824227
3.57 0.827139
3.58 0.830046
3.59 0.832948
3.6 0.835845
3.61 0.838737
3.62 0.841623
3.63 0.844504
3.64 0.847379
3.65 0.850249
3.66 0.853114
3.67 0.855973
3.68 0.858826
3.69 0.861674
3.7 0.864516
3.71 0.867352
3.72 0.870183
3.73 0.873008
3.74 0.875827
3.75 0.878641
3.76 0.881449
3.77 0.884251
3.78 0.887048
3.79 0.889839
3.8 0.892624
3.81 0.895404
3.82 0.898178
3.83 0.900946
3.84 0.903709
3.85 0.906467
3.86 0.909219
3.87 0.911965
3.88 0.914706
3.89 0.917442
3.9 0.920172
3.91 0.922897
3.92 0.925616
3.93 0.928331
3.94 0.93104
3.95 0.933745
3.96 0.936444
3.97 0.939138
3.98 0.941827
3.99 0.944512
4 0.947192
4.01 0.949867
4.02 0.952537
4.03 0.955203
4.04 0.957864
4.05 0.960521
4.06 0.963174
4.07 0.965822
4.08 0.968466
4.09 0.971106
4.1 0.973742
4.11 0.976374
4.12 0.979002
4.13 0.981626
4.14 0.984247
4.15 0.986864
4.16 0.989477
4.17 0.992088
4.18 0.994694
4.19 0.997298
4.2 0.999898
4.21 1.0025
4.22 1.00509
4.23 1.00768
4.24 1.01027
4.25 1.01286
4.26 1.01544
4.27 1.01802
4.28 1.0206
4.29 1.02318
4.3 1.02575
4.31 1.02833
4.32 1.0309
4.33 1.03346
4.34 1.03603
4.35 1.0386
4.36 1.04116
4.37 1.04372
4.38 1.04629
4.39 1.04885
4.4 1.0514
4.41 1.05396
4.42 1.05652
4.43 1.05908
4.44 1.06163
4.45 1.06419
4.46 1.06674
4.47 1.0693
4.48 1.07185
4.49 1.07441
4.5 1.07696
4.51 1.07952
4.52 1.08208
4.53 1.08463
4.54 1.08719
4.55 1.08974
4.56 1.0923
4.57 1.09486
4.58 1.09742
4.59 1.09998
4.6 1.10255
4.61 1.10511
4.62 1.10768
4.63 1.11024
4.64 1.11281
4.65 1.11538
4.66 1.11795
4.67 1.12053
4.68 1.12311
4.69 1.12569
4.7 1.12827
4.71 1.13085
4.72 1.13344
4.73 1.13603
4.74 1.13863
4.75 1.14122
4.76 1.14382
4.77 1.14643
4.78 1.14903
4.79 1.15164
4.8 1.15426
4.81 1.15688
4.82 1.1595
4.83 1.16213
4.84 1.16476
4.85 1.1674
4.86 1.17004
4.87 1.17268
4.88 1.17533
4.89 1.17799
4.9 1.18065
4.91 1.18331
4.92 1.18599
4.93 1.18866
4.94 1.19135
4.95 1.19403
4.96 1.19673
4.97 1.19943
4.98 1.20214
4.99 1.20485
5 1.20757
5.01 1.2103
5.02 1.21303
5.03 1.21577
5.04 1.21852
5.05 1.22128
5.06 1.22404
5.07 1.22681
5.08 1.22959
5.09 1.23238
5.1 1.23517
5.11 1.23797
5.12 1.24079
5.13 1.24361
5.14 1.24644
5.15 1.24927
5.16 1.25212
5.17 1.25498
5.18 1.25784
5.19 1.26072
5.2 1.2636
5.21 1.2665
5.22 1.2694
5.23 1.27232
5.24 1.27524
5.25 1.27818
5.26 1.28113
5.27 1.28409
5.28 1.28705
5.29 1.29004
5.3 1.29303
5.31 1.29603
5.32 1.29905
5.33 1.30207
5.34 1.30511
5.35 1.30816
5.36 1.31123
5.37 1.31431
5.38 1.3174
5.39 1.3205
5.4 1.32362
5.41 1.32675
5.42 1.32989
5.43 1.33305
5.44 1.33622
5.45 1.33941
5.46 1.34261
5.47 1.34582
5.48 1.34905
5.49 1.3523
5.5 1.35556
5.51 1.35883
5.52 1.36213
5.53 1.36543
5.54 1.36876
5.55 1.3721
5.56 1.37545
5.57 1.37883
5.58 1.38222
5.59 1.38563
5.6 1.38905
5.61 1.39249
5.62 1.39595
5.63 1.39943
5.64 1.40293
5.65 1.40645
5.66 1.40998
5.67 1.41353
5.68 1.41711
5.69 1.4207
5.7 1.42431
5.71 1.42794
5.72 1.43159
5.73 1.43526
5.74 1.43896
5.75 1.44267
5.76 1.4464
5.77 1.45016
5.78 1.45394
5.79 1.45773
5.8 1.46156
5.81 1.4654
5.82 1.46927
5.83 1.47315
5.84 1.47707
5.85 1.481
5.86 1.48496
5.87 1.48894
5.88 1.49295
5.89 1.49698
5.9 1.50103
5.91 1.50511
5.92 1.50922
5.93 1.51335
5.94 1.5175
5.95 1.52168
5.96 1.52589
5.97 1.53012
5.98 1.53438
5.99 1.53867
6 1.54298
6.01 1.54732
6.02 1.55169
6.03 1.55609
6.04 1.56051
6.05 1.56496
6.06 1.56944
6.07 1.57395
6.08 1.57849
6.09 1.58305
6.1 1.58765
6.11 1.59227
6.12 1.59693
6.13 1.60162
6.14 1.60633
6.15 1.61108
6.16 1.61585
6.17 1.62066
6.18 1.6255
6.19 1.63037
6.2 1.63527
6.21 1.6402
6.22 1.64517
6.23 1.65017
6.24 1.65519
6.25 1.66026
6.26 1.66535
6.27 1.67048
6.28 1.67564
6.29 1.68083
6.3 1.68606
6.31 1.69132
6.32 1.69661
6.33 1.70194
6.34 1.7073
6.35 1.71269
6.36 1.71812
6.37 1.72358
6.38 1.72908
6.39 1.73461
6.4 1.74018
6.41 1.74578
6.42 1.75141
6.43 1.75708
6.44 1.76278
6.45 1.76852
6.46 1.7743
6.47 1.7801
6.48 1.78595
6.49 1.79183
6.5 1.79774
6.51 1.80368
6.52 1.80967
6.53 1.81568
6.54 1.82173
6.55 1.82782
6.56 1.83394
6.57 1.84009
6.58 1.84628
6.59 1.85251
6.6 1.85876
6.61 1.86505
6.62 1.87138
6.63 1.87774
6.64 1.88413
6.65 1.89056
6.66 1.89702
6.67 1.90351
6.68 1.91003
6.69 1.91659
6.7 1.92318
6.71 1.92981
6.72 1.93646
6.73 1.94315
6.74 1.94987
6.75 1.95662
6.76 1.96341
6.77 1.97022
6.78 1.97706
6.79 1.98394
6.8 1.99085
6.81 1.99778
6.82 2.00475
6.83 2.01175
6.84 2.01877
6.85 2.02583
6.86 2.03291
6.87 2.04003
6.88 2.04717
6.89 2.05434
6.9 2.06154
6.91 2.06877
6.92 2.07603
6.93 2.08331
6.94 2.09063
6.95 2.09797
6.96 2.10534
6.97 2.11273
6.98 2.12016
6.99 2.12761
7 2.13509
7.01 2.1426
7.02 2.15013
7.03 2.1577
7.04 2.16529
7.05 2.17291
7.06 2.18055
7.07 2.18823
7.08 2.19593
7.09 2.20367
7.1 2.21143
7.11 2.21922
7.12 2.22704
7.13 2.23489
7.14 2.24278
7.15 2.25069
7.16 2.25863
7.17 2.26661
7.18 2.27462
7.19 2.28267
7.2 2.29074
7.21 2.29886
7.22 2.307
7.23 2.31519
7.24 2.32341
7.25 2.33167
7.26 2.33997
7.27 2.34831
7.28 2.35669
7.29 2.36511
7.3 2.37357
7.31 2.38208
7.32 2.39064
7.33 2.39924
7.34 2.40789
7.35 2.41658
7.36 2.42533
7.37 2.43413
7.38 2.44298
7.39 2.45188
7.4 2.46084
7.41 2.46986
7.42 2.47893
7.43 2.48807
7.44 2.49726
7.45 2.50652
7.46 2.51584
7.47 2.52522
7.48 2.53468
7.49 2.54419
7.5 2.55378
7.51 2.56344
7.52 2.57317
7.53 2.58298
7.54 2.59285
7.55 2.60281
7.56 2.61284
7.57 2.62295
7.58 2.63313
7.59 2.6434
7.6 2.65375
7.61 2.66418
7.62 2.6747
7.63 2.6853
7.64 2.69598
7.65 2.70675
7.66 2.71761
7.67 2.72856
7.68 2.73959
7.69 2.75071
7.7 2.76192
7.71 2.77322
7.72 2.78461
7.73 2.79609
7.74 2.80766
7.75 2.81932
7.76 2.83107
7.77 2.8429
7.78 2.85483
7.79 2.86684
7.8 2.87895
7.81 2.89114
7.82 2.90342
7.83 2.91578
7.84 2.92823
7.85 2.94076
7.86 2.95338
7.87 2.96607
7.88 2.97885
7.89 2.99171
7.9 3.00464
7.91 3.01765
7.92 3.03073
7.93 3.04389
7.94 3.05711
7.95 3.07041
7.96 3.08376
7.97 3.09719
7.98 3.11067
7.99 3.12422
8 3.13782
8.01 3.15147
8.02 3.16518
8.03 3.17893
8.04 3.19273
8.05 3.20658
8.06 3.22046
8.07 3.23438
8.08 3.24834
8.09 3.26233
8.1 3.27635
8.11 3.2904
8.12 3.30446
8.13 3.31855
8.14 3.33266
8.15 3.34678
8.16 3.3609
8.17 3.37504
8.18 3.38919
8.19 3.40333
8.2 3.41747
8.21 3.43161
8.22 3.44574
8.23 3.45987
8.24 3.47398
8.25 3.48807
8.26 3.50215
8.27 3.5162
8.28 3.53023
8.29 3.54424
8.3 3.55821
8.31 3.57216
8.32 3.58607
8.33 3.59995
8.34 3.61378
8.35 3.62758
8.36 3.64133
8.37 3.65504
8.38 3.6687
8.39 3.68231
8.4 3.69587
8.41 3.70938
8.42 3.72284
8.43 3.73624
8.44 3.74958
8.45 3.76286
8.46 3.77608
8.47 3.78924
8.48 3.80233
8.49 3.81536
8.5 3.82832
8.51 3.84122
8.52 3.85405
8.53 3.86681
8.54 3.8795
8.55 3.89211
8.56 3.90466
8.57 3.91713
8.58 3.92952
8.59 3.94184
8.6 3.95409
8.61 3.96625
8.62 3.97834
8.63 3.99036
8.64 4.00229
8.65 4.01414
8.66 4.02591
8.67 4.0376
8.68 4.04921
8.69 4.06074
8.7 4.07218
8.71 4.08354
8.72 4.09481
8.73 4.106
8.74 4.1171
8.75 4.12811
8.76 4.13904
8.77 4.14988
8.78 4.16063
8.79 4.17129
8.8 4.18186
8.81 4.19234
8.82 4.20273
8.83 4.21303
8.84 4.22323
8.85 4.23334
8.86 4.24336
8.87 4.25328
8.88 4.2631
8.89 4.27283
8.9 4.28246
8.91 4.29199
8.92 4.30143
8.93 4.31076
8.94 4.32
8.95 4.32913
8.96 4.33817
8.97 4.3471
8.98 4.35593
8.99 4.36466
9 4.37328
9.01 4.3818
9.02 4.39021
9.03 4.39852
9.04 4.40672
9.05 4.41482
9.06 4.42281
9.07 4.43069
9.08 4.43847
9.09 4.44614
9.1 4.4537
9.11 4.46115
9.12 4.4685
9.13 4.47573
9.14 4.48286
9.15 4.48988
9.16 4.49679
9.17 4.50359
9.18 4.51028
9.19 4.51687
9.2 4.52334
9.21 4.52971
9.22 4.53597
9.23 4.54212
9.24 4.54816
9.25 4.5541
9.26 4.55993
9.27 4.56565
9.28 4.57127
9.29 4.57678
9.3 4.58218
9.31 4.58749
9.32 4.59268
9.33 4.59778
9.34 4.60277
9.35 4.60766
9.36 4.61245
9.37 4.61714
9.38 4.62173
9.39 4.62622
9.4 4.63061
9.41 4.63491
9.42 4.63911
9.43 4.64322
9.44 4.64723
9.45 4.65114
9.46 4.65497
9.47 4.6587
9.48 4.66235
9.49 4.6659
9.5 4.66937
9.51 4.67275
9.52 4.67605
9.53 4.67926
9.54 4.68238
9.55 4.68543
9.56 4.68839
9.57 4.69127
9.58 4.69407
9.59 4.6968
9.6 4.69945
9.61 4.70202
9.62 4.70452
9.63 4.70694
9.64 4.7093
9.65 4.71158
9.66 4.71379
9.67 4.71593
9.68 4.71801
9.69 4.72002
9.7 4.72196
9.71 4.72384
9.72 4.72566
9.73 4.72741
9.74 4.72911
9.75 4.73074
9.76 4.73231
9.77 4.73383
9.78 4.73529
9.79 4.7367
9.8 4.73805
9.81 4.73935
9.82 4.74059
9.83 4.74179
9.84 4.74293
9.85 4.74402
9.86 4.74507
9.87 4.74607
9.88 4.74702
9.89 4.74793
9.9 4.74879
9.91 4.74961
9.92 4.75038
9.93 4.75112
9.94 4.75181
9.95 4.75246
9.96 4.75308
9.97 4.75365
9.98 4.75419
9.99 4.75469
10 4.75515
10.001 0
