0 5
0.01 4.16349
0.02 4.16497
0.03 4.16646
0.04 4.16796
0.05 4.16946
0.06 4.17098
0.07 4.17251
0.08 4.17405
0.09 4.1756
0.1 4.17717
0.11 4.17874
0.12 4.18032
0.13 4.18192
0.14 4.18352
0.15 4.18514
0.16 4.18677
0.17 4.18841
0.18 4.19006
0.19 4.19172
0.2 4.19339
0.21 4.19508
0.22 4.19678
0.23 4.19849
0.24 4.20021
0.25 4.20195
0.26 4.2037
0.27 4.20546
0.28 4.20723
0.29 4.20902
0.3 4.21082
0.31 4.21263
0.32 4.21446
0.33 4.2163
0.34 4.21815
0.35 4.22002
0.36 4.2219
0.37 4.2238
0.38 4.22571
0.39 4.22763
0.4 4.22957
0.41 4.23152
0.42 4.23349
0.43 4.23548
0.44 4.23748
0.45 4.23949
0.46 4.24152
0.47 4.24357
0.48 4.24563
0.49 4.24771
0.5 4.2498
0.51 4.25192
0.52 4.25404
0.53 4.25619
0.54 4.25835
0.55 4.26053
0.56 4.26273
0.57 4.26495
0.58 4.26718
0.59 4.26943
0.6 4.2717
0.61 4.27399
0.62 4.2763
0.63 4.27863
0.64 4.28098
0.65 4.28335
0.66 4.28573
0.67 4.28814
0.68 4.29057
0.69 4.29302
0.7 4.29549
0.71 4.29798
0.72 4.3005
0.73 4.30303
0.74 4.30559
0.75 4.30817
0.76 4.31078
0.77 4.31341
0.78 4.31606
0.79 4.31873
0.8 4.32143
0.81 4.32416
0.82 4.32691
0.83 4.32968
0.84 4.33248
0.85 4.33531
0.86 4.33817
0.87 4.34105
0.88 4.34396
0.89 4.34689
0.9 4.34986
0.91 4.35285
0.92 4.35588
0.93 4.35893
0.94 4.36202
0.95 4.36513
0.96 4.36828
0.97 4.37145
0.98 4.37466
0.99 4.3779
1 4.38118
1.01 4.38449
1.02 4.38783
1.03 4.39121
1.04 4.39462
1.05 4.39807
1.06 4.40156
1.07 4.40508
1.08 4.40864
1.09 4.41224
1.1 4.41588
1.11 4.41956
1.12 4.42327
1.13 4.42703
1.14 4.43083
1.15 4.43467
1.16 4.43856
1.17 4.44249
1.18 4.44646
1.19 4.45047
1.2 4.45454
1.21 4.45864
1.22 4.4628
1.23 4.467
1.24 4.47125
1.25 4.47555
1.26 4.47989
1.27 4.48429
1.28 4.48874
1.29 4.49324
1.3 4.49779
1.31 4.5024
1.32 4.50706
1.33 4.51177
1.34 4.51654
1.35 4.52136
1.36 4.52624
1.37 4.53117
1.38 4.53617
1.39 4.54122
1.4 4.54633
1.41 4.5515
1.42 4.55673
1.43 4.56202
1.44 4.56737
1.45 4.57278
1.46 4.57825
1.47 4.58379
1.48 4.58939
1.49 4.59505
1.5 4.60078
1.51 4.60657
1.52 4.61243
1.53 4.61835
1.54 4.62433
1.55 4.63038
1.56 4.6365
1.57 4.64268
1.58 4.64893
1.59 4.65524
1.6 4.66162
1.61 4.66806
1.62 4.67457
1.63 4.68115
1.64 4.68779
1.65 4.69449
1.66 4.70127
1.67 4.7081
1.68 4.715
1.69 4.72196
1.7 4.72899
1.71 4.73608
1.72 4.74323
1.73 4.75044
1.74 4.75771
1.75 4.76503
1.76 4.77242
1.77 4.77986
1.78 4.78736
1.79 4.79492
1.8 4.80253
1.81 4.81019
1.82 4.8179
1.83 4.82566
1.84 4.83346
1.85 4.84132
1.86 4.84921
1.87 4.85715
1.88 4.86513
1.89 4.87315
1.9 4.88121
1.91 4.8893
1.92 4.89742
1.93 4.90557
1.94 4.91376
1.95 4.92196
1.96 4.93019
1.97 4.93845
1.98 4.94672
1.99 4.95501
2 4.96331
2.01 4.97163
2.02 4.97995
2.03 4.98828
2.04 4.99662
2.05 5.00495
2.06 5.01329
2.07 5.02162
2.08 5.02995
2.09 5.03827
2.1 5.04657
2.11 5.05487
2.12 5.06315
2.13 5.07141
2.14 5.07965
2.15 5.08786
2.16 5.09605
2.17 5.10422
2.18 5.11235
2.19 5.12045
2.2 5.12852
2.21 5.13655
2.22 5.14454
2.23 5.15249
2.24 5.1604
2.25 5.16827
2.26 5.17608
2.27 5.18385
2.28 5.19158
2.29 5.19925
2.3 5.20686
2.31 5.21443
2.32 5.22193
2.33 5.22938
2.34 5.23678
2.35 5.24411
2.36 5.25138
2.37 5.2586
2.38 5.26575
2.39 5.27283
2.4 5.27986
2.41 5.28681
2.42 5.29371
2.43 5.30054
2.44 5.3073
2.45 5.31399
2.46 5.32062
2.47 5.32718
2.48 5.33367
2.49 5.34009
2.5 5.34645
2.51 5.35273
2.52 5.35895
2.53 5.3651
2.54 5.37118
2.55 5.37719
2.56 5.38314
2.57 5.38901
2.58 5.39482
2.59 5.40056
2.6 5.40623
2.61 5.41184
2.62 5.41738
2.63 5.42285
2.64 5.42826
2.65 5.4336
2.66 5.43888
2.67 5.44409
2.68 5.44923
2.69 5.45432
2.7 5.45934
2.71 5.4643
2.72 5.46919
2.73 5.47403
2.74 5.4788
2.75 5.48351
2.76 5.48817
2.77 5.49276
2.78 5.4973
2.79 5.50177
2.8 5.5062
2.81 5.51056
2.82 5.51487
2.83 5.51912
2.84 5.52332
2.85 5.52747
2.86 5.53156
2.87 5.5356
2.88 5.53959
2.89 5.54353
2.9 5.54741
2.91 5.55125
2.92 5.55504
2.93 5.55877
2.94 5.56246
2.95 5.56611
2.96 5.56971
2.97 5.57326
2.98 5.57676
2.99 5.58022
3 5.58364
3.01 5.58701
3.02 5.59034
3.03 5.59363
3.04 5.59688
3.05 5.60009
3.06 5.60325
3.07 5.60638
3.08 5.60946
3.09 5.61251
3.1 5.61552
3.11 5.61849
3.12 5.62143
3.13 5.62433
3.14 5.62719
3.15 5.63002
3.16 5.63281
3.17 5.63557
3.18 5.63829
3.19 5.64098
3.2 5.64364
3.21 5.64627
3.22 5.64886
3.23 5.65142
3.24 5.65396
3.25 5.65646
3.26 5.65893
3.27 5.66137
3.28 5.66378
3.29 5.66617
3.3 5.66852
3.31 5.67085
3.32 5.67315
3.33 5.67543
3.34 5.67767
3.35 5.67989
3.36 5.68209
3.37 5.68426
3.38 5.6864
3.39 5.68852
3.4 5.69062
3.41 5.69269
3.42 5.69474
3.43 5.69677
3.44 5.69877
3.45 5.70075
3.46 5.70271
3.47 5.70464
3.48 5.70656
3.49 5.70845
3.5 5.71033
3.51 5.71218
3.52 5.71401
3.53 5.71582
3.54 5.71762
3.55 5.71939
3.56 5.72114
3.57 5.72288
3.58 5.7246
3.59 5.72629
3.6 5.72798
3.61 5.72964
3.62 5.73128
3.63 5.73291
3.64 5.73453
3.65 5.73612
3.66 5.7377
3.67 5.73926
3.68 5.74081
3.69 5.74234
3.7 5.74386
3.71 5.74536
3.72 5.74684
3.73 5.74831
3.74 5.74977
3.75 5.75121
3.76 5.75264
3.77 5.75406
3.78 5.75546
3.79 5.75684
3.8 5.75822
3.81 5.75958
3.82 5.76093
3.83 5.76226
3.84 5.76358
3.85 5.76489
3.86 5.76619
3.87 5.76748
3.88 5.76875
3.89 5.77001
3.9 5.77127
3.91 5.77251
3.92 5.77373
3.93 5.77495
3.94 5.77616
3.95 5.77735
3.96 5.77854
3.97 5.77972
3.98 5.78088
3.99 5.78204
4 5.78318
4.01 5.78432
4.02 5.78544
4.03 5.78656
4.04 5.78767
4.05 5.78877
4.06 5.78985
4.07 5.79093
4.08 5.79201
4.09 5.79307
4.1 5.79412
4.11 5.79517
4.12 5.7962
4.13 5.79723
4.14 5.79825
4.15 5.79927
4.16 5.80027
4.17 5.80127
4.18 5.80226
4.19 5.80324
4.2 5.80422
4.21 5.80519
4.22 5.80615
4.23 5.8071
4.24 5.80805
4.25 5.80899
4.26 5.80992
4.27 5.81084
4.28 5.81176
4.29 5.81268
4.3 5.81358
4.31 5.81448
4.32 5.81538
4.33 5.81627
4.34 5.81715
4.35 5.81803
4.36 5.8189
4.37 5.81976
4.38 5.82062
4.39 5.82147
4.4 5.82232
4.41 5.82316
4.42 5.824
4.43 5.82483
4.44 5.82566
4.45 5.82648
4.46 5.82729
4.47 5.82811
4.48 5.82891
4.49 5.82971
4.5 5.83051
4.51 5.8313
4.52 5.83209
4.53 5.83287
4.54 5.83365
4.55 5.83442
4.56 5.83519
4.57 5.83596
4.58 5.83672
4.59 5.83748
4.6 5.83823
4.61 5.83898
4.62 5.83972
4.63 5.84046
4.64 5.8412
4.65 5.84193
4.66 5.84266
4.67 5.84339
4.68 5.84411
4.69 5.84483
4.7 5.84554
4.71 5.84625
4.72 5.84696
4.73 5.84766
4.74 5.84836
4.75 5.84906
4.76 5.84975
4.77 5.85045
4.78 5.85113
4.79 5.85182
4.8 5.8525
4.81 5.85318
4.82 5.85385
4.83 5.85453
4.84 5.85519
4.85 5.85586
4.86 5.85653
4.87 5.85719
4.88 5.85784
4.89 5.8585
4.9 5.85915
4.91 5.8598
4.92 5.86045
4.93 5.8611
4.94 5.86174
4.95 5.86238
4.96 5.86302
4.97 5.86365
4.98 5.86429
4.99 5.86492
5 5.86554
5.01 5.86617
5.02 5.86679
5.03 5.86742
5.04 5.86804
5.05 5.86865
5.06 5.86927
5.07 5.86988
5.08 5.87049
5.09 5.8711
5.1 5.87171
5.11 5.87231
5.12 5.87292
5.13 5.87352
5.14 5.87412
5.15 5.87472
5.16 5.87531
5.17 5.87591
5.18 5.8765
5.19 5.87709
5.2 5.87768
5.21 5.87826
5.22 5.87885
5.23 5.87943
5.24 5.88001
5.25 5.88059
5.26 5.88117
5.27 5.88175
5.28 5.88233
5.29 5.8829
5.3 5.88347
5.31 5.88404
5.32 5.88461
5.33 5.88518
5.34 5.88575
5.35 5.88631
5.36 5.88688
5.37 5.88744
5.38 5.888
5.39 5.88856
5.4 5.88912
5.41 5.88968
5.42 5.89023
5.43 5.89079
5.44 5.89134
5.45 5.89189
5.46 5.89245
5.47 5.89299
5.48 5.89354
5.49 5.89409
5.5 5.89464
5.51 5.89518
5.52 5.89572
5.53 5.89627
5.54 5.89681
5.55 5.89735
5.56 5.89789
5.57 5.89843
5.58 5.89896
5.59 5.8995
5.6 5.90003
5.61 5.90057
5.62 5.9011
5.63 5.90163
5.64 5.90216
5.65 5.90269
5.66 5.90322
5.67 5.90374
5.68 5.90427
5.69 5.90479
5.7 5.90532
5.71 5.90584
5.72 5.90636
5.73 5.90688
5.74 5.9074
5.75 5.90792
5.76 5.90843
5.77 5.90895
5.78 5.90947
5.79 5.90998
5.8 5.91049
5.81 5.911
5.82 5.91151
5.83 5.91202
5.84 5.91253
5.85 5.91304
5.86 5.91355
5.87 5.91405
5.88 5.91455
5.89 5.91506
5.9 5.91556
5.91 5.91606
5.92 5.91656
5.93 5.91706
5.94 5.91755
5.95 5.91805
5.96 5.91854
5.97 5.91904
5.98 5.91953
5.99 5.92002
6 5.92051
6.01 5.921
6.02 5.92149
6.03 5.92197
6.04 5.92246
6.05 5.92294
6.06 5.92342
6.07 5.9239
6.08 5.92438
6.09 5.92486
6.1 5.92534
6.11 5.92581
6.12 5.92629
6.13 5.92676
6.14 5.92723
6.15 5.9277
6.16 5.92817
6.17 5.92863
6.18 5.9291
6.19 5.92956
6.2 5.93002
6.21 5.93048
6.22 5.93094
6.23 5.9314
6.24 5.93186
6.25 5.93231
6.26 5.93276
6.27 5.93321
6.28 5.93366
6.29 5.93411
6.3 5.93455
6.31 5.935
6.32 5.93544
6.33 5.93588
6.34 5.93632
6.35 5.93676
6.36 5.93719
6.37 5.93762
6.38 5.93806
6.39 5.93849
6.4 5.93891
6.41 5.93934
6.42 5.93976
6.43 5.94019
6.44 5.94061
6.45 5.94103
6.46 5.94144
6.47 5.94186
6.48 5.94227
6.49 5.94268
6.5 5.94309
6.51 5.9435
6.52 5.9439
6.53 5.94431
6.54 5.94471
6.55 5.94511
6.56 5.94551
6.57 5.94591
6.58 5.9463
6.59 5.9467
6.6 5.94709
6.61 5.94748
6.62 5.94787
6.63 5.94826
6.64 5.94865
6.65 5.94903
6.66 5.94942
6.67 5.9498
6.68 5.95018
6.69 5.95056
6.7 5.95094
6.71 5.95132
6.72 5.9517
6.73 5.95207
6.74 5.95245
6.75 5.95283
6.76 5.9532
6.77 5.95358
6.78 5.95395
6.79 5.95433
6.8 5.9547
6.81 5.95508
6.82 5.95545
6.83 5.95583
6.84 5.95621
6.85 5.95659
6.86 5.95696
6.87 5.95734
6.88 5.95773
6.89 5.95811
6.9 5.95849
6.91 5.95888
6.92 5.95927
6.93 5.95966
6.94 5.96005
6.95 5.96045
6.96 5.96085
6.97 5.96125
6.98 5.96166
6.99 5.96207
7 5.96248
7.01 5.9629
7.02 5.96333
7.03 5.96375
7.04 5.96419
7.05 5.96463
7.06 5.96507
7.07 5.96552
7.08 5.96598
7.09 5.96644
7.1 5.96691
7.11 5.96739
7.12 5.96787
7.13 5.96837
7.14 5.96887
7.15 5.96938
7.16 5.96989
7.17 5.97042
7.18 5.97096
7.19 5.97151
7.2 5.97206
7.21 5.97263
7.22 5.97321
7.23 5.9738
7.24 5.9744
7.25 5.97501
7.26 5.97563
7.27 5.97627
7.28 5.97692
7.29 5.97758
7.3 5.97825
7.31 5.97894
7.32 5.97964
7.33 5.98036
7.34 5.98108
7.35 5.98183
7.36 5.98259
7.37 5.98336
7.38 5.98415
7.39 5.98495
7.4 5.98577
7.41 5.9866
7.42 5.98745
7.43 5.98832
7.44 5.9892
7.45 5.9901
7.46 5.99101
7.47 5.99194
7.48 5.99288
7.49 5.99384
7.5 5.99482
7.51 5.99581
7.52 5.99682
7.53 5.99784
7.54 5.99888
7.55 5.99993
7.56 6.001
7.57 6.00209
7.58 6.00318
7.59 6.0043
7.6 6.00542
7.61 6.00656
7.62 6.00771
7.63 6.00888
7.64 6.01005
7.65 6.01124
7.66 6.01244
7.67 6.01365
7.68 6.01487
7.69 6.0161
7.7 6.01733
7.71 6.01858
7.72 6.01982
7.73 6.02108
7.74 6.02234
7.75 6.0236
7.76 6.02487
7.77 6.02613
7.78 6.0274
7.79 6.02866
7.8 6.02992
7.81 6.03118
7.82 6.03244
7.83 6.03368
7.84 6.03492
7.85 6.03615
7.86 6.03737
7.87 6.03858
7.88 6.03977
7.89 6.04094
7.9 6.0421
7.91 6.04324
7.92 6.04435
7.93 6.04544
7.94 6.04651
7.95 6.04755
7.96 6.04855
7.97 6.04953
7.98 6.05047
7.99 6.05138
8 6.05224
8.01 6.05307
8.02 6.05385
8.03 6.05459
8.04 6.05528
8.05 6.05591
8.06 6.0565
8.07 6.05703
8.08 6.0575
8.09 6.05791
8.1 6.05826
8.11 6.05854
8.12 6.05875
8.13 6.05889
8.14 6.05896
8.15 6.05895
8.16 6.05887
8.17 6.0587
8.18 6.05845
8.19 6.05811
8.2 6.05768
8.21 6.05716
8.22 6.05654
8.23 6.05583
8.24 6.05502
8.25 6.05411
8.26 6.05309
8.27 6.05197
8.28 6.05073
8.29 6.04939
8.3 6.04793
8.31 6.04636
8.32 6.04466
8.33 6.04285
8.34 6.04092
8.35 6.03886
8.36 6.03667
8.37 6.03436
8.38 6.03192
8.39 6.02934
8.4 6.02664
8.41 6.0238
8.42 6.02082
8.43 6.01771
8.44 6.01445
8.45 6.01106
8.46 6.00753
8.47 6.00386
8.48 6.00005
8.49 5.99609
8.5 5.99199
8.51 5.98775
8.52 5.98336
8.53 5.97883
8.54 5.97416
8.55 5.96934
8.56 5.96437
8.57 5.95927
8.58 5.95402
8.59 5.94863
8.6 5.9431
8.61 5.93743
8.62 5.93162
8.63 5.92567
8.64 5.91958
8.65 5.91336
8.66 5.90701
8.67 5.90052
8.68 5.8939
8.69 5.88716
8.7 5.88028
8.71 5.87329
8.72 5.86617
8.73 5.85893
8.74 5.85158
8.75 5.84411
8.76 5.83653
8.77 5.82884
8.78 5.82105
8.79 5.81315
8.8 5.80516
8.81 5.79707
8.82 5.78889
8.83 5.78061
8.84 5.77226
8.85 5.76382
8.86 5.75531
8.87 5.74672
8.88 5.73806
8.89 5.72933
8.9 5.72054
8.91 5.71169
8.92 5.70279
8.93 5.69384
8.94 5.68484
8.95 5.67579
8.96 5.66671
8.97 5.6576
8.98 5.64845
8.99 5.63927
9 5.63007
9.01 5.62086
9.02 5.61162
9.03 5.60238
9.04 5.59313
9.05 5.58387
9.06 5.57461
9.07 5.56536
9.08 5.55612
9.09 5.54688
9.1 5.53766
9.11 5.52845
9.12 5.51927
9.13 5.51011
9.14 5.50097
9.15 5.49187
9.16 5.4828
9.17 5.47376
9.18 5.46477
9.19 5.45581
9.2 5.4469
9.21 5.43803
9.22 5.42922
9.23 5.42045
9.24 5.41174
9.25 5.40308
9.26 5.39448
9.27 5.38594
9.28 5.37745
9.29 5.36904
9.3 5.36068
9.31 5.35239
9.32 5.34417
9.33 5.33602
9.34 5.32794
9.35 5.31992
9.36 5.31198
9.37 5.30411
9.38 5.29632
9.39 5.2886
9.4 5.28096
9.41 5.27339
9.42 5.2659
9.43 5.25849
9.44 5.25115
9.45 5.24389
9.46 5.23671
9.47 5.22961
9.48 5.22259
9.49 5.21564
9.5 5.20878
9.51 5.20199
9.52 5.19528
9.53 5.18865
9.54 5.1821
9.55 5.17563
9.56 5.16924
9.57 5.16292
9.58 5.15668
9.59 5.15052
9.6 5.14443
9.61 5.13843
9.62 5.13249
9.63 5.12664
9.64 5.12085
9.65 5.11514
9.66 5.10951
9.67 5.10395
9.68 5.09846
9.69 5.09304
9.7 5.0877
9.71 5.08242
9.72 5.07721
9.73 5.07208
9.74 5.06701
9.75 5.06201
9.76 5.05707
9.77 5.05221
9.78 5.0474
9.79 5.04267
9.8 5.03799
9.81 5.03338
9.82 5.02884
9.83 5.02435
9.84 5.01992
9.85 5.01556
9.86 5.01125
9.87 5.007
9.88 5.00281
9.89 4.99868
9.9 4.9946
9.91 4.99058
9.92 4.98661
9.93 4.9827
9.94 4.97884
9.95 4.97503
9.96 4.97127
9.97 4.96756
9.98 4.96391
9.99 4.9603
10 4.95674
10.001 5
