0 -10
0.01 -8.45101
0.02 -8.44731
0.03 -8.44359
0.04 -8.43986
0.05 -8.43612
0.06 -8.43237
0.07 -8.4286
0.08 -8.42482
0.09 -8.42103
0.1 -8.41722
0.11 -8.4134
0.12 -8.40957
0.13 -8.40573
0.14 -8.40187
0.15 -8.398
0.16 -8.39412
0.17 -8.39022
0.18 -8.38631
0.19 -8.38239
0.2 -8.37845
0.21 -8.3745
0.22 -8.37054
0.23 -8.36657
0.24 -8.36258
0.25 -8.35858
0.26 -8.35456
0.27 -8.35053
0.28 -8.34649
0.29 -8.34244
0.3 -8.33837
0.31 -8.33429
0.32 -8.33019
0.33 -8.32608
0.34 -8.32196
0.35 -8.31782
0.36 -8.31367
0.37 -8.30951
0.38 -8.30533
0.39 -8.30114
0.4 -8.29693
0.41 -8.29271
0.42 -8.28848
0.43 -8.28423
0.44 -8.27997
0.45 -8.27569
0.46 -8.2714
0.47 -8.2671
0.48 -8.26278
0.49 -8.25845
0.5 -8.2541
0.51 -8.24974
0.52 -8.24536
0.53 -8.24097
0.54 -8.23656
0.55 -8.23214
0.56 -8.2277
0.57 -8.22325
0.58 -8.21878
0.59 -8.2143
0.6 -8.2098
0.61 -8.20529
0.62 -8.20076
0.63 -8.19621
0.64 -8.19165
0.65 -8.18707
0.66 -8.18248
0.67 -8.17787
0.68 -8.17324
0.69 -8.1686
0.7 -8.16394
0.71 -8.15926
0.72 -8.15457
0.73 -8.14985
0.74 -8.14513
0.75 -8.14038
0.76 -8.13561
0.77 -8.13083
0.78 -8.12603
0.79 -8.12121
0.8 -8.11637
0.81 -8.11152
0.82 -8.10664
0.83 -8.10175
0.84 -8.09683
0.85 -8.0919
0.86 -8.08695
0.87 -8.08197
0.88 -8.07698
0.89 -8.07196
0.9 -8.06693
0.91 -8.06187
0.92 -8.05679
0.93 -8.05169
0.94 -8.04657
0.95 -8.04142
0.96 -8.03625
0.97 -8.03106
0.98 -8.02585
0.99 -8.02061
1 -8.01535
1.01 -8.01007
1.02 -8.00476
1.03 -7.99942
1.04 -7.99406
1.05 -7.98867
1.06 -7.98326
1.07 -7.97782
1.08 -7.97236
1.09 -7.96687
1.1 -7.96135
1.11 -7.9558
1.12 -7.95022
1.13 -7.94461
1.14 -7.93898
1.15 -7.93332
1.16 -7.92762
1.17 -7.9219
1.18 -7.91614
1.19 -7.91035
1.2 -7.90453
1.21 -7.89868
1.22 -7.8928
1.23 -7.88688
1.24 -7.88093
1.25 -7.87494
1.26 -7.86892
1.27 -7.86286
1.28 -7.85677
1.29 -7.85064
1.3 -7.84448
1.31 -7.83827
1.32 -7.83203
1.33 -7.82575
1.34 -7.81943
1.35 -7.81308
1.36 -7.80668
1.37 -7.80024
1.38 -7.79376
1.39 -7.78724
1.4 -7.78068
1.41 -7.77407
1.42 -7.76743
1.43 -7.76073
1.44 -7.754
1.45 -7.74722
1.46 -7.74039
1.47 -7.73352
1.48 -7.7266
1.49 -7.71963
1.5 -7.71262
1.51 -7.70556
1.52 -7.69845
1.53 -7.69129
1.54 -7.68409
1.55 -7.67683
1.56 -7.66952
1.57 -7.66217
1.58 -7.65476
1.59 -7.6473
1.6 -7.63979
1.61 -7.63222
1.62 -7.6246
1.63 -7.61693
1.64 -7.60921
1.65 -7.60143
1.66 -7.5936
1.67 -7.58571
1.68 -7.57777
1.69 -7.56977
1.7 -7.56172
1.71 -7.55361
1.72 -7.54544
1.73 -7.53722
1.74 -7.52894
1.75 -7.52061
1.76 -7.51222
1.77 -7.50377
1.78 -7.49527
1.79 -7.4867
1.8 -7.47809
1.81 -7.46941
1.82 -7.46068
1.83 -7.45188
1.84 -7.44304
1.85 -7.43413
1.86 -7.42517
1.87 -7.41615
1.88 -7.40708
1.89 -7.39794
1.9 -7.38876
1.91 -7.37951
1.92 -7.37021
1.93 -7.36086
1.94 -7.35145
1.95 -7.34198
1.96 -7.33247
1.97 -7.32289
1.98 -7.31327
1.99 -7.30359
2 -7.29386
2.01 -7.28408
2.02 -7.27425
2.03 -7.26437
2.04 -7.25444
2.05 -7.24447
2.06 -7.23444
2.07 -7.22437
2.08 -7.21425
2.09 -7.20409
2.1 -7.19388
2.11 -7.18363
2.12 -7.17334
2.13 -7.163
2.14 -7.15263
2.15 -7.14222
2.16 -7.13177
2.17 -7.12129
2.18 -7.11077
2.19 -7.10021
2.2 -7.08963
2.21 -7.07901
2.22 -7.06836
2.23 -7.05769
2.24 -7.04699
2.25 -7.03626
2.26 -7.02551
2.27 -7.01473
2.28 -7.00394
2.29 -6.99313
2.3 -6.98229
2.31 -6.97145
2.32 -6.96058
2.33 -6.94971
2.34 -6.93882
2.35 -6.92792
2.36 -6.91702
2.37 -6.90611
2.38 -6.89519
2.39 -6.88427
2.4 -6.87335
2.41 -6.86243
2.42 -6.85152
2.43 -6.84061
2.44 -6.8297
2.45 -6.8188
2.46 -6.80791
2.47 -6.79703
2.48 -6.78617
2.49 -6.77532
2.5 -6.76448
2.51 -6.75366
2.52 -6.74287
2.53 -6.73209
2.54 -6.72134
2.55 -6.71061
2.56 -6.69991
2.57 -6.68924
2.58 -6.6786
2.59 -6.66798
2.6 -6.65741
2.61 -6.64686
2.62 -6.63635
2.63 -6.62588
2.64 -6.61545
2.65 -6.60506
2.66 -6.59471
2.67 -6.58441
2.68 -6.57414
2.69 -6.56393
2.7 -6.55376
2.71 -6.54364
2.72 -6.53358
2.73 -6.52356
2.74 -6.51359
2.75 -6.50368
2.76 -6.49383
2.77 -6.48402
2.78 -6.47428
2.79 -6.46459
2.8 -6.45497
2.81 -6.4454
2.82 -6.43589
2.83 -6.42645
2.84 -6.41706
2.85 -6.40774
2.86 -6.39849
2.87 -6.38929
2.88 -6.38017
2.89 -6.37111
2.9 -6.36211
2.91 -6.35319
2.92 -6.34433
2.93 -6.33553
2.94 -6.32681
2.95 -6.31816
2.96 -6.30957
2.97 -6.30106
2.98 -6.29261
2.99 -6.28424
3 -6.27593
3.01 -6.2677
3.02 -6.25953
3.03 -6.25144
3.04 -6.24342
3.05 -6.23547
3.06 -6.22759
3.07 -6.21979
3.08 -6.21205
3.09 -6.20439
3.1 -6.19679
3.11 -6.18927
3.12 -6.18182
3.13 -6.17444
3.14 -6.16713
3.15 -6.15989
3.16 -6.15272
3.17 -6.14562
3.18 -6.13859
3.19 -6.13163
3.2 -6.12474
3.21 -6.11792
3.22 -6.11117
3.23 -6.10449
3.24 -6.09787
3.25 -6.09132
3.26 -6.08484
3.27 -6.07843
3.28 -6.07208
3.29 -6.0658
3.3 -6.05958
3.31 -6.05343
3.32 -6.04734
3.33 -6.04131
3.34 -6.03535
3.35 -6.02946
3.36 -6.02362
3.37 -6.01785
3.38 -6.01214
3.39 -6.00649
3.4 -6.0009
3.41 -5.99537
3.42 -5.9899
3.43 -5.98449
3.44 -5.97913
3.45 -5.97384
3.46 -5.9686
3.47 -5.96341
3.48 -5.95829
3.49 -5.95321
3.5 -5.9482
3.51 -5.94323
3.52 -5.93832
3.53 -5.93347
3.54 -5.92866
3.55 -5.92391
3.56 -5.91921
3.57 -5.91456
3.58 -5.90996
3.59 -5.9054
3.6 -5.9009
3.61 -5.89645
3.62 -5.89204
3.63 -5.88768
3.64 -5.88337
3.65 -5.8791
3.66 -5.87488
3.67 -5.8707
3.68 -5.86656
3.69 -5.86247
3.7 -5.85843
3.71 -5.85442
3.72 -5.85046
3.73 -5.84654
3.74 -5.84266
3.75 -5.83882
3.76 -5.83502
3.77 -5.83126
3.78 -5.82754
3.79 -5.82385
3.8 -5.82021
3.81 -5.8166
3.82 -5.81303
3.83 -5.80949
3.84 -5.80599
3.85 -5.80252
3.86 -5.79909
3.87 -5.7957
3.88 -5.79234
3.89 -5.78901
3.9 -5.78571
3.91 -5.78245
3.92 -5.77921
3.93 -5.77601
3.94 -5.77285
3.95 -5.76971
3.96 -5.7666
3.97 -5.76352
3.98 -5.76047
3.99 -5.75745
4 -5.75446
4.01 -5.75149
4.02 -5.74856
4.03 -5.74565
4.04 -5.74277
4.05 -5.73991
4.06 -5.73708
4.07 -5.73428
4.08 -5.7315
4.09 -5.72875
4.1 -5.72602
4.11 -5.72332
4.12 -5.72064
4.13 -5.71798
4.14 -5.71535
4.15 -5.71274
4.16 -5.71015
4.17 -5.70759
4.18 -5.70504
4.19 -5.70252
4.2 -5.70003
4.21 -5.69755
4.22 -5.69509
4.23 -5.69266
4.24 -5.69024
4.25 -5.68784
4.26 -5.68547
4.27 -5.68311
4.28 -5.68078
4.29 -5.67846
4.3 -5.67616
4.31 -5.67388
4.32 -5.67162
4.33 -5.66937
4.34 -5.66715
4.35 -5.66494
4.36 -5.66275
4.37 -5.66057
4.38 -5.65842
4.39 -5.65628
4.4 -5.65415
4.41 -5.65205
4.42 -5.64995
4.43 -5.64788
4.44 -5.64582
4.45 -5.64378
4.46 -5.64175
4.47 -5.63973
4.48 -5.63774
4.49 -5.63575
4.5 -5.63378
4.51 -5.63183
4.52 -5.62989
4.53 -5.62797
4.54 -5.62606
4.55 -5.62416
4.56 -5.62228
4.57 -5.62041
4.58 -5.61855
4.59 -5.61671
4.6 -5.61488
4.61 -5.61306
4.62 -5.61126
4.63 -5.60947
4.64 -5.60769
4.65 -5.60593
4.66 -5.60418
4.67 -5.60244
4.68 -5.60071
4.69 -5.599
4.7 -5.59729
4.71 -5.5956
4.72 -5.59392
4.73 -5.59226
4.74 -5.5906
4.75 -5.58896
4.76 -5.58733
4.77 -5.58571
4.78 -5.5841
4.79 -5.58251
4.8 -5.58092
4.81 -5.57935
4.82 -5.57779
4.83 -5.57624
4.84 -5.5747
4.85 -5.57317
4.86 -5.57165
4.87 -5.57015
4.88 -5.56865
4.89 -5.56717
4.9 -5.5657
4.91 -5.56423
4.92 -5.56278
4.93 -5.56134
4.94 -5.55991
4.95 -5.55849
4.96 -5.55709
4.97 -5.55569
4.98 -5.5543
4.99 -5.55292
5 -5.55156
5.01 -5.5502
5.02 -5.54886
5.03 -5.54753
5.04 -5.5462
5.05 -5.54489
5.06 -5.54359
5.07 -5.5423
5.08 -5.54102
5.09 -5.53975
5.1 -5.53849
5.11 -5.53724
5.12 -5.536
5.13 -5.53477
5.14 -5.53355
5.15 -5.53235
5.16 -5.53115
5.17 -5.52996
5.18 -5.52879
5.19 -5.52762
5.2 -5.52647
5.21 -5.52532
5.22 -5.52419
5.23 -5.52306
5.24 -5.52195
5.25 -5.52085
5.26 -5.51975
5.27 -5.51867
5.28 -5.5176
5.29 -5.51654
5.3 -5.51549
5.31 -5.51445
5.32 -5.51342
5.33 -5.5124
5.34 -5.51139
5.35 -5.51039
5.36 -5.5094
5.37 -5.50842
5.38 -5.50745
5.39 -5.50649
5.4 -5.50554
5.41 -5.50461
5.42 -5.50368
5.43 -5.50276
5.44 -5.50185
5.45 -5.50095
5.46 -5.50006
5.47 -5.49918
5.48 -5.49832
5.49 -5.49746
5.5 -5.49661
5.51 -5.49577
5.52 -5.49494
5.53 -5.49412
5.54 -5.49331
5.55 -5.4925
5.56 -5.49171
5.57 -5.49093
5.58 -5.49015
5.59 -5.48939
5.6 -5.48863
5.61 -5.48788
5.62 -5.48714
5.63 -5.48641
5.64 -5.48569
5.65 -5.48498
5.66 -5.48427
5.67 -5.48357
5.68 -5.48288
5.69 -5.4822
5.7 -5.48153
5.71 -5.48086
5.72 -5.4802
5.73 -5.47955
5.74 -5.4789
5.75 -5.47827
5.76 -5.47764
5.77 -5.47701
5.78 -5.47639
5.79 -5.47578
5.8 -5.47518
5.81 -5.47458
5.82 -5.47398
5.83 -5.47339
5.84 -5.47281
5.85 -5.47223
5.86 -5.47166
5.87 -5.47109
5.88 -5.47053
5.89 -5.46997
5.9 -5.46942
5.91 -5.46887
5.92 -5.46832
5.93 -5.46778
5.94 -5.46724
5.95 -5.46671
5.96 -5.46617
5.97 -5.46565
5.98 -5.46512
5.99 -5.4646
6 -5.46408
6.01 -5.46356
6.02 -5.46304
6.03 -5.46253
6.04 -5.46202
6.05 -5.46151
6.06 -5.461
6.07 -5.46049
6.08 -5.45999
6.09 -5.45948
6.1 -5.45898
6.11 -5.45848
6.12 -5.45798
6.13 -5.45748
6.14 -5.45698
6.15 -5.45648
6.16 -5.45598
6.17 -5.45549
6.18 -5.45499
6.19 -5.4545
6.2 -5.45401
6.21 -5.45352
6.22 -5.45302
6.23 -5.45253
6.24 -5.45205
6.25 -5.45156
6.26 -5.45107
6.27 -5.45059
6.28 -5.45011
6.29 -5.44963
6.3 -5.44915
6.31 -5.44868
6.32 -5.44821
6.33 -5.44774
6.34 -5.44728
6.35 -5.44682
6.36 -5.44636
6.37 -5.44591
6.38 -5.44547
6.39 -5.44503
6.4 -5.4446
6.41 -5.44417
6.42 -5.44376
6.43 -5.44335
6.44 -5.44295
6.45 -5.44256
6.46 -5.44218
6.47 -5.44182
6.48 -5.44147
6.49 -5.44113
6.5 -5.4408
6.51 -5.4405
6.52 -5.4402
6.53 -5.43993
6.54 -5.43968
6.55 -5.43945
6.56 -5.43923
6.57 -5.43905
6.58 -5.43888
6.59 -5.43875
6.6 -5.43864
6.61 -5.43856
6.62 -5.43851
6.63 -5.4385
6.64 -5.43852
6.65 -5.43857
6.66 -5.43867
6.67 -5.4388
6.68 -5.43898
6.69 -5.4392
6.7 -5.43947
6.71 -5.43979
6.72 -5.44016
6.73 -5.44059
6.74 -5.44107
6.75 -5.44161
6.76 -5.44221
6.77 -5.44287
6.78 -5.4436
6.79 -5.4444
6.8 -5.44527
6.81 -5.44622
6.82 -5.44724
6.83 -5.44835
6.84 -5.44954
6.85 -5.45081
6.86 -5.45218
6.87 -5.45363
6.88 -5.45518
6.89 -5.45683
6.9 -5.45859
6.91 -5.46044
6.92 -5.46241
6.93 -5.46448
6.94 -5.46667
6.95 -5.46898
6.96 -5.47141
6.97 -5.47396
6.98 -5.47664
6.99 -5.47944
7 -5.48238
7.01 -5.48546
7.02 -5.48867
7.03 -5.49202
7.04 -5.49552
7.05 -5.49916
7.06 -5.50295
7.07 -5.5069
7.08 -5.51099
7.09 -5.51525
7.1 -5.51966
7.11 -5.52423
7.12 -5.52896
7.13 -5.53386
7.14 -5.53892
7.15 -5.54415
7.16 -5.54955
7.17 -5.55511
7.18 -5.56085
7.19 -5.56676
7.2 -5.57284
7.21 -5.57909
7.22 -5.58552
7.23 -5.59212
7.24 -5.59889
7.25 -5.60584
7.26 -5.61295
7.27 -5.62024
7.28 -5.6277
7.29 -5.63533
7.3 -5.64313
7.31 -5.65109
7.32 -5.65923
7.33 -5.66752
7.34 -5.67598
7.35 -5.6846
7.36 -5.69338
7.37 -5.70232
7.38 -5.71141
7.39 -5.72065
7.4 -5.73003
7.41 -5.73957
7.42 -5.74925
7.43 -5.75906
7.44 -5.76902
7.45 -5.77911
7.46 -5.78932
7.47 -5.79967
7.48 -5.81014
7.49 -5.82073
7.5 -5.83143
7.51 -5.84225
7.52 -5.85317
7.53 -5.86421
7.54 -5.87534
7.55 -5.88657
7.56 -5.8979
7.57 -5.90932
7.58 -5.92082
7.59 -5.93241
7.6 -5.94407
7.61 -5.95582
7.62 -5.96763
7.63 -5.97952
7.64 -5.99146
7.65 -6.00347
7.66 -6.01554
7.67 -6.02767
7.68 -6.03984
7.69 -6.05206
7.7 -6.06433
7.71 -6.07663
7.72 -6.08898
7.73 -6.10136
7.74 -6.11377
7.75 -6.12621
7.76 -6.13867
7.77 -6.15116
7.78 -6.16367
7.79 -6.17619
7.8 -6.18873
7.81 -6.20128
7.82 -6.21384
7.83 -6.2264
7.84 -6.23897
7.85 -6.25154
7.86 -6.2641
7.87 -6.27667
7.88 -6.28922
7.89 -6.30177
7.9 -6.31431
7.91 -6.32684
7.92 -6.33935
7.93 -6.35185
7.94 -6.36432
7.95 -6.37678
7.96 -6.38921
7.97 -6.40162
7.98 -6.41401
7.99 -6.42637
8 -6.4387
8.01 -6.451
8.02 -6.46327
8.03 -6.4755
8.04 -6.4877
8.05 -6.49987
8.06 -6.512
8.07 -6.52409
8.08 -6.53614
8.09 -6.54815
8.1 -6.56012
8.11 -6.57205
8.12 -6.58394
8.13 -6.59578
8.14 -6.60758
8.15 -6.61933
8.16 -6.63103
8.17 -6.64269
8.18 -6.6543
8.19 -6.66586
8.2 -6.67738
8.21 -6.68884
8.22 -6.70026
8.23 -6.71162
8.24 -6.72293
8.25 -6.7342
8.26 -6.74541
8.27 -6.75656
8.28 -6.76767
8.29 -6.77872
8.3 -6.78973
8.31 -6.80067
8.32 -6.81157
8.33 -6.82241
8.34 -6.8332
8.35 -6.84393
8.36 -6.85461
8.37 -6.86524
8.38 -6.87581
8.39 -6.88633
8.4 -6.8968
8.41 -6.90721
8.42 -6.91757
8.43 -6.92787
8.44 -6.93812
8.45 -6.94832
8.46 -6.95846
8.47 -6.96855
8.48 -6.97859
8.49 -6.98857
8.5 -6.9985
8.51 -7.00837
8.52 -7.0182
8.53 -7.02797
8.54 -7.03768
8.55 -7.04735
8.56 -7.05696
8.57 -7.06652
8.58 -7.07603
8.59 -7.08549
8.6 -7.09489
8.61 -7.10425
8.62 -7.11355
8.63 -7.1228
8.64 -7.132
8.65 -7.14115
8.66 -7.15025
8.67 -7.1593
8.68 -7.1683
8.69 -7.17725
8.7 -7.18616
8.71 -7.19501
8.72 -7.20381
8.73 -7.21257
8.74 -7.22127
8.75 -7.22993
8.76 -7.23854
8.77 -7.24711
8.78 -7.25562
8.79 -7.26409
8.8 -7.27252
8.81 -7.28089
8.82 -7.28922
8.83 -7.2975
8.84 -7.30574
8.85 -7.31393
8.86 -7.32208
8.87 -7.33018
8.88 -7.33824
8.89 -7.34625
8.9 -7.35422
8.91 -7.36214
8.92 -7.37002
8.93 -7.37786
8.94 -7.38566
8.95 -7.39341
8.96 -7.40111
8.97 -7.40878
8.98 -7.4164
8.99 -7.42398
9 -7.43152
9.01 -7.43902
9.02 -7.44648
9.03 -7.45389
9.04 -7.46127
9.05 -7.4686
9.06 -7.47589
9.07 -7.48315
9.08 -7.49036
9.09 -7.49754
9.1 -7.50467
9.11 -7.51177
9.12 -7.51882
9.13 -7.52584
9.14 -7.53282
9.15 -7.53976
9.16 -7.54667
9.17 -7.55353
9.18 -7.56036
9.19 -7.56716
9.2 -7.57391
9.21 -7.58063
9.22 -7.58731
9.23 -7.59395
9.24 -7.60056
9.25 -7.60713
9.26 -7.61367
9.27 -7.62017
9.28 -7.62664
9.29 -7.63307
9.3 -7.63947
9.31 -7.64583
9.32 -7.65216
9.33 -7.65845
9.34 -7.66471
9.35 -7.67094
9.36 -7.67713
9.37 -7.68329
9.38 -7.68942
9.39 -7.69551
9.4 -7.70157
9.41 -7.7076
9.42 -7.71359
9.43 -7.71956
9.44 -7.72549
9.45 -7.73139
9.46 -7.73726
9.47 -7.7431
9.48 -7.74891
9.49 -7.75468
9.5 -7.76043
9.51 -7.76614
9.52 -7.77183
9.53 -7.77749
9.54 -7.78311
9.55 -7.78871
9.56 -7.79427
9.57 -7.79981
9.58 -7.80532
9.59 -7.8108
9.6 -7.81625
9.61 -7.82167
9.62 -7.82706
9.63 -7.83243
9.64 -7.83777
9.65 -7.84308
9.66 -7.84836
9.67 -7.85362
9.68 -7.85884
9.69 -7.86404
9.7 -7.86922
9.71 -7.87437
9.72 -7.87949
9.73 -7.88458
9.74 -7.88965
9.75 -7.89469
9.76 -7.89971
9.77 -7.9047
9.78 -7.90966
9.79 -7.9146
9.8 -7.91952
9.81 -7.92441
9.82 -7.92927
9.83 -7.93411
9.84 -7.93893
9.85 -7.94372
9.86 -7.94849
9.87 -7.95323
9.88 -7.95795
9.89 -7.96265
9.9 -7.96732
9.91 -7.97197
9.92 -7.97659
9.93 -7.98119
9.94 -7.98577
9.95 -7.99033
9.96 -7.99486
9.97 -7.99937
9.98 -8.00386
9.99 -8.00832
10 -8.01277
10.001 -10
