0 5
0.01 4.28397
0.02 4.28463
0.03 4.2853
0.04 4.28598
0.05 4.28667
0.06 4.28737
0.07 4.28807
0.08 4.28878
0.09 4.2895
0.1 4.29022
0.11 4.29096
0.12 4.2917
0.13 4.29245
0.14 4.29321
0.15 4.29397
0.16 4.29475
0.17 4.29553
0.18 4.29633
0.19 4.29713
0.2 4.29794
0.21 4.29876
0.22 4.29958
0.23 4.30042
0.24 4.30127
0.25 4.30212
0.26 4.30299
0.27 4.30386
0.28 4.30475
0.29 4.30564
0.3 4.30654
0.31 4.30746
0.32 4.30838
0.33 4.30931
0.34 4.31025
0.35 4.31121
0.36 4.31217
0.37 4.31315
0.38 4.31413
0.39 4.31513
0.4 4.31613
0.41 4.31715
0.42 4.31818
0.43 4.31921
0.44 4.32026
0.45 4.32132
0.46 4.32239
0.47 4.32348
0.48 4.32457
0.49 4.32568
0.5 4.32679
0.51 4.32792
0.52 4.32906
0.53 4.33021
0.54 4.33138
0.55 4.33255
0.56 4.33374
0.57 4.33494
0.58 4.33615
0.59 4.33738
0.6 4.33861
0.61 4.33986
0.62 4.34112
0.63 4.3424
0.64 4.34368
0.65 4.34498
0.66 4.34629
0.67 4.34762
0.68 4.34896
0.69 4.35031
0.7 4.35167
0.71 4.35304
0.72 4.35443
0.73 4.35584
0.74 4.35725
0.75 4.35868
0.76 4.36012
0.77 4.36158
0.78 4.36305
0.79 4.36453
0.8 4.36603
0.81 4.36754
0.82 4.36907
0.83 4.3706
0.84 4.37216
0.85 4.37372
0.86 4.3753
0.87 4.3769
0.88 4.37851
0.89 4.38013
0.9 4.38177
0.91 4.38342
0.92 4.38509
0.93 4.38677
0.94 4.38846
0.95 4.39017
0.96 4.3919
0.97 4.39364
0.98 4.39539
0.99 4.39716
1 4.39895
1.01 4.40075
1.02 4.40256
1.03 4.40439
1.04 4.40624
1.05 4.4081
1.06 4.40998
1.07 4.41187
1.08 4.41378
1.09 4.41571
1.1 4.41765
1.11 4.4196
1.12 4.42158
1.13 4.42357
1.14 4.42557
1.15 4.42759
1.16 4.42963
1.17 4.43169
1.18 4.43376
1.19 4.43585
1.2 4.43796
1.21 4.44008
1.22 4.44222
1.23 4.44438
1.24 4.44656
1.25 4.44875
1.26 4.45096
1.27 4.45319
1.28 4.45544
1.29 4.45771
1.3 4.45999
1.31 4.46229
1.32 4.46462
1.33 4.46696
1.34 4.46932
1.35 4.4717
1.36 4.4741
1.37 4.47652
1.38 4.47896
1.39 4.48141
1.4 4.48389
1.41 4.48639
1.42 4.48891
1.43 4.49145
1.44 4.49401
1.45 4.4966
1.46 4.4992
1.47 4.50183
1.48 4.50448
1.49 4.50715
1.5 4.50984
1.51 4.51255
1.52 4.51529
1.53 4.51805
1.54 4.52083
1.55 4.52364
1.56 4.52647
1.57 4.52932
1.58 4.5322
1.59 4.5351
1.6 4.53803
1.61 4.54098
1.62 4.54396
1.63 4.54696
1.64 4.54998
1.65 4.55304
1.66 4.55612
1.67 4.55922
1.68 4.56235
1.69 4.56551
1.7 4.56869
1.71 4.5719
1.72 4.57514
1.73 4.57841
1.74 4.5817
1.75 4.58502
1.76 4.58837
1.77 4.59175
1.78 4.59516
1.79 4.59859
1.8 4.60206
1.81 4.60555
1.82 4.60907
1.83 4.61262
1.84 4.6162
1.85 4.61982
1.86 4.62346
1.87 4.62713
1.88 4.63083
1.89 4.63456
1.9 4.63832
1.91 4.64212
1.92 4.64594
1.93 4.6498
1.94 4.65368
1.95 4.6576
1.96 4.66154
1.97 4.66552
1.98 4.66953
1.99 4.67357
2 4.67765
2.01 4.68175
2.02 4.68588
2.03 4.69005
2.04 4.69425
2.05 4.69847
2.06 4.70273
2.07 4.70702
2.08 4.71134
2.09 4.7157
2.1 4.72008
2.11 4.72449
2.12 4.72894
2.13 4.73341
2.14 4.73791
2.15 4.74245
2.16 4.74701
2.17 4.7516
2.18 4.75622
2.19 4.76087
2.2 4.76555
2.21 4.77026
2.22 4.775
2.23 4.77976
2.24 4.78455
2.25 4.78937
2.26 4.79421
2.27 4.79908
2.28 4.80398
2.29 4.8089
2.3 4.81385
2.31 4.81882
2.32 4.82381
2.33 4.82883
2.34 4.83387
2.35 4.83894
2.36 4.84402
2.37 4.84913
2.38 4.85426
2.39 4.8594
2.4 4.86457
2.41 4.86976
2.42 4.87496
2.43 4.88019
2.44 4.88543
2.45 4.89068
2.46 4.89595
2.47 4.90124
2.48 4.90654
2.49 4.91186
2.5 4.91718
2.51 4.92252
2.52 4.92787
2.53 4.93324
2.54 4.93861
2.55 4.94399
2.56 4.94938
2.57 4.95478
2.58 4.96018
2.59 4.96559
2.6 4.97101
2.61 4.97643
2.62 4.98186
2.63 4.98729
2.64 4.99272
2.65 4.99815
2.66 5.00358
2.67 5.00902
2.68 5.01445
2.69 5.01988
2.7 5.02531
2.71 5.03074
2.72 5.03616
2.73 5.04158
2.74 5.047
2.75 5.0524
2.76 5.05781
2.77 5.0632
2.78 5.06859
2.79 5.07397
2.8 5.07934
2.81 5.08469
2.82 5.09004
2.83 5.09538
2.84 5.10071
2.85 5.10602
2.86 5.11132
2.87 5.11661
2.88 5.12188
2.89 5.12714
2.9 5.13238
2.91 5.13761
2.92 5.14282
2.93 5.14801
2.94 5.15319
2.95 5.15834
2.96 5.16348
2.97 5.16861
2.98 5.17371
2.99 5.17879
3 5.18385
3.01 5.18889
3.02 5.19391
3.03 5.19891
3.04 5.20389
3.05 5.20884
3.06 5.21378
3.07 5.21869
3.08 5.22357
3.09 5.22844
3.1 5.23328
3.11 5.2381
3.12 5.24289
3.13 5.24766
3.14 5.25241
3.15 5.25713
3.16 5.26182
3.17 5.26649
3.18 5.27114
3.19 5.27576
3.2 5.28035
3.21 5.28492
3.22 5.28947
3.23 5.29399
3.24 5.29848
3.25 5.30295
3.26 5.30739
3.27 5.31181
3.28 5.3162
3.29 5.32056
3.3 5.3249
3.31 5.32921
3.32 5.3335
3.33 5.33776
3.34 5.34199
3.35 5.3462
3.36 5.35038
3.37 5.35454
3.38 5.35867
3.39 5.36277
3.4 5.36685
3.41 5.37091
3.42 5.37494
3.43 5.37894
3.44 5.38292
3.45 5.38687
3.46 5.3908
3.47 5.3947
3.48 5.39858
3.49 5.40244
3.5 5.40627
3.51 5.41007
3.52 5.41385
3.53 5.41761
3.54 5.42134
3.55 5.42505
3.56 5.42874
3.57 5.4324
3.58 5.43604
3.59 5.43966
3.6 5.44325
3.61 5.44682
3.62 5.45037
3.63 5.4539
3.64 5.4574
3.65 5.46088
3.66 5.46434
3.67 5.46778
3.68 5.4712
3.69 5.4746
3.7 5.47797
3.71 5.48133
3.72 5.48466
3.73 5.48798
3.74 5.49127
3.75 5.49454
3.76 5.4978
3.77 5.50103
3.78 5.50425
3.79 5.50744
3.8 5.51062
3.81 5.51378
3.82 5.51692
3.83 5.52004
3.84 5.52315
3.85 5.52623
3.86 5.5293
3.87 5.53235
3.88 5.53539
3.89 5.53841
3.9 5.54141
3.91 5.54439
3.92 5.54736
3.93 5.55031
3.94 5.55324
3.95 5.55616
3.96 5.55907
3.97 5.56196
3.98 5.56483
3.99 5.56769
4 5.57053
4.01 5.57336
4.02 5.57618
4.03 5.57898
4.04 5.58176
4.05 5.58454
4.06 5.5873
4.07 5.59004
4.08 5.59278
4.09 5.5955
4.1 5.5982
4.11 5.6009
4.12 5.60358
4.13 5.60625
4.14 5.60891
4.15 5.61155
4.16 5.61419
4.17 5.61681
4.18 5.61942
4.19 5.62202
4.2 5.62461
4.21 5.62719
4.22 5.62976
4.23 5.63231
4.24 5.63486
4.25 5.6374
4.26 5.63992
4.27 5.64244
4.28 5.64495
4.29 5.64744
4.3 5.64993
4.31 5.65241
4.32 5.65488
4.33 5.65734
4.34 5.6598
4.35 5.66224
4.36 5.66467
4.37 5.6671
4.38 5.66952
4.39 5.67193
4.4 5.67433
4.41 5.67673
4.42 5.67912
4.43 5.6815
4.44 5.68387
4.45 5.68624
4.46 5.68859
4.47 5.69095
4.48 5.69329
4.49 5.69563
4.5 5.69796
4.51 5.70029
4.52 5.70261
4.53 5.70492
4.54 5.70722
4.55 5.70953
4.56 5.71182
4.57 5.71411
4.58 5.71639
4.59 5.71867
4.6 5.72094
4.61 5.72321
4.62 5.72547
4.63 5.72773
4.64 5.72998
4.65 5.73223
4.66 5.73447
4.67 5.73671
4.68 5.73895
4.69 5.74118
4.7 5.7434
4.71 5.74562
4.72 5.74784
4.73 5.75005
4.74 5.75226
4.75 5.75446
4.76 5.75666
4.77 5.75886
4.78 5.76105
4.79 5.76324
4.8 5.76543
4.81 5.76761
4.82 5.76979
4.83 5.77197
4.84 5.77414
4.85 5.77631
4.86 5.77848
4.87 5.78064
4.88 5.7828
4.89 5.78496
4.9 5.78711
4.91 5.78926
4.92 5.79141
4.93 5.79356
4.94 5.7957
4.95 5.79785
4.96 5.79999
4.97 5.80212
4.98 5.80426
4.99 5.80639
5 5.80852
5.01 5.81065
5.02 5.81277
5.03 5.81489
5.04 5.81702
5.05 5.81913
5.06 5.82125
5.07 5.82337
5.08 5.82548
5.09 5.82759
5.1 5.8297
5.11 5.83181
5.12 5.83391
5.13 5.83601
5.14 5.83811
5.15 5.84021
5.16 5.84231
5.17 5.84441
5.18 5.8465
5.19 5.84859
5.2 5.85068
5.21 5.85277
5.22 5.85486
5.23 5.85694
5.24 5.85903
5.25 5.86111
5.26 5.86319
5.27 5.86527
5.28 5.86734
5.29 5.86942
5.3 5.87149
5.31 5.87356
5.32 5.87563
5.33 5.8777
5.34 5.87976
5.35 5.88182
5.36 5.88388
5.37 5.88594
5.38 5.888
5.39 5.89006
5.4 5.89211
5.41 5.89416
5.42 5.89621
5.43 5.89826
5.44 5.9003
5.45 5.90234
5.46 5.90438
5.47 5.90642
5.48 5.90846
5.49 5.91049
5.5 5.91252
5.51 5.91455
5.52 5.91658
5.53 5.9186
5.54 5.92062
5.55 5.92264
5.56 5.92465
5.57 5.92667
5.58 5.92868
5.59 5.93068
5.6 5.93269
5.61 5.93469
5.62 5.93669
5.63 5.93868
5.64 5.94067
5.65 5.94266
5.66 5.94465
5.67 5.94663
5.68 5.94861
5.69 5.95059
5.7 5.95256
5.71 5.95453
5.72 5.95649
5.73 5.95846
5.74 5.96041
5.75 5.96237
5.76 5.96432
5.77 5.96627
5.78 5.96821
5.79 5.97015
5.8 5.97209
5.81 5.97402
5.82 5.97594
5.83 5.97787
5.84 5.97979
5.85 5.9817
5.86 5.98361
5.87 5.98552
5.88 5.98742
5.89 5.98932
5.9 5.99122
5.91 5.99311
5.92 5.99499
5.93 5.99687
5.94 5.99875
5.95 6.00062
5.96 6.00249
5.97 6.00435
5.98 6.00621
5.99 6.00806
6 6.00991
6.01 6.01175
6.02 6.01359
6.03 6.01543
6.04 6.01726
6.05 6.01908
6.06 6.0209
6.07 6.02271
6.08 6.02452
6.09 6.02633
6.1 6.02812
6.11 6.02992
6.12 6.03171
6.13 6.03349
6.14 6.03526
6.15 6.03704
6.16 6.0388
6.17 6.04056
6.18 6.04231
6.19 6.04406
6.2 6.0458
6.21 6.04754
6.22 6.04926
6.23 6.05099
6.24 6.0527
6.25 6.05441
6.26 6.05611
6.27 6.0578
6.28 6.05948
6.29 6.06116
6.3 6.06283
6.31 6.06449
6.32 6.06614
6.33 6.06778
6.34 6.06941
6.35 6.07103
6.36 6.07264
6.37 6.07423
6.38 6.07582
6.39 6.07739
6.4 6.07896
6.41 6.08051
6.42 6.08204
6.43 6.08356
6.44 6.08506
6.45 6.08655
6.46 6.08802
6.47 6.08948
6.48 6.09091
6.49 6.09233
6.5 6.09373
6.51 6.0951
6.52 6.09645
6.53 6.09778
6.54 6.09909
6.55 6.10037
6.56 6.10162
6.57 6.10284
6.58 6.10404
6.59 6.1052
6.6 6.10633
6.61 6.10742
6.62 6.10848
6.63 6.10951
6.64 6.11049
6.65 6.11143
6.66 6.11233
6.67 6.11319
6.68 6.114
6.69 6.11476
6.7 6.11547
6.71 6.11612
6.72 6.11673
6.73 6.11727
6.74 6.11775
6.75 6.11818
6.76 6.11854
6.77 6.11883
6.78 6.11905
6.79 6.1192
6.8 6.11927
6.81 6.11927
6.82 6.11919
6.83 6.11902
6.84 6.11877
6.85 6.11843
6.86 6.11799
6.87 6.11747
6.88 6.11684
6.89 6.11612
6.9 6.11529
6.91 6.11436
6.92 6.11332
6.93 6.11216
6.94 6.11089
6.95 6.10951
6.96 6.108
6.97 6.10637
6.98 6.10461
6.99 6.10273
7 6.10071
7.01 6.09857
7.02 6.09628
7.03 6.09386
7.04 6.09129
7.05 6.08859
7.06 6.08574
7.07 6.08274
7.08 6.0796
7.09 6.07631
7.1 6.07286
7.11 6.06926
7.12 6.06552
7.13 6.06161
7.14 6.05756
7.15 6.05335
7.16 6.04898
7.17 6.04446
7.18 6.03978
7.19 6.03495
7.2 6.02997
7.21 6.02483
7.22 6.01955
7.23 6.01411
7.24 6.00852
7.25 6.00279
7.26 5.99692
7.27 5.9909
7.28 5.98474
7.29 5.97844
7.3 5.97201
7.31 5.96545
7.32 5.95877
7.33 5.95195
7.34 5.94502
7.35 5.93797
7.36 5.93081
7.37 5.92354
7.38 5.91617
7.39 5.9087
7.4 5.90113
7.41 5.89347
7.42 5.88573
7.43 5.87791
7.44 5.87
7.45 5.86203
7.46 5.85399
7.47 5.84589
7.48 5.83773
7.49 5.82953
7.5 5.82127
7.51 5.81297
7.52 5.80463
7.53 5.79626
7.54 5.78786
7.55 5.77944
7.56 5.771
7.57 5.76254
7.58 5.75407
7.59 5.7456
7.6 5.73712
7.61 5.72864
7.62 5.72016
7.63 5.7117
7.64 5.70324
7.65 5.6948
7.66 5.68638
7.67 5.67798
7.68 5.6696
7.69 5.66125
7.7 5.65293
7.71 5.64464
7.72 5.63639
7.73 5.62817
7.74 5.62
7.75 5.61186
7.76 5.60376
7.77 5.59571
7.78 5.58771
7.79 5.57975
7.8 5.57185
7.81 5.56399
7.82 5.55619
7.83 5.54844
7.84 5.54074
7.85 5.5331
7.86 5.52551
7.87 5.51799
7.88 5.51052
7.89 5.5031
7.9 5.49575
7.91 5.48846
7.92 5.48123
7.93 5.47405
7.94 5.46694
7.95 5.45989
7.96 5.4529
7.97 5.44598
7.98 5.43911
7.99 5.43231
8 5.42557
8.01 5.41889
8.02 5.41227
8.03 5.40572
8.04 5.39922
8.05 5.39279
8.06 5.38642
8.07 5.38011
8.08 5.37387
8.09 5.36768
8.1 5.36156
8.11 5.35549
8.12 5.34949
8.13 5.34354
8.14 5.33766
8.15 5.33184
8.16 5.32607
8.17 5.32036
8.18 5.31471
8.19 5.30912
8.2 5.30359
8.21 5.29811
8.22 5.29269
8.23 5.28733
8.24 5.28202
8.25 5.27677
8.26 5.27157
8.27 5.26642
8.28 5.26133
8.29 5.25629
8.3 5.25131
8.31 5.24638
8.32 5.2415
8.33 5.23667
8.34 5.23189
8.35 5.22716
8.36 5.22248
8.37 5.21785
8.38 5.21327
8.39 5.20873
8.4 5.20425
8.41 5.19981
8.42 5.19542
8.43 5.19107
8.44 5.18677
8.45 5.18251
8.46 5.1783
8.47 5.17413
8.48 5.17001
8.49 5.16593
8.5 5.16189
8.51 5.1579
8.52 5.15394
8.53 5.15003
8.54 5.14615
8.55 5.14232
8.56 5.13853
8.57 5.13477
8.58 5.13105
8.59 5.12738
8.6 5.12374
8.61 5.12013
8.62 5.11657
8.63 5.11303
8.64 5.10954
8.65 5.10608
8.66 5.10266
8.67 5.09927
8.68 5.09591
8.69 5.09259
8.7 5.0893
8.71 5.08604
8.72 5.08282
8.73 5.07963
8.74 5.07647
8.75 5.07334
8.76 5.07024
8.77 5.06717
8.78 5.06413
8.79 5.06113
8.8 5.05815
8.81 5.0552
8.82 5.05228
8.83 5.04938
8.84 5.04652
8.85 5.04368
8.86 5.04087
8.87 5.03808
8.88 5.03533
8.89 5.03259
8.9 5.02989
8.91 5.02721
8.92 5.02455
8.93 5.02192
8.94 5.01932
8.95 5.01673
8.96 5.01418
8.97 5.01164
8.98 5.00913
8.99 5.00664
9 5.00418
9.01 5.00174
9.02 4.99931
9.03 4.99692
9.04 4.99454
9.05 4.99218
9.06 4.98985
9.07 4.98753
9.08 4.98524
9.09 4.98297
9.1 4.98071
9.11 4.97848
9.12 4.97627
9.13 4.97407
9.14 4.9719
9.15 4.96974
9.16 4.9676
9.17 4.96548
9.18 4.96338
9.19 4.9613
9.2 4.95923
9.21 4.95718
9.22 4.95515
9.23 4.95314
9.24 4.95114
9.25 4.94916
9.26 4.94719
9.27 4.94525
9.28 4.94331
9.29 4.9414
9.3 4.9395
9.31 4.93761
9.32 4.93574
9.33 4.93389
9.34 4.93205
9.35 4.93022
9.36 4.92841
9.37 4.92662
9.38 4.92483
9.39 4.92307
9.4 4.92131
9.41 4.91957
9.42 4.91785
9.43 4.91613
9.44 4.91443
9.45 4.91275
9.46 4.91107
9.47 4.90941
9.48 4.90776
9.49 4.90613
9.5 4.9045
9.51 4.90289
9.52 4.90129
9.53 4.8997
9.54 4.89813
9.55 4.89656
9.56 4.89501
9.57 4.89347
9.58 4.89194
9.59 4.89042
9.6 4.88891
9.61 4.88741
9.62 4.88593
9.63 4.88445
9.64 4.88299
9.65 4.88153
9.66 4.88009
9.67 4.87865
9.68 4.87723
9.69 4.87581
9.7 4.87441
9.71 4.87301
9.72 4.87163
9.73 4.87025
9.74 4.86889
9.75 4.86753
9.76 4.86618
9.77 4.86484
9.78 4.86351
9.79 4.86219
9.8 4.86088
9.81 4.85958
9.82 4.85828
9.83 4.857
9.84 4.85572
9.85 4.85445
9.86 4.85319
9.87 4.85194
9.88 4.85069
9.89 4.84946
9.9 4.84823
9.91 4.84701
9.92 4.8458
9.93 4.84459
9.94 4.84339
9.95 4.8422
9.96 4.84102
9.97 4.83985
9.98 4.83868
9.99 4.83752
10 4.83637
10.001 5
