0 0
0.01 0.251617
0.02 0.250202
0.03 0.248786
0.04 0.247367
0.05 0.245947
0.06 0.244524
0.07 0.2431
0.08 0.241675
0.09 0.240247
0.1 0.238819
0.11 0.237389
0.12 0.235957
0.13 0.234525
0.14 0.233091
0.15 0.231657
0.16 0.230221
0.17 0.228785
0.18 0.227348
0.19 0.22591
0.2 0.224472
0.21 0.223034
0.22 0.221596
0.23 0.220157
0.24 0.218719
0.25 0.21728
0.26 0.215842
0.27 0.214405
0.28 0.212968
0.29 0.211532
0.3 0.210096
0.31 0.208662
0.32 0.207228
0.33 0.205796
0.34 0.204365
0.35 0.202936
0.36 0.201509
0.37 0.200083
0.38 0.19866
0.39 0.197239
0.4 0.19582
0.41 0.194404
0.42 0.19299
0.43 0.19158
0.44 0.190172
0.45 0.188768
0.46 0.187367
0.47 0.18597
0.48 0.184577
0.49 0.183187
0.5 0.181802
0.51 0.180422
0.52 0.179046
0.53 0.177674
0.54 0.176308
0.55 0.174947
0.56 0.173592
0.57 0.172242
0.58 0.170899
0.59 0.169561
0.6 0.16823
0.61 0.166905
0.62 0.165587
0.63 0.164277
0.64 0.162973
0.65 0.161677
0.66 0.160389
0.67 0.159109
0.68 0.157837
0.69 0.156574
0.7 0.15532
0.71 0.154075
0.72 0.152839
0.73 0.151613
0.74 0.150396
0.75 0.14919
0.76 0.147994
0.77 0.146809
0.78 0.145635
0.79 0.144472
0.8 0.143321
0.81 0.142181
0.82 0.141054
0.83 0.139939
0.84 0.138837
0.85 0.137748
0.86 0.136672
0.87 0.13561
0.88 0.134562
0.89 0.133528
0.9 0.132508
0.91 0.131503
0.92 0.130514
0.93 0.12954
0.94 0.128582
0.95 0.12764
0.96 0.126714
0.97 0.125805
0.98 0.124913
0.99 0.124039
1 0.123182
1.01 0.122343
1.02 0.121523
1.03 0.120721
1.04 0.119939
1.05 0.119175
1.06 0.118432
1.07 0.117708
1.08 0.117005
1.09 0.116322
1.1 0.11566
1.11 0.11502
1.12 0.114401
1.13 0.113805
1.14 0.11323
1.15 0.112679
1.16 0.11215
1.17 0.111644
1.18 0.111162
1.19 0.110705
1.2 0.110271
1.21 0.109862
1.22 0.109478
1.23 0.109119
1.24 0.108786
1.25 0.108478
1.26 0.108197
1.27 0.107942
1.28 0.107714
1.29 0.107513
1.3 0.10734
1.31 0.107195
1.32 0.107077
1.33 0.106988
1.34 0.106927
1.35 0.106895
1.36 0.106893
1.37 0.10692
1.38 0.106977
1.39 0.107064
1.4 0.107181
1.41 0.107328
1.42 0.107507
1.43 0.107717
1.44 0.107958
1.45 0.108231
1.46 0.108535
1.47 0.108872
1.48 0.109241
1.49 0.109642
1.5 0.110077
1.51 0.110544
1.52 0.111044
1.53 0.111578
1.54 0.112146
1.55 0.112747
1.56 0.113383
1.57 0.114052
1.58 0.114756
1.59 0.115494
1.6 0.116267
1.61 0.117074
1.62 0.117917
1.63 0.118794
1.64 0.119707
1.65 0.120654
1.66 0.121638
1.67 0.122656
1.68 0.12371
1.69 0.1248
1.7 0.125925
1.71 0.127086
1.72 0.128283
1.73 0.129516
1.74 0.130784
1.75 0.132088
1.76 0.133428
1.77 0.134803
1.78 0.136215
1.79 0.137662
1.8 0.139145
1.81 0.140663
1.82 0.142217
1.83 0.143806
1.84 0.145431
1.85 0.147091
1.86 0.148786
1.87 0.150516
1.88 0.152281
1.89 0.15408
1.9 0.155914
1.91 0.157783
1.92 0.159686
1.93 0.161622
1.94 0.163593
1.95 0.165597
1.96 0.167634
1.97 0.169704
1.98 0.171807
1.99 0.173942
2 0.176109
2.01 0.178309
2.02 0.18054
2.03 0.182802
2.04 0.185095
2.05 0.187418
2.06 0.189772
2.07 0.192155
2.08 0.194568
2.09 0.19701
2.1 0.19948
2.11 0.201979
2.12 0.204505
2.13 0.207058
2.14 0.209639
2.15 0.212245
2.16 0.214878
2.17 0.217536
2.18 0.220219
2.19 0.222926
2.2 0.225657
2.21 0.228412
2.22 0.23119
2.23 0.23399
2.24 0.236812
2.25 0.239655
2.26 0.242519
2.27 0.245403
2.28 0.248306
2.29 0.251229
2.3 0.254171
2.31 0.25713
2.32 0.260107
2.33 0.263101
2.34 0.266111
2.35 0.269136
2.36 0.272177
2.37 0.275232
2.38 0.278301
2.39 0.281384
2.4 0.28448
2.41 0.287587
2.42 0.290707
2.43 0.293837
2.44 0.296979
2.45 0.30013
2.46 0.30329
2.47 0.30646
2.48 0.309638
2.49 0.312823
2.5 0.316016
2.51 0.319216
2.52 0.322422
2.53 0.325633
2.54 0.32885
2.55 0.332071
2.56 0.335297
2.57 0.338527
2.58 0.341759
2.59 0.344995
2.6 0.348232
2.61 0.351472
2.62 0.354713
2.63 0.357955
2.64 0.361197
2.65 0.36444
2.66 0.367682
2.67 0.370924
2.68 0.374165
2.69 0.377404
2.7 0.380642
2.71 0.383877
2.72 0.38711
2.73 0.390341
2.74 0.393568
2.75 0.396792
2.76 0.400012
2.77 0.403229
2.78 0.406441
2.79 0.409649
2.8 0.412852
2.81 0.41605
2.82 0.419243
2.83 0.422431
2.84 0.425613
2.85 0.428789
2.86 0.43196
2.87 0.435124
2.88 0.438283
2.89 0.441435
2.9 0.44458
2.91 0.447719
2.92 0.450851
2.93 0.453976
2.94 0.457094
2.95 0.460205
2.96 0.463309
2.97 0.466406
2.98 0.469496
2.99 0.472579
3 0.475654
3.01 0.478722
3.02 0.481782
3.03 0.484836
3.04 0.487881
3.05 0.49092
3.06 0.493951
3.07 0.496975
3.08 0.499992
3.09 0.503001
3.1 0.506003
3.11 0.508998
3.12 0.511986
3.13 0.514967
3.14 0.517941
3.15 0.520908
3.16 0.523868
3.17 0.526822
3.18 0.529769
3.19 0.532709
3.2 0.535643
3.21 0.53857
3.22 0.541492
3.23 0.544407
3.24 0.547316
3.25 0.550219
3.26 0.553117
3.27 0.556009
3.28 0.558896
3.29 0.561777
3.3 0.564653
3.31 0.567524
3.32 0.57039
3.33 0.573252
3.34 0.576108
3.35 0.578961
3.36 0.581809
3.37 0.584653
3.38 0.587493
3.39 0.59033
3.4 0.593163
3.41 0.595992
3.42 0.598819
3.43 0.601642
3.44 0.604462
3.45 0.60728
3.46 0.610095
3.47 0.612908
3.48 0.615719
3.49 0.618528
3.5 0.621335
3.51 0.624141
3.52 0.626945
3.53 0.629748
3.54 0.632551
3.55 0.635352
3.56 0.638153
3.57 0.640954
3.58 0.643754
3.59 0.646555
3.6 0.649355
3.61 0.652157
3.62 0.654959
3.63 0.657761
3.64 0.660565
3.65 0.66337
3.66 0.666177
3.67 0.668986
3.68 0.671796
3.69 0.674609
3.7 0.677423
3.71 0.680241
3.72 0.683061
3.73 0.685884
3.74 0.688711
3.75 0.691541
3.76 0.694374
3.77 0.697211
3.78 0.700053
3.79 0.702899
3.8 0.705749
3.81 0.708604
3.82 0.711464
3.83 0.714329
3.84 0.7172
3.85 0.720076
3.86 0.722958
3.87 0.725846
3.88 0.728741
3.89 0.731642
3.9 0.734549
3.91 0.737464
3.92 0.740386
3.93 0.743315
3.94 0.746252
3.95 0.749197
3.96 0.75215
3.97 0.755111
3.98 0.758081
3.99 0.761059
4 0.764047
4.01 0.767044
4.02 0.77005
4.03 0.773067
4.04 0.776093
4.05 0.779129
4.06 0.782176
4.07 0.785233
4.08 0.788301
4.09 0.791381
4.1 0.794471
4.11 0.797574
4.12 0.800688
4.13 0.803814
4.14 0.806953
4.15 0.810104
4.16 0.813268
4.17 0.816446
4.18 0.819636
4.19 0.82284
4.2 0.826058
4.21 0.829289
4.22 0.832536
4.23 0.835796
4.24 0.839072
4.25 0.842362
4.26 0.845668
4.27 0.848989
4.28 0.852326
4.29 0.855679
4.3 0.859048
4.31 0.862434
4.32 0.865836
4.33 0.869256
4.34 0.872692
4.35 0.876147
4.36 0.879619
4.37 0.883109
4.38 0.886617
4.39 0.890145
4.4 0.89369
4.41 0.897255
4.42 0.900839
4.43 0.904443
4.44 0.908067
4.45 0.91171
4.46 0.915375
4.47 0.919059
4.48 0.922765
4.49 0.926491
4.5 0.930239
4.51 0.934009
4.52 0.937801
4.53 0.941614
4.54 0.94545
4.55 0.949309
4.56 0.953191
4.57 0.957096
4.58 0.961024
4.59 0.964976
4.6 0.968952
4.61 0.972952
4.62 0.976977
4.63 0.981026
4.64 0.985101
4.65 0.9892
4.66 0.993325
4.67 0.997476
4.68 1.00165
4.69 1.00586
4.7 1.01008
4.71 1.01434
4.72 1.01862
4.73 1.02293
4.74 1.02727
4.75 1.03164
4.76 1.03603
4.77 1.04045
4.78 1.0449
4.79 1.04938
4.8 1.05388
4.81 1.05842
4.82 1.06299
4.83 1.06758
4.84 1.0722
4.85 1.07686
4.86 1.08154
4.87 1.08626
4.88 1.091
4.89 1.09578
4.9 1.10058
4.91 1.10542
4.92 1.11029
4.93 1.11519
4.94 1.12012
4.95 1.12508
4.96 1.13007
4.97 1.1351
4.98 1.14016
4.99 1.14525
5 1.15037
5.01 1.15553
5.02 1.16071
5.03 1.16594
5.04 1.17119
5.05 1.17648
5.06 1.18179
5.07 1.18715
5.08 1.19253
5.09 1.19795
5.1 1.2034
5.11 1.20889
5.12 1.21441
5.13 1.21996
5.14 1.22554
5.15 1.23116
5.16 1.23681
5.17 1.2425
5.18 1.24822
5.19 1.25397
5.2 1.25975
5.21 1.26557
5.22 1.27142
5.23 1.27731
5.24 1.28323
5.25 1.28918
5.26 1.29516
5.27 1.30118
5.28 1.30722
5.29 1.3133
5.3 1.31942
5.31 1.32556
5.32 1.33174
5.33 1.33795
5.34 1.34419
5.35 1.35046
5.36 1.35676
5.37 1.36309
5.38 1.36946
5.39 1.37585
5.4 1.38228
5.41 1.38873
5.42 1.39521
5.43 1.40173
5.44 1.40827
5.45 1.41484
5.46 1.42144
5.47 1.42807
5.48 1.43472
5.49 1.4414
5.5 1.44811
5.51 1.45485
5.52 1.46161
5.53 1.46839
5.54 1.47521
5.55 1.48204
5.56 1.48891
5.57 1.49579
5.58 1.5027
5.59 1.50963
5.6 1.51659
5.61 1.52357
5.62 1.53057
5.63 1.53759
5.64 1.54464
5.65 1.5517
5.66 1.55879
5.67 1.56589
5.68 1.57302
5.69 1.58016
5.7 1.58732
5.71 1.5945
5.72 1.6017
5.73 1.60892
5.74 1.61616
5.75 1.62341
5.76 1.63067
5.77 1.63796
5.78 1.64526
5.79 1.65257
5.8 1.6599
5.81 1.66725
5.82 1.67461
5.83 1.68198
5.84 1.68937
5.85 1.69677
5.86 1.70419
5.87 1.71162
5.88 1.71906
5.89 1.72652
5.9 1.73399
5.91 1.74147
5.92 1.74897
5.93 1.75647
5.94 1.764
5.95 1.77153
5.96 1.77908
5.97 1.78664
5.98 1.79421
5.99 1.8018
6 1.8094
6.01 1.81701
6.02 1.82464
6.03 1.83228
6.04 1.83994
6.05 1.84761
6.06 1.8553
6.07 1.863
6.08 1.87072
6.09 1.87846
6.1 1.88621
6.11 1.89398
6.12 1.90177
6.13 1.90957
6.14 1.9174
6.15 1.92525
6.16 1.93311
6.17 1.941
6.18 1.94891
6.19 1.95684
6.2 1.9648
6.21 1.97278
6.22 1.98079
6.23 1.98882
6.24 1.99689
6.25 2.00498
6.26 2.0131
6.27 2.02125
6.28 2.02943
6.29 2.03764
6.3 2.04589
6.31 2.05417
6.32 2.06249
6.33 2.07085
6.34 2.07924
6.35 2.08768
6.36 2.09615
6.37 2.10467
6.38 2.11323
6.39 2.12184
6.4 2.13049
6.41 2.13918
6.42 2.14793
6.43 2.15673
6.44 2.16557
6.45 2.17447
6.46 2.18343
6.47 2.19243
6.48 2.2015
6.49 2.21062
6.5 2.2198
6.51 2.22904
6.52 2.23834
6.53 2.2477
6.54 2.25712
6.55 2.26661
6.56 2.27617
6.57 2.28579
6.58 2.29548
6.59 2.30523
6.6 2.31506
6.61 2.32496
6.62 2.33493
6.63 2.34497
6.64 2.35508
6.65 2.36527
6.66 2.37553
6.67 2.38587
6.68 2.39628
6.69 2.40677
6.7 2.41734
6.71 2.42798
6.72 2.43871
6.73 2.44951
6.74 2.46038
6.75 2.47134
6.76 2.48238
6.77 2.49349
6.78 2.50468
6.79 2.51595
6.8 2.5273
6.81 2.53873
6.82 2.55023
6.83 2.56182
6.84 2.57347
6.85 2.58521
6.86 2.59702
6.87 2.60891
6.88 2.62086
6.89 2.6329
6.9 2.645
6.91 2.65718
6.92 2.66942
6.93 2.68174
6.94 2.69412
6.95 2.70656
6.96 2.71907
6.97 2.73165
6.98 2.74428
6.99 2.75697
7 2.76972
7.01 2.78253
7.02 2.79538
7.03 2.80829
7.04 2.82125
7.05 2.83425
7.06 2.84729
7.07 2.86038
7.08 2.8735
7.09 2.88666
7.1 2.89985
7.11 2.91307
7.12 2.92631
7.13 2.93958
7.14 2.95286
7.15 2.96617
7.16 2.97948
7.17 2.9928
7.18 3.00613
7.19 3.01946
7.2 3.03279
7.21 3.04611
7.22 3.05942
7.23 3.07271
7.24 3.08598
7.25 3.09923
7.26 3.11246
7.27 3.12565
7.28 3.1388
7.29 3.15191
7.3 3.16498
7.31 3.178
7.32 3.19096
7.33 3.20386
7.34 3.2167
7.35 3.22947
7.36 3.24217
7.37 3.25479
7.38 3.26733
7.39 3.27978
7.4 3.29214
7.41 3.3044
7.42 3.31657
7.43 3.32863
7.44 3.34058
7.45 3.35242
7.46 3.36415
7.47 3.37576
7.48 3.38724
7.49 3.3986
7.5 3.40982
7.51 3.42092
7.52 3.43187
7.53 3.44269
7.54 3.45337
7.55 3.4639
7.56 3.47428
7.57 3.48452
7.58 3.4946
7.59 3.50453
7.6 3.51431
7.61 3.52393
7.62 3.53339
7.63 3.54269
7.64 3.55183
7.65 3.56081
7.66 3.56962
7.67 3.57828
7.68 3.58677
7.69 3.59509
7.7 3.60326
7.71 3.61125
7.72 3.61909
7.73 3.62676
7.74 3.63427
7.75 3.64162
7.76 3.6488
7.77 3.65583
7.78 3.66269
7.79 3.66939
7.8 3.67594
7.81 3.68233
7.82 3.68856
7.83 3.69464
7.84 3.70056
7.85 3.70633
7.86 3.71195
7.87 3.71743
7.88 3.72275
7.89 3.72793
7.9 3.73297
7.91 3.73786
7.92 3.74261
7.93 3.74722
7.94 3.7517
7.95 3.75604
7.96 3.76025
7.97 3.76433
7.98 3.76827
7.99 3.77209
8 3.77579
8.01 3.77936
8.02 3.7828
8.03 3.78613
8.04 3.78934
8.05 3.79243
8.06 3.79541
8.07 3.79828
8.08 3.80103
8.09 3.80368
8.1 3.80622
8.11 3.80865
8.12 3.81098
8.13 3.81321
8.14 3.81534
8.15 3.81737
8.16 3.81931
8.17 3.82115
8.18 3.82289
8.19 3.82455
8.2 3.82611
8.21 3.82759
8.22 3.82898
8.23 3.83029
8.24 3.83151
8.25 3.83266
8.26 3.83372
8.27 3.8347
8.28 3.8356
8.29 3.83643
8.3 3.83719
8.31 3.83787
8.32 3.83848
8.33 3.83902
8.34 3.83948
8.35 3.83989
8.36 3.84022
8.37 3.84049
8.38 3.8407
8.39 3.84084
8.4 3.84092
8.41 3.84094
8.42 3.8409
8.43 3.8408
8.44 3.84065
8.45 3.84043
8.46 3.84017
8.47 3.83984
8.48 3.83947
8.49 3.83904
8.5 3.83856
8.51 3.83804
8.52 3.83746
8.53 3.83683
8.54 3.83616
8.55 3.83543
8.56 3.83467
8.57 3.83385
8.58 3.833
8.59 3.8321
8.6 3.83115
8.61 3.83017
8.62 3.82914
8.63 3.82807
8.64 3.82697
8.65 3.82582
8.66 3.82464
8.67 3.82342
8.68 3.82216
8.69 3.82086
8.7 3.81953
8.71 3.81816
8.72 3.81676
8.73 3.81533
8.74 3.81386
8.75 3.81236
8.76 3.81082
8.77 3.80926
8.78 3.80766
8.79 3.80604
8.8 3.80438
8.81 3.80269
8.82 3.80098
8.83 3.79923
8.84 3.79746
8.85 3.79566
8.86 3.79383
8.87 3.79198
8.88 3.7901
8.89 3.7882
8.9 3.78626
8.91 3.78431
8.92 3.78233
8.93 3.78032
8.94 3.77829
8.95 3.77624
8.96 3.77417
8.97 3.77207
8.98 3.76995
8.99 3.76781
9 3.76565
9.01 3.76346
9.02 3.76126
9.03 3.75903
9.04 3.75679
9.05 3.75452
9.06 3.75224
9.07 3.74993
9.08 3.74761
9.09 3.74527
9.1 3.74291
9.11 3.74053
9.12 3.73814
9.13 3.73572
9.14 3.73329
9.15 3.73085
9.16 3.72838
9.17 3.7259
9.18 3.72341
9.19 3.7209
9.2 3.71837
9.21 3.71583
9.22 3.71327
9.23 3.7107
9.24 3.70811
9.25 3.70551
9.26 3.7029
9.27 3.70027
9.28 3.69763
9.29 3.69497
9.3 3.69231
9.31 3.68963
9.32 3.68693
9.33 3.68423
9.34 3.68151
9.35 3.67878
9.36 3.67604
9.37 3.67328
9.38 3.67052
9.39 3.66774
9.4 3.66496
9.41 3.66216
9.42 3.65935
9.43 3.65653
9.44 3.6537
9.45 3.65086
9.46 3.64802
9.47 3.64516
9.48 3.64229
9.49 3.63941
9.5 3.63653
9.51 3.63363
9.52 3.63073
9.53 3.62782
9.54 3.6249
9.55 3.62197
9.56 3.61904
9.57 3.61609
9.58 3.61314
9.59 3.61018
9.6 3.60722
9.61 3.60425
9.62 3.60127
9.63 3.59828
9.64 3.59529
9.65 3.59229
9.66 3.58928
9.67 3.58627
9.68 3.58325
9.69 3.58023
9.7 3.5772
9.71 3.57417
9.72 3.57113
9.73 3.56808
9.74 3.56503
9.75 3.56198
9.76 3.55892
9.77 3.55586
9.78 3.55279
9.79 3.54972
9.8 3.54665
9.81 3.54357
9.82 3.54048
9.83 3.5374
9.84 3.53431
9.85 3.53122
9.86 3.52812
9.87 3.52502
9.88 3.52192
9.89 3.51882
9.9 3.51571
9.91 3.5126
9.92 3.50949
9.93 3.50638
9.94 3.50326
9.95 3.50015
9.96 3.49703
9.97 3.49391
9.98 3.49079
9.99 3.48767
10 3.48455
10.001 0
