0 -10
0.01 -8.07943
0.02 -8.07412
0.03 -8.0688
0.04 -8.06345
0.05 -8.05808
0.06 -8.05269
0.07 -8.04727
0.08 -8.04182
0.09 -8.03636
0.1 -8.03086
0.11 -8.02534
0.12 -8.0198
0.13 -8.01422
0.14 -8.00862
0.15 -8.00299
0.16 -7.99734
0.17 -7.99165
0.18 -7.98594
0.19 -7.98019
0.2 -7.97442
0.21 -7.96861
0.22 -7.96278
0.23 -7.95691
0.24 -7.951
0.25 -7.94507
0.26 -7.9391
0.27 -7.93309
0.28 -7.92705
0.29 -7.92098
0.3 -7.91487
0.31 -7.90872
0.32 -7.90253
0.33 -7.8963
0.34 -7.89004
0.35 -7.88373
0.36 -7.87738
0.37 -7.871
0.38 -7.86457
0.39 -7.85809
0.4 -7.85157
0.41 -7.84501
0.42 -7.8384
0.43 -7.83174
0.44 -7.82504
0.45 -7.81829
0.46 -7.81149
0.47 -7.80464
0.48 -7.79774
0.49 -7.79078
0.5 -7.78378
0.51 -7.77672
0.52 -7.7696
0.53 -7.76243
0.54 -7.7552
0.55 -7.74792
0.56 -7.74058
0.57 -7.73317
0.58 -7.72571
0.59 -7.71819
0.6 -7.7106
0.61 -7.70295
0.62 -7.69524
0.63 -7.68746
0.64 -7.67961
0.65 -7.6717
0.66 -7.66372
0.67 -7.65566
0.68 -7.64754
0.69 -7.63935
0.7 -7.63108
0.71 -7.62274
0.72 -7.61433
0.73 -7.60584
0.74 -7.59727
0.75 -7.58863
0.76 -7.57991
0.77 -7.57111
0.78 -7.56223
0.79 -7.55327
0.8 -7.54422
0.81 -7.5351
0.82 -7.52589
0.83 -7.51659
0.84 -7.50721
0.85 -7.49774
0.86 -7.48819
0.87 -7.47855
0.88 -7.46882
0.89 -7.459
0.9 -7.44909
0.91 -7.43909
0.92 -7.429
0.93 -7.41881
0.94 -7.40854
0.95 -7.39817
0.96 -7.38771
0.97 -7.37716
0.98 -7.36652
0.99 -7.35578
1 -7.34494
1.01 -7.33402
1.02 -7.32299
1.03 -7.31188
1.04 -7.30067
1.05 -7.28937
1.06 -7.27797
1.07 -7.26648
1.08 -7.25489
1.09 -7.24322
1.1 -7.23145
1.11 -7.21959
1.12 -7.20764
1.13 -7.1956
1.14 -7.18347
1.15 -7.17125
1.16 -7.15894
1.17 -7.14655
1.18 -7.13407
1.19 -7.12151
1.2 -7.10887
1.21 -7.09614
1.22 -7.08334
1.23 -7.07046
1.24 -7.0575
1.25 -7.04447
1.26 -7.03136
1.27 -7.01819
1.28 -7.00495
1.29 -6.99164
1.3 -6.97827
1.31 -6.96484
1.32 -6.95135
1.33 -6.9378
1.34 -6.9242
1.35 -6.91055
1.36 -6.89686
1.37 -6.88312
1.38 -6.86934
1.39 -6.85552
1.4 -6.84166
1.41 -6.82778
1.42 -6.81387
1.43 -6.79993
1.44 -6.78597
1.45 -6.772
1.46 -6.75801
1.47 -6.74402
1.48 -6.73002
1.49 -6.71601
1.5 -6.70201
1.51 -6.68801
1.52 -6.67403
1.53 -6.66006
1.54 -6.6461
1.55 -6.63217
1.56 -6.61827
1.57 -6.60439
1.58 -6.59055
1.59 -6.57675
1.6 -6.56299
1.61 -6.54928
1.62 -6.53562
1.63 -6.52201
1.64 -6.50846
1.65 -6.49497
1.66 -6.48155
1.67 -6.4682
1.68 -6.45492
1.69 -6.44173
1.7 -6.42861
1.71 -6.41557
1.72 -6.40263
1.73 -6.38977
1.74 -6.37701
1.75 -6.36435
1.76 -6.35179
1.77 -6.33933
1.78 -6.32698
1.79 -6.31474
1.8 -6.30261
1.81 -6.2906
1.82 -6.2787
1.83 -6.26692
1.84 -6.25526
1.85 -6.24373
1.86 -6.23232
1.87 -6.22104
1.88 -6.20989
1.89 -6.19887
1.9 -6.18798
1.91 -6.17723
1.92 -6.1666
1.93 -6.15612
1.94 -6.14577
1.95 -6.13555
1.96 -6.12548
1.97 -6.11554
1.98 -6.10574
1.99 -6.09608
2 -6.08656
2.01 -6.07718
2.02 -6.06794
2.03 -6.05884
2.04 -6.04988
2.05 -6.04105
2.06 -6.03237
2.07 -6.02382
2.08 -6.01541
2.09 -6.00713
2.1 -5.99899
2.11 -5.99099
2.12 -5.98312
2.13 -5.97538
2.14 -5.96778
2.15 -5.96031
2.16 -5.95296
2.17 -5.94575
2.18 -5.93866
2.19 -5.9317
2.2 -5.92487
2.21 -5.91816
2.22 -5.91157
2.23 -5.9051
2.24 -5.89875
2.25 -5.89251
2.26 -5.8864
2.27 -5.8804
2.28 -5.87451
2.29 -5.86873
2.3 -5.86306
2.31 -5.8575
2.32 -5.85205
2.33 -5.8467
2.34 -5.84146
2.35 -5.83632
2.36 -5.83127
2.37 -5.82633
2.38 -5.82148
2.39 -5.81673
2.4 -5.81207
2.41 -5.8075
2.42 -5.80302
2.43 -5.79863
2.44 -5.79433
2.45 -5.79012
2.46 -5.78598
2.47 -5.78193
2.48 -5.77796
2.49 -5.77407
2.5 -5.77025
2.51 -5.76652
2.52 -5.76285
2.53 -5.75926
2.54 -5.75574
2.55 -5.75229
2.56 -5.74891
2.57 -5.7456
2.58 -5.74235
2.59 -5.73917
2.6 -5.73605
2.61 -5.73299
2.62 -5.72999
2.63 -5.72706
2.64 -5.72418
2.65 -5.72135
2.66 -5.71859
2.67 -5.71587
2.68 -5.71321
2.69 -5.7106
2.7 -5.70805
2.71 -5.70554
2.72 -5.70308
2.73 -5.70067
2.74 -5.6983
2.75 -5.69598
2.76 -5.69371
2.77 -5.69148
2.78 -5.68929
2.79 -5.68714
2.8 -5.68503
2.81 -5.68297
2.82 -5.68094
2.83 -5.67895
2.84 -5.67699
2.85 -5.67507
2.86 -5.67319
2.87 -5.67134
2.88 -5.66953
2.89 -5.66775
2.9 -5.666
2.91 -5.66428
2.92 -5.66259
2.93 -5.66094
2.94 -5.65931
2.95 -5.65771
2.96 -5.65614
2.97 -5.65459
2.98 -5.65308
2.99 -5.65158
3 -5.65012
3.01 -5.64867
3.02 -5.64726
3.03 -5.64586
3.04 -5.64449
3.05 -5.64314
3.06 -5.64181
3.07 -5.64051
3.08 -5.63922
3.09 -5.63796
3.1 -5.63671
3.11 -5.63549
3.12 -5.63428
3.13 -5.63309
3.14 -5.63192
3.15 -5.63077
3.16 -5.62964
3.17 -5.62852
3.18 -5.62741
3.19 -5.62633
3.2 -5.62526
3.21 -5.6242
3.22 -5.62316
3.23 -5.62213
3.24 -5.62112
3.25 -5.62012
3.26 -5.61913
3.27 -5.61816
3.28 -5.6172
3.29 -5.61625
3.3 -5.61532
3.31 -5.61439
3.32 -5.61348
3.33 -5.61258
3.34 -5.61168
3.35 -5.6108
3.36 -5.60993
3.37 -5.60907
3.38 -5.60822
3.39 -5.60738
3.4 -5.60655
3.41 -5.60573
3.42 -5.60491
3.43 -5.60411
3.44 -5.60331
3.45 -5.60252
3.46 -5.60174
3.47 -5.60096
3.48 -5.6002
3.49 -5.59944
3.5 -5.59869
3.51 -5.59794
3.52 -5.5972
3.53 -5.59647
3.54 -5.59574
3.55 -5.59502
3.56 -5.59431
3.57 -5.5936
3.58 -5.5929
3.59 -5.5922
3.6 -5.59151
3.61 -5.59083
3.62 -5.59015
3.63 -5.58947
3.64 -5.5888
3.65 -5.58813
3.66 -5.58747
3.67 -5.58681
3.68 -5.58616
3.69 -5.58551
3.7 -5.58486
3.71 -5.58422
3.72 -5.58358
3.73 -5.58295
3.74 -5.58232
3.75 -5.58169
3.76 -5.58107
3.77 -5.58045
3.78 -5.57983
3.79 -5.57921
3.8 -5.5786
3.81 -5.57799
3.82 -5.57738
3.83 -5.57678
3.84 -5.57618
3.85 -5.57558
3.86 -5.57499
3.87 -5.57439
3.88 -5.5738
3.89 -5.57321
3.9 -5.57262
3.91 -5.57204
3.92 -5.57145
3.93 -5.57087
3.94 -5.57029
3.95 -5.56971
3.96 -5.56914
3.97 -5.56856
3.98 -5.56799
3.99 -5.56742
4 -5.56685
4.01 -5.56628
4.02 -5.56571
4.03 -5.56514
4.04 -5.56458
4.05 -5.56402
4.06 -5.56345
4.07 -5.56289
4.08 -5.56233
4.09 -5.56177
4.1 -5.56121
4.11 -5.56066
4.12 -5.5601
4.13 -5.55954
4.14 -5.55899
4.15 -5.55844
4.16 -5.55788
4.17 -5.55733
4.18 -5.55678
4.19 -5.55623
4.2 -5.55568
4.21 -5.55513
4.22 -5.55458
4.23 -5.55403
4.24 -5.55348
4.25 -5.55293
4.26 -5.55238
4.27 -5.55184
4.28 -5.55129
4.29 -5.55074
4.3 -5.5502
4.31 -5.54965
4.32 -5.54911
4.33 -5.54856
4.34 -5.54802
4.35 -5.54748
4.36 -5.54693
4.37 -5.54639
4.38 -5.54584
4.39 -5.5453
4.4 -5.54476
4.41 -5.54422
4.42 -5.54367
4.43 -5.54313
4.44 -5.54259
4.45 -5.54205
4.46 -5.54151
4.47 -5.54096
4.48 -5.54042
4.49 -5.53988
4.5 -5.53934
4.51 -5.5388
4.52 -5.53826
4.53 -5.53772
4.54 -5.53718
4.55 -5.53664
4.56 -5.5361
4.57 -5.53556
4.58 -5.53502
4.59 -5.53447
4.6 -5.53393
4.61 -5.53339
4.62 -5.53285
4.63 -5.53231
4.64 -5.53177
4.65 -5.53123
4.66 -5.5307
4.67 -5.53016
4.68 -5.52962
4.69 -5.52908
4.7 -5.52854
4.71 -5.528
4.72 -5.52746
4.73 -5.52692
4.74 -5.52638
4.75 -5.52584
4.76 -5.5253
4.77 -5.52476
4.78 -5.52422
4.79 -5.52369
4.8 -5.52315
4.81 -5.52261
4.82 -5.52207
4.83 -5.52153
4.84 -5.52099
4.85 -5.52045
4.86 -5.51992
4.87 -5.51938
4.88 -5.51884
4.89 -5.5183
4.9 -5.51776
4.91 -5.51723
4.92 -5.51669
4.93 -5.51615
4.94 -5.51561
4.95 -5.51508
4.96 -5.51454
4.97 -5.514
4.98 -5.51347
4.99 -5.51293
5 -5.51239
5.01 -5.51186
5.02 -5.51132
5.03 -5.51078
5.04 -5.51025
5.05 -5.50971
5.06 -5.50917
5.07 -5.50864
5.08 -5.5081
5.09 -5.50757
5.1 -5.50703
5.11 -5.50649
5.12 -5.50596
5.13 -5.50542
5.14 -5.50489
5.15 -5.50435
5.16 -5.50382
5.17 -5.50328
5.18 -5.50275
5.19 -5.50221
5.2 -5.50167
5.21 -5.50114
5.22 -5.5006
5.23 -5.50007
5.24 -5.49953
5.25 -5.499
5.26 -5.49846
5.27 -5.49793
5.28 -5.49739
5.29 -5.49686
5.3 -5.49632
5.31 -5.49578
5.32 -5.49525
5.33 -5.49471
5.34 -5.49418
5.35 -5.49364
5.36 -5.4931
5.37 -5.49257
5.38 -5.49203
5.39 -5.49149
5.4 -5.49095
5.41 -5.49041
5.42 -5.48988
5.43 -5.48934
5.44 -5.4888
5.45 -5.48826
5.46 -5.48772
5.47 -5.48718
5.48 -5.48664
5.49 -5.48609
5.5 -5.48555
5.51 -5.48501
5.52 -5.48446
5.53 -5.48392
5.54 -5.48337
5.55 -5.48283
5.56 -5.48228
5.57 -5.48173
5.58 -5.48118
5.59 -5.48063
5.6 -5.48008
5.61 -5.47953
5.62 -5.47898
5.63 -5.47843
5.64 -5.47787
5.65 -5.47731
5.66 -5.47676
5.67 -5.4762
5.68 -5.47564
5.69 -5.47507
5.7 -5.47451
5.71 -5.47395
5.72 -5.47338
5.73 -5.47281
5.74 -5.47224
5.75 -5.47167
5.76 -5.47109
5.77 -5.47052
5.78 -5.46994
5.79 -5.46936
5.8 -5.46878
5.81 -5.46819
5.82 -5.46761
5.83 -5.46702
5.84 -5.46643
5.85 -5.46583
5.86 -5.46523
5.87 -5.46464
5.88 -5.46403
5.89 -5.46343
5.9 -5.46282
5.91 -5.46221
5.92 -5.46159
5.93 -5.46098
5.94 -5.46036
5.95 -5.45973
5.96 -5.4591
5.97 -5.45847
5.98 -5.45784
5.99 -5.4572
6 -5.45656
6.01 -5.45591
6.02 -5.45526
6.03 -5.4546
6.04 -5.45395
6.05 -5.45328
6.06 -5.45261
6.07 -5.45194
6.08 -5.45127
6.09 -5.45058
6.1 -5.4499
6.11 -5.44921
6.12 -5.44851
6.13 -5.44781
6.14 -5.4471
6.15 -5.44639
6.16 -5.44567
6.17 -5.44495
6.18 -5.44422
6.19 -5.44348
6.2 -5.44274
6.21 -5.44199
6.22 -5.44124
6.23 -5.44048
6.24 -5.43972
6.25 -5.43894
6.26 -5.43816
6.27 -5.43738
6.28 -5.43659
6.29 -5.43579
6.3 -5.43498
6.31 -5.43416
6.32 -5.43334
6.33 -5.43251
6.34 -5.43168
6.35 -5.43083
6.36 -5.42998
6.37 -5.42912
6.38 -5.42825
6.39 -5.42738
6.4 -5.4265
6.41 -5.4256
6.42 -5.4247
6.43 -5.42379
6.44 -5.42287
6.45 -5.42195
6.46 -5.42101
6.47 -5.42007
6.48 -5.41911
6.49 -5.41815
6.5 -5.41718
6.51 -5.4162
6.52 -5.41521
6.53 -5.41421
6.54 -5.4132
6.55 -5.41218
6.56 -5.41115
6.57 -5.41011
6.58 -5.40906
6.59 -5.408
6.6 -5.40693
6.61 -5.40585
6.62 -5.40476
6.63 -5.40366
6.64 -5.40255
6.65 -5.40143
6.66 -5.4003
6.67 -5.39916
6.68 -5.39801
6.69 -5.39685
6.7 -5.39568
6.71 -5.39449
6.72 -5.3933
6.73 -5.3921
6.74 -5.39088
6.75 -5.38966
6.76 -5.38842
6.77 -5.38718
6.78 -5.38592
6.79 -5.38466
6.8 -5.38338
6.81 -5.3821
6.82 -5.3808
6.83 -5.37949
6.84 -5.37818
6.85 -5.37685
6.86 -5.37551
6.87 -5.37417
6.88 -5.37281
6.89 -5.37145
6.9 -5.37008
6.91 -5.36869
6.92 -5.3673
6.93 -5.3659
6.94 -5.36449
6.95 -5.36308
6.96 -5.36165
6.97 -5.36022
6.98 -5.35878
6.99 -5.35733
7 -5.35588
7.01 -5.35442
7.02 -5.35295
7.03 -5.35148
7.04 -5.35
7.05 -5.34852
7.06 -5.34703
7.07 -5.34554
7.08 -5.34404
7.09 -5.34254
7.1 -5.34104
7.11 -5.33954
7.12 -5.33803
7.13 -5.33652
7.14 -5.33501
7.15 -5.3335
7.16 -5.33199
7.17 -5.33048
7.18 -5.32897
7.19 -5.32747
7.2 -5.32596
7.21 -5.32446
7.22 -5.32297
7.23 -5.32148
7.24 -5.31999
7.25 -5.31852
7.26 -5.31704
7.27 -5.31558
7.28 -5.31413
7.29 -5.31269
7.3 -5.31125
7.31 -5.30983
7.32 -5.30842
7.33 -5.30703
7.34 -5.30565
7.35 -5.30429
7.36 -5.30294
7.37 -5.30161
7.38 -5.3003
7.39 -5.29901
7.4 -5.29775
7.41 -5.2965
7.42 -5.29528
7.43 -5.29408
7.44 -5.29292
7.45 -5.29177
7.46 -5.29066
7.47 -5.28958
7.48 -5.28853
7.49 -5.28751
7.5 -5.28653
7.51 -5.28559
7.52 -5.28468
7.53 -5.28381
7.54 -5.28298
7.55 -5.28219
7.56 -5.28145
7.57 -5.28075
7.58 -5.2801
7.59 -5.2795
7.6 -5.27895
7.61 -5.27845
7.62 -5.278
7.63 -5.27761
7.64 -5.27728
7.65 -5.277
7.66 -5.27678
7.67 -5.27663
7.68 -5.27654
7.69 -5.27651
7.7 -5.27656
7.71 -5.27667
7.72 -5.27685
7.73 -5.2771
7.74 -5.27743
7.75 -5.27784
7.76 -5.27832
7.77 -5.27888
7.78 -5.27953
7.79 -5.28025
7.8 -5.28106
7.81 -5.28196
7.82 -5.28295
7.83 -5.28402
7.84 -5.28519
7.85 -5.28645
7.86 -5.2878
7.87 -5.28926
7.88 -5.29081
7.89 -5.29245
7.9 -5.29421
7.91 -5.29606
7.92 -5.29802
7.93 -5.30008
7.94 -5.30225
7.95 -5.30453
7.96 -5.30692
7.97 -5.30942
7.98 -5.31203
7.99 -5.31476
8 -5.3176
8.01 -5.32056
8.02 -5.32363
8.03 -5.32682
8.04 -5.33013
8.05 -5.33357
8.06 -5.33712
8.07 -5.34079
8.08 -5.34459
8.09 -5.34851
8.1 -5.35255
8.11 -5.35672
8.12 -5.36101
8.13 -5.36543
8.14 -5.36997
8.15 -5.37464
8.16 -5.37943
8.17 -5.38435
8.18 -5.3894
8.19 -5.39457
8.2 -5.39987
8.21 -5.4053
8.22 -5.41085
8.23 -5.41652
8.24 -5.42233
8.25 -5.42825
8.26 -5.4343
8.27 -5.44048
8.28 -5.44677
8.29 -5.45319
8.3 -5.45973
8.31 -5.46639
8.32 -5.47318
8.33 -5.48007
8.34 -5.48709
8.35 -5.49422
8.36 -5.50147
8.37 -5.50883
8.38 -5.51631
8.39 -5.52389
8.4 -5.53159
8.41 -5.53939
8.42 -5.5473
8.43 -5.55532
8.44 -5.56344
8.45 -5.57166
8.46 -5.57998
8.47 -5.58839
8.48 -5.59691
8.49 -5.60552
8.5 -5.61422
8.51 -5.62301
8.52 -5.63189
8.53 -5.64085
8.54 -5.6499
8.55 -5.65903
8.56 -5.66825
8.57 -5.67754
8.58 -5.6869
8.59 -5.69634
8.6 -5.70585
8.61 -5.71543
8.62 -5.72508
8.63 -5.73479
8.64 -5.74457
8.65 -5.7544
8.66 -5.7643
8.67 -5.77424
8.68 -5.78425
8.69 -5.7943
8.7 -5.80441
8.71 -5.81456
8.72 -5.82475
8.73 -5.83499
8.74 -5.84527
8.75 -5.85559
8.76 -5.86594
8.77 -5.87633
8.78 -5.88675
8.79 -5.8972
8.8 -5.90768
8.81 -5.91818
8.82 -5.92871
8.83 -5.93926
8.84 -5.94983
8.85 -5.96042
8.86 -5.97102
8.87 -5.98164
8.88 -5.99227
8.89 -6.00291
8.9 -6.01356
8.91 -6.02422
8.92 -6.03488
8.93 -6.04554
8.94 -6.05621
8.95 -6.06688
8.96 -6.07755
8.97 -6.08821
8.98 -6.09887
8.99 -6.10953
9 -6.12017
9.01 -6.13081
9.02 -6.14144
9.03 -6.15206
9.04 -6.16266
9.05 -6.17325
9.06 -6.18382
9.07 -6.19438
9.08 -6.20492
9.09 -6.21544
9.1 -6.22594
9.11 -6.23642
9.12 -6.24688
9.13 -6.25732
9.14 -6.26773
9.15 -6.27811
9.16 -6.28847
9.17 -6.29881
9.18 -6.30911
9.19 -6.31939
9.2 -6.32963
9.21 -6.33985
9.22 -6.35004
9.23 -6.36019
9.24 -6.37031
9.25 -6.3804
9.26 -6.39045
9.27 -6.40047
9.28 -6.41046
9.29 -6.42041
9.3 -6.43032
9.31 -6.4402
9.32 -6.45004
9.33 -6.45984
9.34 -6.46961
9.35 -6.47933
9.36 -6.48902
9.37 -6.49867
9.38 -6.50827
9.39 -6.51784
9.4 -6.52737
9.41 -6.53686
9.42 -6.5463
9.43 -6.55571
9.44 -6.56507
9.45 -6.5744
9.46 -6.58368
9.47 -6.59291
9.48 -6.60211
9.49 -6.61126
9.5 -6.62037
9.51 -6.62944
9.52 -6.63847
9.53 -6.64745
9.54 -6.65639
9.55 -6.66528
9.56 -6.67414
9.57 -6.68295
9.58 -6.69171
9.59 -6.70043
9.6 -6.70911
9.61 -6.71775
9.62 -6.72634
9.63 -6.73489
9.64 -6.74339
9.65 -6.75185
9.66 -6.76027
9.67 -6.76864
9.68 -6.77697
9.69 -6.78526
9.7 -6.7935
9.71 -6.8017
9.72 -6.80986
9.73 -6.81797
9.74 -6.82604
9.75 -6.83407
9.76 -6.84205
9.77 -6.85
9.78 -6.8579
9.79 -6.86575
9.8 -6.87357
9.81 -6.88134
9.82 -6.88907
9.83 -6.89675
9.84 -6.9044
9.85 -6.912
9.86 -6.91956
9.87 -6.92708
9.88 -6.93456
9.89 -6.942
9.9 -6.94939
9.91 -6.95675
9.92 -6.96406
9.93 -6.97133
9.94 -6.97857
9.95 -6.98576
9.96 -6.99291
9.97 -7.00002
9.98 -7.00709
9.99 -7.01413
10 -7.02112
10.001 -10
