0 0
0.01 0.079012
0.02 0.0780694
0.03 0.0771409
0.04 0.0762268
0.05 0.0753272
0.06 0.0744426
0.07 0.0735731
0.08 0.072719
0.09 0.0718806
0.1 0.0710582
0.11 0.0702521
0.12 0.0694625
0.13 0.0686897
0.14 0.067934
0.15 0.0671958
0.16 0.0664752
0.17 0.0657727
0.18 0.0650884
0.19 0.0644227
0.2 0.0637759
0.21 0.0631483
0.22 0.0625403
0.23 0.061952
0.24 0.0613839
0.25 0.0608362
0.26 0.0603093
0.27 0.0598034
0.28 0.059319
0.29 0.0588562
0.3 0.0584155
0.31 0.0579972
0.32 0.0576016
0.33 0.057229
0.34 0.0568797
0.35 0.0565541
0.36 0.0562525
0.37 0.0559752
0.38 0.0557226
0.39 0.055495
0.4 0.0552927
0.41 0.0551161
0.42 0.0549655
0.43 0.0548412
0.44 0.0547435
0.45 0.0546729
0.46 0.0546295
0.47 0.0546138
0.48 0.054626
0.49 0.0546665
0.5 0.0547357
0.51 0.0548337
0.52 0.054961
0.53 0.0551179
0.54 0.0553046
0.55 0.0555216
0.56 0.055769
0.57 0.0560471
0.58 0.0563564
0.59 0.056697
0.6 0.0570693
0.61 0.0574735
0.62 0.0579099
0.63 0.0583788
0.64 0.0588804
0.65 0.059415
0.66 0.0599828
0.67 0.0605841
0.68 0.0612191
0.69 0.061888
0.7 0.062591
0.71 0.0633284
0.72 0.0641002
0.73 0.0649067
0.74 0.0657481
0.75 0.0666245
0.76 0.067536
0.77 0.0684827
0.78 0.0694649
0.79 0.0704825
0.8 0.0715357
0.81 0.0726245
0.82 0.073749
0.83 0.0749091
0.84 0.076105
0.85 0.0773366
0.86 0.0786039
0.87 0.0799068
0.88 0.0812454
0.89 0.0826194
0.9 0.0840288
0.91 0.0854735
0.92 0.0869533
0.93 0.088468
0.94 0.0900175
0.95 0.0916015
0.96 0.0932198
0.97 0.0948721
0.98 0.0965581
0.99 0.0982775
1 0.10003
1.01 0.101815
1.02 0.103632
1.03 0.105482
1.04 0.107362
1.05 0.109274
1.06 0.111215
1.07 0.113187
1.08 0.115188
1.09 0.117217
1.1 0.119275
1.11 0.12136
1.12 0.123471
1.13 0.125609
1.14 0.127771
1.15 0.129959
1.16 0.132169
1.17 0.134403
1.18 0.136659
1.19 0.138935
1.2 0.141232
1.21 0.143549
1.22 0.145883
1.23 0.148236
1.24 0.150604
1.25 0.152988
1.26 0.155387
1.27 0.157799
1.28 0.160224
1.29 0.16266
1.3 0.165106
1.31 0.167561
1.32 0.170025
1.33 0.172496
1.34 0.174973
1.35 0.177456
1.36 0.179942
1.37 0.182431
1.38 0.184922
1.39 0.187414
1.4 0.189906
1.41 0.192397
1.42 0.194886
1.43 0.197372
1.44 0.199854
1.45 0.202331
1.46 0.204803
1.47 0.207268
1.48 0.209725
1.49 0.212175
1.5 0.214616
1.51 0.217047
1.52 0.219469
1.53 0.221879
1.54 0.224279
1.55 0.226666
1.56 0.229042
1.57 0.231404
1.58 0.233754
1.59 0.236091
1.6 0.238414
1.61 0.240724
1.62 0.24302
1.63 0.245302
1.64 0.24757
1.65 0.249824
1.66 0.252064
1.67 0.254291
1.68 0.256504
1.69 0.258704
1.7 0.260891
1.71 0.263066
1.72 0.265228
1.73 0.267379
1.74 0.269518
1.75 0.271646
1.76 0.273765
1.77 0.275873
1.78 0.277972
1.79 0.280063
1.8 0.282147
1.81 0.284223
1.82 0.286293
1.83 0.288357
1.84 0.290417
1.85 0.292472
1.86 0.294525
1.87 0.296575
1.88 0.298624
1.89 0.300672
1.9 0.30272
1.91 0.304769
1.92 0.30682
1.93 0.308873
1.94 0.31093
1.95 0.312991
1.96 0.315058
1.97 0.31713
1.98 0.319209
1.99 0.321295
2 0.32339
2.01 0.325493
2.02 0.327606
2.03 0.32973
2.04 0.331864
2.05 0.334011
2.06 0.336169
2.07 0.33834
2.08 0.340525
2.09 0.342724
2.1 0.344938
2.11 0.347166
2.12 0.34941
2.13 0.35167
2.14 0.353947
2.15 0.35624
2.16 0.35855
2.17 0.360878
2.18 0.363224
2.19 0.365588
2.2 0.367971
2.21 0.370372
2.22 0.372791
2.23 0.37523
2.24 0.377688
2.25 0.380166
2.26 0.382663
2.27 0.385179
2.28 0.387715
2.29 0.390271
2.3 0.392846
2.31 0.395441
2.32 0.398056
2.33 0.40069
2.34 0.403344
2.35 0.406017
2.36 0.40871
2.37 0.411422
2.38 0.414154
2.39 0.416904
2.4 0.419674
2.41 0.422462
2.42 0.425269
2.43 0.428094
2.44 0.430938
2.45 0.4338
2.46 0.436679
2.47 0.439576
2.48 0.44249
2.49 0.445422
2.5 0.44837
2.51 0.451335
2.52 0.454316
2.53 0.457314
2.54 0.460327
2.55 0.463356
2.56 0.4664
2.57 0.469459
2.58 0.472532
2.59 0.47562
2.6 0.478722
2.61 0.481838
2.62 0.484968
2.63 0.488111
2.64 0.491266
2.65 0.494434
2.66 0.497615
2.67 0.500808
2.68 0.504012
2.69 0.507228
2.7 0.510455
2.71 0.513693
2.72 0.516941
2.73 0.5202
2.74 0.523469
2.75 0.526748
2.76 0.530036
2.77 0.533334
2.78 0.53664
2.79 0.539956
2.8 0.543279
2.81 0.546611
2.82 0.549951
2.83 0.553299
2.84 0.556655
2.85 0.560017
2.86 0.563387
2.87 0.566764
2.88 0.570147
2.89 0.573537
2.9 0.576933
2.91 0.580335
2.92 0.583743
2.93 0.587156
2.94 0.590576
2.95 0.594
2.96 0.59743
2.97 0.600865
2.98 0.604304
2.99 0.607749
3 0.611198
3.01 0.614651
3.02 0.618109
3.03 0.621571
3.04 0.625037
3.05 0.628507
3.06 0.631981
3.07 0.635459
3.08 0.63894
3.09 0.642425
3.1 0.645914
3.11 0.649406
3.12 0.652901
3.13 0.6564
3.14 0.659901
3.15 0.663406
3.16 0.666915
3.17 0.670426
3.18 0.67394
3.19 0.677457
3.2 0.680977
3.21 0.684501
3.22 0.688027
3.23 0.691556
3.24 0.695088
3.25 0.698622
3.26 0.70216
3.27 0.7057
3.28 0.709244
3.29 0.71279
3.3 0.716339
3.31 0.719891
3.32 0.723446
3.33 0.727004
3.34 0.730565
3.35 0.734129
3.36 0.737696
3.37 0.741266
3.38 0.744839
3.39 0.748416
3.4 0.751995
3.41 0.755578
3.42 0.759164
3.43 0.762754
3.44 0.766347
3.45 0.769943
3.46 0.773543
3.47 0.777146
3.48 0.780754
3.49 0.784364
3.5 0.787979
3.51 0.791598
3.52 0.79522
3.53 0.798847
3.54 0.802478
3.55 0.806113
3.56 0.809752
3.57 0.813396
3.58 0.817044
3.59 0.820696
3.6 0.824354
3.61 0.828016
3.62 0.831683
3.63 0.835354
3.64 0.839031
3.65 0.842713
3.66 0.8464
3.67 0.850093
3.68 0.85379
3.69 0.857494
3.7 0.861203
3.71 0.864917
3.72 0.868638
3.73 0.872364
3.74 0.876096
3.75 0.879835
3.76 0.88358
3.77 0.887331
3.78 0.891088
3.79 0.894852
3.8 0.898623
3.81 0.902401
3.82 0.906185
3.83 0.909976
3.84 0.913775
3.85 0.91758
3.86 0.921393
3.87 0.925214
3.88 0.929042
3.89 0.932877
3.9 0.93672
3.91 0.940571
3.92 0.94443
3.93 0.948297
3.94 0.952173
3.95 0.956056
3.96 0.959948
3.97 0.963849
3.98 0.967757
3.99 0.971675
4 0.975602
4.01 0.979537
4.02 0.983481
4.03 0.987435
4.04 0.991397
4.05 0.995369
4.06 0.999351
4.07 1.00334
4.08 1.00734
4.09 1.01135
4.1 1.01537
4.11 1.0194
4.12 1.02344
4.13 1.02749
4.14 1.03155
4.15 1.03562
4.16 1.0397
4.17 1.04379
4.18 1.0479
4.19 1.05201
4.2 1.05613
4.21 1.06026
4.22 1.06441
4.23 1.06857
4.24 1.07273
4.25 1.07691
4.26 1.0811
4.27 1.0853
4.28 1.08951
4.29 1.09373
4.3 1.09797
4.31 1.10221
4.32 1.10647
4.33 1.11074
4.34 1.11502
4.35 1.11931
4.36 1.12362
4.37 1.12794
4.38 1.13226
4.39 1.13661
4.4 1.14096
4.41 1.14532
4.42 1.1497
4.43 1.15409
4.44 1.15849
4.45 1.16291
4.46 1.16733
4.47 1.17177
4.48 1.17622
4.49 1.18069
4.5 1.18517
4.51 1.18966
4.52 1.19416
4.53 1.19867
4.54 1.2032
4.55 1.20774
4.56 1.21229
4.57 1.21686
4.58 1.22144
4.59 1.22603
4.6 1.23063
4.61 1.23525
4.62 1.23988
4.63 1.24452
4.64 1.24918
4.65 1.25385
4.66 1.25853
4.67 1.26322
4.68 1.26793
4.69 1.27265
4.7 1.27739
4.71 1.28213
4.72 1.28689
4.73 1.29166
4.74 1.29645
4.75 1.30124
4.76 1.30606
4.77 1.31088
4.78 1.31571
4.79 1.32056
4.8 1.32543
4.81 1.3303
4.82 1.33519
4.83 1.34009
4.84 1.345
4.85 1.34992
4.86 1.35486
4.87 1.35981
4.88 1.36477
4.89 1.36975
4.9 1.37473
4.91 1.37973
4.92 1.38475
4.93 1.38977
4.94 1.39481
4.95 1.39985
4.96 1.40491
4.97 1.40999
4.98 1.41507
4.99 1.42017
5 1.42528
5.01 1.43039
5.02 1.43553
5.03 1.44067
5.04 1.44582
5.05 1.45099
5.06 1.45617
5.07 1.46135
5.08 1.46655
5.09 1.47177
5.1 1.47699
5.11 1.48222
5.12 1.48746
5.13 1.49272
5.14 1.49798
5.15 1.50326
5.16 1.50854
5.17 1.51384
5.18 1.51915
5.19 1.52446
5.2 1.52979
5.21 1.53513
5.22 1.54048
5.23 1.54583
5.24 1.5512
5.25 1.55658
5.26 1.56196
5.27 1.56736
5.28 1.57276
5.29 1.57818
5.3 1.5836
5.31 1.58903
5.32 1.59447
5.33 1.59992
5.34 1.60538
5.35 1.61085
5.36 1.61632
5.37 1.62181
5.38 1.6273
5.39 1.6328
5.4 1.63831
5.41 1.64382
5.42 1.64935
5.43 1.65488
5.44 1.66042
5.45 1.66597
5.46 1.67152
5.47 1.67709
5.48 1.68266
5.49 1.68823
5.5 1.69382
5.51 1.69941
5.52 1.70501
5.53 1.71061
5.54 1.71622
5.55 1.72184
5.56 1.72747
5.57 1.7331
5.58 1.73873
5.59 1.74438
5.6 1.75003
5.61 1.75569
5.62 1.76135
5.63 1.76702
5.64 1.77269
5.65 1.77837
5.66 1.78406
5.67 1.78975
5.68 1.79545
5.69 1.80116
5.7 1.80687
5.71 1.81258
5.72 1.8183
5.73 1.82403
5.74 1.82976
5.75 1.8355
5.76 1.84125
5.77 1.84699
5.78 1.85275
5.79 1.85851
5.8 1.86427
5.81 1.87005
5.82 1.87582
5.83 1.8816
5.84 1.88739
5.85 1.89318
5.86 1.89898
5.87 1.90479
5.88 1.9106
5.89 1.91641
5.9 1.92224
5.91 1.92806
5.92 1.9339
5.93 1.93973
5.94 1.94558
5.95 1.95143
5.96 1.95729
5.97 1.96315
5.98 1.96902
5.99 1.9749
6 1.98078
6.01 1.98667
6.02 1.99257
6.03 1.99847
6.04 2.00438
6.05 2.0103
6.06 2.01622
6.07 2.02215
6.08 2.02809
6.09 2.03404
6.1 2.04
6.11 2.04596
6.12 2.05193
6.13 2.05792
6.14 2.06391
6.15 2.06991
6.16 2.07591
6.17 2.08193
6.18 2.08796
6.19 2.094
6.2 2.10005
6.21 2.10611
6.22 2.11217
6.23 2.11826
6.24 2.12435
6.25 2.13045
6.26 2.13657
6.27 2.1427
6.28 2.14884
6.29 2.15499
6.3 2.16116
6.31 2.16734
6.32 2.17353
6.33 2.17974
6.34 2.18597
6.35 2.1922
6.36 2.19846
6.37 2.20473
6.38 2.21102
6.39 2.21732
6.4 2.22364
6.41 2.22998
6.42 2.23633
6.43 2.24271
6.44 2.2491
6.45 2.25552
6.46 2.26195
6.47 2.2684
6.48 2.27487
6.49 2.28137
6.5 2.28789
6.51 2.29442
6.52 2.30098
6.53 2.30757
6.54 2.31418
6.55 2.32081
6.56 2.32747
6.57 2.33415
6.58 2.34086
6.59 2.34759
6.6 2.35435
6.61 2.36114
6.62 2.36796
6.63 2.3748
6.64 2.38167
6.65 2.38858
6.66 2.39551
6.67 2.40248
6.68 2.40947
6.69 2.4165
6.7 2.42356
6.71 2.43065
6.72 2.43778
6.73 2.44494
6.74 2.45213
6.75 2.45936
6.76 2.46663
6.77 2.47393
6.78 2.48127
6.79 2.48865
6.8 2.49606
6.81 2.50352
6.82 2.51101
6.83 2.51854
6.84 2.52611
6.85 2.53373
6.86 2.54138
6.87 2.54908
6.88 2.55681
6.89 2.5646
6.9 2.57242
6.91 2.58029
6.92 2.5882
6.93 2.59616
6.94 2.60416
6.95 2.61221
6.96 2.62031
6.97 2.62845
6.98 2.63664
6.99 2.64487
7 2.65316
7.01 2.66149
7.02 2.66987
7.03 2.6783
7.04 2.68677
7.05 2.6953
7.06 2.70388
7.07 2.71251
7.08 2.72118
7.09 2.72991
7.1 2.73869
7.11 2.74752
7.12 2.7564
7.13 2.76534
7.14 2.77432
7.15 2.78336
7.16 2.79244
7.17 2.80158
7.18 2.81077
7.19 2.82001
7.2 2.82931
7.21 2.83865
7.22 2.84805
7.23 2.8575
7.24 2.867
7.25 2.87655
7.26 2.88615
7.27 2.8958
7.28 2.9055
7.29 2.91526
7.3 2.92506
7.31 2.93491
7.32 2.94481
7.33 2.95476
7.34 2.96476
7.35 2.97481
7.36 2.9849
7.37 2.99505
7.38 3.00523
7.39 3.01547
7.4 3.02574
7.41 3.03607
7.42 3.04643
7.43 3.05684
7.44 3.0673
7.45 3.07779
7.46 3.08833
7.47 3.0989
7.48 3.10952
7.49 3.12017
7.5 3.13086
7.51 3.14158
7.52 3.15235
7.53 3.16314
7.54 3.17397
7.55 3.18483
7.56 3.19573
7.57 3.20665
7.58 3.2176
7.59 3.22858
7.6 3.23959
7.61 3.25062
7.62 3.26168
7.63 3.27276
7.64 3.28386
7.65 3.29499
7.66 3.30613
7.67 3.31729
7.68 3.32847
7.69 3.33966
7.7 3.35087
7.71 3.36209
7.72 3.37332
7.73 3.38457
7.74 3.39582
7.75 3.40708
7.76 3.41834
7.77 3.42961
7.78 3.44088
7.79 3.45216
7.8 3.46343
7.81 3.4747
7.82 3.48598
7.83 3.49724
7.84 3.5085
7.85 3.51976
7.86 3.53101
7.87 3.54225
7.88 3.55347
7.89 3.56469
7.9 3.57589
7.91 3.58707
7.92 3.59824
7.93 3.60939
7.94 3.62053
7.95 3.63164
7.96 3.64273
7.97 3.65379
7.98 3.66483
7.99 3.67585
8 3.68684
8.01 3.69779
8.02 3.70872
8.03 3.71962
8.04 3.73048
8.05 3.74131
8.06 3.7521
8.07 3.76285
8.08 3.77357
8.09 3.78424
8.1 3.79488
8.11 3.80547
8.12 3.81602
8.13 3.82652
8.14 3.83697
8.15 3.84738
8.16 3.85774
8.17 3.86804
8.18 3.8783
8.19 3.8885
8.2 3.89864
8.21 3.90873
8.22 3.91876
8.23 3.92873
8.24 3.93865
8.25 3.9485
8.26 3.95828
8.27 3.968
8.28 3.97766
8.29 3.98725
8.3 3.99677
8.31 4.00622
8.32 4.0156
8.33 4.0249
8.34 4.03413
8.35 4.04329
8.36 4.05237
8.37 4.06137
8.38 4.07029
8.39 4.07914
8.4 4.0879
8.41 4.09658
8.42 4.10517
8.43 4.11368
8.44 4.1221
8.45 4.13044
8.46 4.13868
8.47 4.14684
8.48 4.15491
8.49 4.16288
8.5 4.17076
8.51 4.17855
8.52 4.18624
8.53 4.19383
8.54 4.20133
8.55 4.20874
8.56 4.21604
8.57 4.22324
8.58 4.23035
8.59 4.23735
8.6 4.24425
8.61 4.25106
8.62 4.25775
8.63 4.26435
8.64 4.27084
8.65 4.27723
8.66 4.28351
8.67 4.28969
8.68 4.29576
8.69 4.30173
8.7 4.30759
8.71 4.31335
8.72 4.319
8.73 4.32454
8.74 4.32998
8.75 4.33531
8.76 4.34054
8.77 4.34566
8.78 4.35067
8.79 4.35558
8.8 4.36038
8.81 4.36508
8.82 4.36967
8.83 4.37415
8.84 4.37853
8.85 4.38281
8.86 4.38698
8.87 4.39105
8.88 4.39502
8.89 4.39888
8.9 4.40264
8.91 4.4063
8.92 4.40986
8.93 4.41332
8.94 4.41668
8.95 4.41994
8.96 4.4231
8.97 4.42617
8.98 4.42913
8.99 4.432
9 4.43478
9.01 4.43746
9.02 4.44005
9.03 4.44255
9.04 4.44495
9.05 4.44726
9.06 4.44948
9.07 4.45162
9.08 4.45366
9.09 4.45562
9.1 4.45749
9.11 4.45928
9.12 4.46098
9.13 4.46259
9.14 4.46413
9.15 4.46558
9.16 4.46695
9.17 4.46825
9.18 4.46946
9.19 4.4706
9.2 4.47166
9.21 4.47264
9.22 4.47355
9.23 4.47439
9.24 4.47516
9.25 4.47585
9.26 4.47647
9.27 4.47703
9.28 4.47751
9.29 4.47793
9.3 4.47828
9.31 4.47857
9.32 4.47879
9.33 4.47895
9.34 4.47904
9.35 4.47908
9.36 4.47905
9.37 4.47897
9.38 4.47882
9.39 4.47862
9.4 4.47836
9.41 4.47805
9.42 4.47768
9.43 4.47726
9.44 4.47679
9.45 4.47626
9.46 4.47569
9.47 4.47506
9.48 4.47439
9.49 4.47366
9.5 4.47289
9.51 4.47208
9.52 4.47122
9.53 4.47031
9.54 4.46936
9.55 4.46837
9.56 4.46733
9.57 4.46625
9.58 4.46514
9.59 4.46398
9.6 4.46278
9.61 4.46155
9.62 4.46028
9.63 4.45897
9.64 4.45763
9.65 4.45625
9.66 4.45484
9.67 4.45339
9.68 4.45191
9.69 4.4504
9.7 4.44886
9.71 4.44728
9.72 4.44568
9.73 4.44404
9.74 4.44238
9.75 4.44069
9.76 4.43897
9.77 4.43723
9.78 4.43545
9.79 4.43366
9.8 4.43183
9.81 4.42999
9.82 4.42811
9.83 4.42622
9.84 4.4243
9.85 4.42236
9.86 4.4204
9.87 4.41842
9.88 4.41641
9.89 4.41439
9.9 4.41234
9.91 4.41028
9.92 4.4082
9.93 4.4061
9.94 4.40398
9.95 4.40184
9.96 4.39969
9.97 4.39752
9.98 4.39533
9.99 4.39313
10 4.39092
10.001 0
