0 5
0.01 4.08138
0.02 4.0827
0.03 4.08404
0.04 4.08539
0.05 4.08675
0.06 4.08812
0.07 4.08951
0.08 4.09091
0.09 4.09233
0.1 4.09376
0.11 4.0952
0.12 4.09666
0.13 4.09813
0.14 4.09962
0.15 4.10112
0.16 4.10264
0.17 4.10417
0.18 4.10572
0.19 4.10728
0.2 4.10886
0.21 4.11045
0.22 4.11207
0.23 4.11369
0.24 4.11534
0.25 4.117
0.26 4.11867
0.27 4.12037
0.28 4.12208
0.29 4.12381
0.3 4.12556
0.31 4.12732
0.32 4.12911
0.33 4.13091
0.34 4.13273
0.35 4.13457
0.36 4.13643
0.37 4.13831
0.38 4.14021
0.39 4.14213
0.4 4.14407
0.41 4.14604
0.42 4.14802
0.43 4.15002
0.44 4.15205
0.45 4.1541
0.46 4.15617
0.47 4.15827
0.48 4.16038
0.49 4.16252
0.5 4.16469
0.51 4.16688
0.52 4.16909
0.53 4.17133
0.54 4.1736
0.55 4.17589
0.56 4.17821
0.57 4.18056
0.58 4.18293
0.59 4.18533
0.6 4.18776
0.61 4.19022
0.62 4.19271
0.63 4.19523
0.64 4.19778
0.65 4.20036
0.66 4.20297
0.67 4.20561
0.68 4.20829
0.69 4.211
0.7 4.21375
0.71 4.21653
0.72 4.21934
0.73 4.22219
0.74 4.22508
0.75 4.228
0.76 4.23097
0.77 4.23397
0.78 4.23701
0.79 4.24009
0.8 4.24322
0.81 4.24638
0.82 4.24959
0.83 4.25284
0.84 4.25613
0.85 4.25947
0.86 4.26286
0.87 4.26629
0.88 4.26977
0.89 4.2733
0.9 4.27688
0.91 4.2805
0.92 4.28418
0.93 4.28791
0.94 4.29169
0.95 4.29553
0.96 4.29942
0.97 4.30337
0.98 4.30737
0.99 4.31143
1 4.31555
1.01 4.31973
1.02 4.32396
1.03 4.32826
1.04 4.33262
1.05 4.33705
1.06 4.34154
1.07 4.34609
1.08 4.35071
1.09 4.35539
1.1 4.36014
1.11 4.36496
1.12 4.36985
1.13 4.37481
1.14 4.37985
1.15 4.38495
1.16 4.39012
1.17 4.39537
1.18 4.40069
1.19 4.40609
1.2 4.41156
1.21 4.41711
1.22 4.42273
1.23 4.42843
1.24 4.43421
1.25 4.44007
1.26 4.44601
1.27 4.45202
1.28 4.45811
1.29 4.46428
1.3 4.47054
1.31 4.47687
1.32 4.48328
1.33 4.48977
1.34 4.49634
1.35 4.50299
1.36 4.50972
1.37 4.51653
1.38 4.52341
1.39 4.53038
1.4 4.53742
1.41 4.54454
1.42 4.55173
1.43 4.559
1.44 4.56635
1.45 4.57376
1.46 4.58125
1.47 4.58881
1.48 4.59644
1.49 4.60414
1.5 4.61191
1.51 4.61974
1.52 4.62763
1.53 4.63559
1.54 4.64361
1.55 4.65168
1.56 4.65981
1.57 4.668
1.58 4.67623
1.59 4.68452
1.6 4.69285
1.61 4.70123
1.62 4.70965
1.63 4.71811
1.64 4.7266
1.65 4.73513
1.66 4.74369
1.67 4.75228
1.68 4.7609
1.69 4.76954
1.7 4.7782
1.71 4.78687
1.72 4.79556
1.73 4.80426
1.74 4.81297
1.75 4.82168
1.76 4.8304
1.77 4.83911
1.78 4.84782
1.79 4.85653
1.8 4.86522
1.81 4.8739
1.82 4.88257
1.83 4.89121
1.84 4.89984
1.85 4.90844
1.86 4.91701
1.87 4.92556
1.88 4.93407
1.89 4.94255
1.9 4.95099
1.91 4.95939
1.92 4.96775
1.93 4.97607
1.94 4.98434
1.95 4.99256
1.96 5.00073
1.97 5.00885
1.98 5.01692
1.99 5.02493
2 5.03288
2.01 5.04078
2.02 5.04861
2.03 5.05639
2.04 5.0641
2.05 5.07174
2.06 5.07932
2.07 5.08684
2.08 5.09429
2.09 5.10167
2.1 5.10898
2.11 5.11622
2.12 5.12339
2.13 5.13049
2.14 5.13752
2.15 5.14448
2.16 5.15136
2.17 5.15818
2.18 5.16492
2.19 5.17159
2.2 5.17818
2.21 5.18471
2.22 5.19116
2.23 5.19754
2.24 5.20384
2.25 5.21008
2.26 5.21624
2.27 5.22233
2.28 5.22835
2.29 5.23429
2.3 5.24017
2.31 5.24597
2.32 5.25171
2.33 5.25738
2.34 5.26297
2.35 5.2685
2.36 5.27396
2.37 5.27935
2.38 5.28468
2.39 5.28994
2.4 5.29513
2.41 5.30026
2.42 5.30533
2.43 5.31033
2.44 5.31526
2.45 5.32014
2.46 5.32495
2.47 5.3297
2.48 5.3344
2.49 5.33903
2.5 5.3436
2.51 5.34812
2.52 5.35258
2.53 5.35698
2.54 5.36132
2.55 5.36562
2.56 5.36985
2.57 5.37403
2.58 5.37816
2.59 5.38224
2.6 5.38626
2.61 5.39024
2.62 5.39416
2.63 5.39803
2.64 5.40186
2.65 5.40564
2.66 5.40937
2.67 5.41305
2.68 5.41669
2.69 5.42028
2.7 5.42382
2.71 5.42733
2.72 5.43079
2.73 5.4342
2.74 5.43758
2.75 5.44091
2.76 5.4442
2.77 5.44745
2.78 5.45066
2.79 5.45383
2.8 5.45697
2.81 5.46006
2.82 5.46312
2.83 5.46615
2.84 5.46913
2.85 5.47208
2.86 5.475
2.87 5.47788
2.88 5.48072
2.89 5.48354
2.9 5.48632
2.91 5.48907
2.92 5.49178
2.93 5.49447
2.94 5.49712
2.95 5.49974
2.96 5.50234
2.97 5.5049
2.98 5.50743
2.99 5.50994
3 5.51242
3.01 5.51487
3.02 5.51729
3.03 5.51969
3.04 5.52205
3.05 5.5244
3.06 5.52672
3.07 5.52901
3.08 5.53128
3.09 5.53352
3.1 5.53574
3.11 5.53793
3.12 5.54011
3.13 5.54226
3.14 5.54438
3.15 5.54649
3.16 5.54857
3.17 5.55063
3.18 5.55267
3.19 5.55469
3.2 5.55669
3.21 5.55867
3.22 5.56062
3.23 5.56256
3.24 5.56448
3.25 5.56638
3.26 5.56826
3.27 5.57013
3.28 5.57197
3.29 5.5738
3.3 5.57561
3.31 5.5774
3.32 5.57918
3.33 5.58093
3.34 5.58268
3.35 5.5844
3.36 5.58611
3.37 5.5878
3.38 5.58948
3.39 5.59114
3.4 5.59279
3.41 5.59442
3.42 5.59604
3.43 5.59765
3.44 5.59924
3.45 5.60081
3.46 5.60237
3.47 5.60392
3.48 5.60546
3.49 5.60698
3.5 5.60849
3.51 5.60998
3.52 5.61146
3.53 5.61294
3.54 5.61439
3.55 5.61584
3.56 5.61728
3.57 5.6187
3.58 5.62011
3.59 5.62151
3.6 5.6229
3.61 5.62428
3.62 5.62564
3.63 5.627
3.64 5.62834
3.65 5.62968
3.66 5.631
3.67 5.63232
3.68 5.63362
3.69 5.63492
3.7 5.6362
3.71 5.63748
3.72 5.63875
3.73 5.64
3.74 5.64125
3.75 5.64249
3.76 5.64372
3.77 5.64494
3.78 5.64616
3.79 5.64736
3.8 5.64855
3.81 5.64974
3.82 5.65092
3.83 5.65209
3.84 5.65326
3.85 5.65441
3.86 5.65556
3.87 5.6567
3.88 5.65783
3.89 5.65896
3.9 5.66007
3.91 5.66118
3.92 5.66229
3.93 5.66338
3.94 5.66447
3.95 5.66555
3.96 5.66663
3.97 5.6677
3.98 5.66876
3.99 5.66981
4 5.67086
4.01 5.67191
4.02 5.67294
4.03 5.67397
4.04 5.675
4.05 5.67601
4.06 5.67703
4.07 5.67803
4.08 5.67903
4.09 5.68003
4.1 5.68101
4.11 5.682
4.12 5.68298
4.13 5.68395
4.14 5.68491
4.15 5.68587
4.16 5.68683
4.17 5.68778
4.18 5.68873
4.19 5.68967
4.2 5.6906
4.21 5.69153
4.22 5.69246
4.23 5.69338
4.24 5.69429
4.25 5.6952
4.26 5.69611
4.27 5.69701
4.28 5.6979
4.29 5.6988
4.3 5.69968
4.31 5.70057
4.32 5.70144
4.33 5.70232
4.34 5.70319
4.35 5.70405
4.36 5.70491
4.37 5.70577
4.38 5.70662
4.39 5.70747
4.4 5.70831
4.41 5.70915
4.42 5.70999
4.43 5.71082
4.44 5.71165
4.45 5.71247
4.46 5.71329
4.47 5.71411
4.48 5.71492
4.49 5.71573
4.5 5.71654
4.51 5.71734
4.52 5.71813
4.53 5.71893
4.54 5.71972
4.55 5.72051
4.56 5.72129
4.57 5.72207
4.58 5.72284
4.59 5.72362
4.6 5.72439
4.61 5.72515
4.62 5.72592
4.63 5.72667
4.64 5.72743
4.65 5.72818
4.66 5.72893
4.67 5.72968
4.68 5.73042
4.69 5.73116
4.7 5.7319
4.71 5.73263
4.72 5.73336
4.73 5.73409
4.74 5.73482
4.75 5.73554
4.76 5.73626
4.77 5.73697
4.78 5.73768
4.79 5.73839
4.8 5.7391
4.81 5.7398
4.82 5.74051
4.83 5.7412
4.84 5.7419
4.85 5.74259
4.86 5.74328
4.87 5.74397
4.88 5.74466
4.89 5.74534
4.9 5.74602
4.91 5.74669
4.92 5.74737
4.93 5.74804
4.94 5.74871
4.95 5.74938
4.96 5.75004
4.97 5.7507
4.98 5.75136
4.99 5.75202
5 5.75268
5.01 5.75333
5.02 5.75398
5.03 5.75463
5.04 5.75527
5.05 5.75592
5.06 5.75656
5.07 5.7572
5.08 5.75783
5.09 5.75847
5.1 5.7591
5.11 5.75973
5.12 5.76036
5.13 5.76098
5.14 5.76161
5.15 5.76223
5.16 5.76285
5.17 5.76347
5.18 5.76409
5.19 5.7647
5.2 5.76531
5.21 5.76593
5.22 5.76653
5.23 5.76714
5.24 5.76775
5.25 5.76835
5.26 5.76895
5.27 5.76956
5.28 5.77015
5.29 5.77075
5.3 5.77135
5.31 5.77194
5.32 5.77254
5.33 5.77313
5.34 5.77372
5.35 5.77431
5.36 5.77489
5.37 5.77548
5.38 5.77606
5.39 5.77665
5.4 5.77723
5.41 5.77781
5.42 5.77839
5.43 5.77897
5.44 5.77955
5.45 5.78013
5.46 5.7807
5.47 5.78128
5.48 5.78185
5.49 5.78242
5.5 5.783
5.51 5.78357
5.52 5.78414
5.53 5.78471
5.54 5.78528
5.55 5.78584
5.56 5.78641
5.57 5.78698
5.58 5.78755
5.59 5.78811
5.6 5.78868
5.61 5.78924
5.62 5.78981
5.63 5.79037
5.64 5.79094
5.65 5.7915
5.66 5.79207
5.67 5.79263
5.68 5.79319
5.69 5.79376
5.7 5.79432
5.71 5.79489
5.72 5.79545
5.73 5.79601
5.74 5.79658
5.75 5.79714
5.76 5.79771
5.77 5.79827
5.78 5.79884
5.79 5.7994
5.8 5.79997
5.81 5.80054
5.82 5.8011
5.83 5.80167
5.84 5.80224
5.85 5.80281
5.86 5.80338
5.87 5.80395
5.88 5.80453
5.89 5.8051
5.9 5.80567
5.91 5.80625
5.92 5.80682
5.93 5.8074
5.94 5.80798
5.95 5.80856
5.96 5.80914
5.97 5.80973
5.98 5.81031
5.99 5.8109
6 5.81149
6.01 5.81207
6.02 5.81267
6.03 5.81326
6.04 5.81385
6.05 5.81445
6.06 5.81505
6.07 5.81565
6.08 5.81625
6.09 5.81686
6.1 5.81746
6.11 5.81807
6.12 5.81869
6.13 5.8193
6.14 5.81992
6.15 5.82054
6.16 5.82116
6.17 5.82178
6.18 5.82241
6.19 5.82304
6.2 5.82367
6.21 5.82431
6.22 5.82494
6.23 5.82559
6.24 5.82623
6.25 5.82688
6.26 5.82753
6.27 5.82818
6.28 5.82884
6.29 5.8295
6.3 5.83017
6.31 5.83083
6.32 5.8315
6.33 5.83218
6.34 5.83286
6.35 5.83354
6.36 5.83423
6.37 5.83491
6.38 5.83561
6.39 5.83631
6.4 5.83701
6.41 5.83771
6.42 5.83842
6.43 5.83914
6.44 5.83985
6.45 5.84058
6.46 5.8413
6.47 5.84203
6.48 5.84277
6.49 5.84351
6.5 5.84425
6.51 5.845
6.52 5.84575
6.53 5.84651
6.54 5.84727
6.55 5.84803
6.56 5.8488
6.57 5.84958
6.58 5.85036
6.59 5.85114
6.6 5.85193
6.61 5.85272
6.62 5.85352
6.63 5.85432
6.64 5.85513
6.65 5.85594
6.66 5.85676
6.67 5.85758
6.68 5.8584
6.69 5.85923
6.7 5.86006
6.71 5.8609
6.72 5.86174
6.73 5.86259
6.74 5.86344
6.75 5.8643
6.76 5.86516
6.77 5.86602
6.78 5.86689
6.79 5.86776
6.8 5.86863
6.81 5.86951
6.82 5.87039
6.83 5.87127
6.84 5.87216
6.85 5.87305
6.86 5.87395
6.87 5.87484
6.88 5.87574
6.89 5.87665
6.9 5.87755
6.91 5.87846
6.92 5.87936
6.93 5.88027
6.94 5.88118
6.95 5.8821
6.96 5.88301
6.97 5.88392
6.98 5.88484
6.99 5.88575
7 5.88666
7.01 5.88758
7.02 5.88849
7.03 5.8894
7.04 5.89031
7.05 5.89121
7.06 5.89212
7.07 5.89302
7.08 5.89392
7.09 5.89481
7.1 5.8957
7.11 5.89659
7.12 5.89747
7.13 5.89834
7.14 5.89921
7.15 5.90007
7.16 5.90092
7.17 5.90176
7.18 5.9026
7.19 5.90343
7.2 5.90424
7.21 5.90505
7.22 5.90584
7.23 5.90662
7.24 5.90739
7.25 5.90815
7.26 5.90889
7.27 5.90961
7.28 5.91032
7.29 5.91101
7.3 5.91168
7.31 5.91233
7.32 5.91297
7.33 5.91358
7.34 5.91417
7.35 5.91474
7.36 5.91528
7.37 5.91579
7.38 5.91629
7.39 5.91675
7.4 5.91718
7.41 5.91759
7.42 5.91796
7.43 5.9183
7.44 5.91861
7.45 5.91888
7.46 5.91911
7.47 5.91931
7.48 5.91947
7.49 5.91959
7.5 5.91966
7.51 5.91969
7.52 5.91968
7.53 5.91962
7.54 5.91951
7.55 5.91936
7.56 5.91915
7.57 5.91889
7.58 5.91857
7.59 5.9182
7.6 5.91777
7.61 5.91728
7.62 5.91673
7.63 5.91612
7.64 5.91545
7.65 5.91471
7.66 5.9139
7.67 5.91302
7.68 5.91207
7.69 5.91105
7.7 5.90995
7.71 5.90877
7.72 5.90752
7.73 5.90619
7.74 5.90478
7.75 5.90328
7.76 5.9017
7.77 5.90003
7.78 5.89827
7.79 5.89642
7.8 5.89449
7.81 5.89245
7.82 5.89033
7.83 5.8881
7.84 5.88578
7.85 5.88336
7.86 5.88083
7.87 5.87821
7.88 5.87548
7.89 5.87264
7.9 5.8697
7.91 5.86665
7.92 5.86348
7.93 5.86021
7.94 5.85683
7.95 5.85333
7.96 5.84973
7.97 5.846
7.98 5.84216
7.99 5.8382
8 5.83413
8.01 5.82994
8.02 5.82563
8.03 5.8212
8.04 5.81665
8.05 5.81198
8.06 5.8072
8.07 5.80229
8.08 5.79726
8.09 5.79211
8.1 5.78684
8.11 5.78146
8.12 5.77595
8.13 5.77032
8.14 5.76458
8.15 5.75872
8.16 5.75274
8.17 5.74664
8.18 5.74043
8.19 5.7341
8.2 5.72767
8.21 5.72111
8.22 5.71445
8.23 5.70768
8.24 5.70081
8.25 5.69382
8.26 5.68673
8.27 5.67954
8.28 5.67225
8.29 5.66486
8.3 5.65738
8.31 5.6498
8.32 5.64213
8.33 5.63436
8.34 5.62652
8.35 5.61858
8.36 5.61057
8.37 5.60247
8.38 5.5943
8.39 5.58606
8.4 5.57774
8.41 5.56936
8.42 5.56091
8.43 5.5524
8.44 5.54383
8.45 5.5352
8.46 5.52652
8.47 5.51778
8.48 5.50901
8.49 5.50018
8.5 5.49132
8.51 5.48242
8.52 5.47348
8.53 5.46451
8.54 5.45551
8.55 5.44649
8.56 5.43744
8.57 5.42838
8.58 5.4193
8.59 5.4102
8.6 5.4011
8.61 5.39198
8.62 5.38286
8.63 5.37374
8.64 5.36462
8.65 5.35551
8.66 5.3464
8.67 5.3373
8.68 5.32821
8.69 5.31914
8.7 5.31008
8.71 5.30104
8.72 5.29202
8.73 5.28303
8.74 5.27406
8.75 5.26512
8.76 5.25621
8.77 5.24734
8.78 5.2385
8.79 5.22969
8.8 5.22092
8.81 5.2122
8.82 5.20351
8.83 5.19487
8.84 5.18627
8.85 5.17772
8.86 5.16922
8.87 5.16077
8.88 5.15236
8.89 5.14401
8.9 5.13572
8.91 5.12747
8.92 5.11929
8.93 5.11116
8.94 5.10308
8.95 5.09507
8.96 5.08711
8.97 5.07922
8.98 5.07138
8.99 5.06361
9 5.0559
9.01 5.04825
9.02 5.04066
9.03 5.03314
9.04 5.02569
9.05 5.01829
9.06 5.01097
9.07 5.0037
9.08 4.9965
9.09 4.98937
9.1 4.98231
9.11 4.97531
9.12 4.96837
9.13 4.96151
9.14 4.9547
9.15 4.94797
9.16 4.9413
9.17 4.9347
9.18 4.92816
9.19 4.92169
9.2 4.91528
9.21 4.90894
9.22 4.90267
9.23 4.89646
9.24 4.89032
9.25 4.88424
9.26 4.87822
9.27 4.87227
9.28 4.86638
9.29 4.86056
9.3 4.8548
9.31 4.8491
9.32 4.84346
9.33 4.83789
9.34 4.83238
9.35 4.82692
9.36 4.82153
9.37 4.8162
9.38 4.81093
9.39 4.80572
9.4 4.80056
9.41 4.79547
9.42 4.79043
9.43 4.78545
9.44 4.78053
9.45 4.77566
9.46 4.77085
9.47 4.76609
9.48 4.76139
9.49 4.75674
9.5 4.75215
9.51 4.74761
9.52 4.74312
9.53 4.73868
9.54 4.7343
9.55 4.72996
9.56 4.72568
9.57 4.72144
9.58 4.71726
9.59 4.71312
9.6 4.70903
9.61 4.70499
9.62 4.701
9.63 4.69705
9.64 4.69315
9.65 4.68929
9.66 4.68548
9.67 4.68171
9.68 4.67799
9.69 4.67431
9.7 4.67068
9.71 4.66708
9.72 4.66353
9.73 4.66002
9.74 4.65654
9.75 4.65311
9.76 4.64972
9.77 4.64637
9.78 4.64306
9.79 4.63978
9.8 4.63655
9.81 4.63335
9.82 4.63018
9.83 4.62706
9.84 4.62396
9.85 4.62091
9.86 4.61789
9.87 4.6149
9.88 4.61195
9.89 4.60903
9.9 4.60614
9.91 4.60329
9.92 4.60047
9.93 4.59768
9.94 4.59492
9.95 4.5922
9.96 4.5895
9.97 4.58683
9.98 4.5842
9.99 4.58159
10 4.57901
10.001 5
