0 0
0.01 0.385532
0.02 0.384106
0.03 0.382674
0.04 0.381236
0.05 0.379794
0.06 0.378345
0.07 0.376892
0.08 0.375433
0.09 0.373969
0.1 0.372499
0.11 0.371025
0.12 0.369545
0.13 0.36806
0.14 0.36657
0.15 0.365075
0.16 0.363574
0.17 0.362069
0.18 0.360559
0.19 0.359045
0.2 0.357525
0.21 0.356001
0.22 0.354471
0.23 0.352938
0.24 0.3514
0.25 0.349857
0.26 0.34831
0.27 0.346758
0.28 0.345202
0.29 0.343642
0.3 0.342078
0.31 0.34051
0.32 0.338938
0.33 0.337362
0.34 0.335782
0.35 0.334198
0.36 0.332611
0.37 0.33102
0.38 0.329426
0.39 0.327829
0.4 0.326228
0.41 0.324624
0.42 0.323017
0.43 0.321408
0.44 0.319795
0.45 0.31818
0.46 0.316562
0.47 0.314942
0.48 0.31332
0.49 0.311695
0.5 0.310069
0.51 0.30844
0.52 0.30681
0.53 0.305178
0.54 0.303545
0.55 0.301911
0.56 0.300275
0.57 0.298638
0.58 0.297001
0.59 0.295363
0.6 0.293724
0.61 0.292085
0.62 0.290446
0.63 0.288807
0.64 0.287168
0.65 0.28553
0.66 0.283893
0.67 0.282256
0.68 0.28062
0.69 0.278986
0.7 0.277352
0.71 0.275721
0.72 0.274092
0.73 0.272464
0.74 0.270839
0.75 0.269217
0.76 0.267597
0.77 0.265981
0.78 0.264367
0.79 0.262758
0.8 0.261152
0.81 0.25955
0.82 0.257952
0.83 0.25636
0.84 0.254772
0.85 0.253189
0.86 0.251611
0.87 0.25004
0.88 0.248474
0.89 0.246915
0.9 0.245362
0.91 0.243817
0.92 0.242278
0.93 0.240747
0.94 0.239224
0.95 0.237709
0.96 0.236203
0.97 0.234706
0.98 0.233217
0.99 0.231739
1 0.23027
1.01 0.228811
1.02 0.227363
1.03 0.225926
1.04 0.224501
1.05 0.223087
1.06 0.221685
1.07 0.220295
1.08 0.218918
1.09 0.217555
1.1 0.216205
1.11 0.214869
1.12 0.213547
1.13 0.21224
1.14 0.210949
1.15 0.209673
1.16 0.208412
1.17 0.207169
1.18 0.205942
1.19 0.204732
1.2 0.20354
1.21 0.202365
1.22 0.20121
1.23 0.200073
1.24 0.198956
1.25 0.197858
1.26 0.196781
1.27 0.195724
1.28 0.194688
1.29 0.193674
1.3 0.192681
1.31 0.191712
1.32 0.190764
1.33 0.189841
1.34 0.188941
1.35 0.188065
1.36 0.187213
1.37 0.186387
1.38 0.185586
1.39 0.184811
1.4 0.184063
1.41 0.183341
1.42 0.182647
1.43 0.18198
1.44 0.181342
1.45 0.180732
1.46 0.180151
1.47 0.1796
1.48 0.179079
1.49 0.178588
1.5 0.178128
1.51 0.177699
1.52 0.177302
1.53 0.176936
1.54 0.176604
1.55 0.176304
1.56 0.176038
1.57 0.175805
1.58 0.175607
1.59 0.175443
1.6 0.175314
1.61 0.17522
1.62 0.175162
1.63 0.175141
1.64 0.175156
1.65 0.175207
1.66 0.175296
1.67 0.175423
1.68 0.175588
1.69 0.175791
1.7 0.176032
1.71 0.176313
1.72 0.176633
1.73 0.176992
1.74 0.177392
1.75 0.177831
1.76 0.178312
1.77 0.178833
1.78 0.179395
1.79 0.179998
1.8 0.180643
1.81 0.18133
1.82 0.182059
1.83 0.18283
1.84 0.183644
1.85 0.1845
1.86 0.1854
1.87 0.186342
1.88 0.187327
1.89 0.188356
1.9 0.189428
1.91 0.190544
1.92 0.191703
1.93 0.192906
1.94 0.194153
1.95 0.195444
1.96 0.196779
1.97 0.198158
1.98 0.19958
1.99 0.201046
2 0.202557
2.01 0.204111
2.02 0.205709
2.03 0.20735
2.04 0.209036
2.05 0.210764
2.06 0.212536
2.07 0.214351
2.08 0.216209
2.09 0.21811
2.1 0.220054
2.11 0.22204
2.12 0.224068
2.13 0.226137
2.14 0.228249
2.15 0.230401
2.16 0.232595
2.17 0.234828
2.18 0.237103
2.19 0.239416
2.2 0.24177
2.21 0.244162
2.22 0.246592
2.23 0.249061
2.24 0.251567
2.25 0.25411
2.26 0.256689
2.27 0.259305
2.28 0.261956
2.29 0.264641
2.3 0.267361
2.31 0.270115
2.32 0.272901
2.33 0.27572
2.34 0.27857
2.35 0.281451
2.36 0.284363
2.37 0.287304
2.38 0.290275
2.39 0.293273
2.4 0.296299
2.41 0.299351
2.42 0.30243
2.43 0.305534
2.44 0.308662
2.45 0.311814
2.46 0.314989
2.47 0.318186
2.48 0.321404
2.49 0.324643
2.5 0.327902
2.51 0.331179
2.52 0.334475
2.53 0.337789
2.54 0.341119
2.55 0.344465
2.56 0.347827
2.57 0.351202
2.58 0.354592
2.59 0.357994
2.6 0.361408
2.61 0.364834
2.62 0.368271
2.63 0.371718
2.64 0.375174
2.65 0.378639
2.66 0.382112
2.67 0.385592
2.68 0.389079
2.69 0.392572
2.7 0.396071
2.71 0.399575
2.72 0.403083
2.73 0.406595
2.74 0.41011
2.75 0.413629
2.76 0.41715
2.77 0.420672
2.78 0.424196
2.79 0.427721
2.8 0.431247
2.81 0.434774
2.82 0.4383
2.83 0.441826
2.84 0.445351
2.85 0.448875
2.86 0.452398
2.87 0.455919
2.88 0.459439
2.89 0.462957
2.9 0.466473
2.91 0.469986
2.92 0.473497
2.93 0.477006
2.94 0.480512
2.95 0.484015
2.96 0.487516
2.97 0.491014
2.98 0.494509
2.99 0.498001
3 0.50149
3.01 0.504977
3.02 0.50846
3.03 0.511942
3.04 0.51542
3.05 0.518896
3.06 0.522369
3.07 0.525841
3.08 0.529309
3.09 0.532776
3.1 0.536241
3.11 0.539704
3.12 0.543166
3.13 0.546626
3.14 0.550085
3.15 0.553543
3.16 0.557
3.17 0.560456
3.18 0.563912
3.19 0.567368
3.2 0.570824
3.21 0.57428
3.22 0.577736
3.23 0.581194
3.24 0.584652
3.25 0.588112
3.26 0.591573
3.27 0.595036
3.28 0.5985
3.29 0.601967
3.3 0.605437
3.31 0.608909
3.32 0.612385
3.33 0.615864
3.34 0.619346
3.35 0.622832
3.36 0.626322
3.37 0.629816
3.38 0.633315
3.39 0.636819
3.4 0.640328
3.41 0.643842
3.42 0.647361
3.43 0.650887
3.44 0.654418
3.45 0.657955
3.46 0.661499
3.47 0.66505
3.48 0.668608
3.49 0.672172
3.5 0.675744
3.51 0.679323
3.52 0.682911
3.53 0.686506
3.54 0.690109
3.55 0.69372
3.56 0.69734
3.57 0.700968
3.58 0.704606
3.59 0.708252
3.6 0.711907
3.61 0.715572
3.62 0.719246
3.63 0.722929
3.64 0.726623
3.65 0.730326
3.66 0.734039
3.67 0.737763
3.68 0.741496
3.69 0.74524
3.7 0.748995
3.71 0.75276
3.72 0.756535
3.73 0.760322
3.74 0.764119
3.75 0.767927
3.76 0.771747
3.77 0.775577
3.78 0.779419
3.79 0.783272
3.8 0.787137
3.81 0.791013
3.82 0.7949
3.83 0.798799
3.84 0.80271
3.85 0.806633
3.86 0.810567
3.87 0.814513
3.88 0.818471
3.89 0.82244
3.9 0.826422
3.91 0.830416
3.92 0.834421
3.93 0.838439
3.94 0.842469
3.95 0.846511
3.96 0.850565
3.97 0.854631
3.98 0.858709
3.99 0.8628
4 0.866903
4.01 0.871018
4.02 0.875145
4.03 0.879285
4.04 0.883437
4.05 0.887601
4.06 0.891778
4.07 0.895966
4.08 0.900168
4.09 0.904381
4.1 0.908607
4.11 0.912845
4.12 0.917096
4.13 0.921358
4.14 0.925634
4.15 0.929921
4.16 0.934221
4.17 0.938533
4.18 0.942858
4.19 0.947195
4.2 0.951544
4.21 0.955905
4.22 0.960279
4.23 0.964665
4.24 0.969064
4.25 0.973475
4.26 0.977898
4.27 0.982333
4.28 0.98678
4.29 0.99124
4.3 0.995712
4.31 1.0002
4.32 1.00469
4.33 1.0092
4.34 1.01372
4.35 1.01826
4.36 1.0228
4.37 1.02736
4.38 1.03193
4.39 1.03651
4.4 1.0411
4.41 1.04571
4.42 1.05032
4.43 1.05495
4.44 1.0596
4.45 1.06425
4.46 1.06891
4.47 1.07359
4.48 1.07828
4.49 1.08298
4.5 1.08769
4.51 1.09242
4.52 1.09716
4.53 1.1019
4.54 1.10666
4.55 1.11143
4.56 1.11622
4.57 1.12101
4.58 1.12582
4.59 1.13064
4.6 1.13547
4.61 1.14031
4.62 1.14516
4.63 1.15002
4.64 1.1549
4.65 1.15978
4.66 1.16468
4.67 1.16959
4.68 1.17451
4.69 1.17944
4.7 1.18438
4.71 1.18934
4.72 1.1943
4.73 1.19928
4.74 1.20426
4.75 1.20926
4.76 1.21427
4.77 1.21929
4.78 1.22431
4.79 1.22935
4.8 1.2344
4.81 1.23946
4.82 1.24454
4.83 1.24962
4.84 1.25471
4.85 1.25981
4.86 1.26492
4.87 1.27004
4.88 1.27518
4.89 1.28032
4.9 1.28547
4.91 1.29063
4.92 1.2958
4.93 1.30098
4.94 1.30617
4.95 1.31137
4.96 1.31658
4.97 1.3218
4.98 1.32703
4.99 1.33227
5 1.33751
5.01 1.34277
5.02 1.34803
5.03 1.3533
5.04 1.35859
5.05 1.36388
5.06 1.36917
5.07 1.37448
5.08 1.3798
5.09 1.38512
5.1 1.39045
5.11 1.39579
5.12 1.40114
5.13 1.4065
5.14 1.41186
5.15 1.41723
5.16 1.42261
5.17 1.428
5.18 1.43339
5.19 1.4388
5.2 1.4442
5.21 1.44962
5.22 1.45504
5.23 1.46048
5.24 1.46591
5.25 1.47136
5.26 1.47681
5.27 1.48227
5.28 1.48773
5.29 1.4932
5.3 1.49868
5.31 1.50416
5.32 1.50965
5.33 1.51515
5.34 1.52066
5.35 1.52616
5.36 1.53168
5.37 1.5372
5.38 1.54273
5.39 1.54826
5.4 1.5538
5.41 1.55935
5.42 1.5649
5.43 1.57046
5.44 1.57602
5.45 1.58159
5.46 1.58716
5.47 1.59274
5.48 1.59833
5.49 1.60392
5.5 1.60951
5.51 1.61512
5.52 1.62073
5.53 1.62634
5.54 1.63196
5.55 1.63759
5.56 1.64322
5.57 1.64886
5.58 1.6545
5.59 1.66015
5.6 1.6658
5.61 1.67147
5.62 1.67713
5.63 1.68281
5.64 1.68849
5.65 1.69418
5.66 1.69987
5.67 1.70557
5.68 1.71128
5.69 1.71699
5.7 1.72271
5.71 1.72844
5.72 1.73418
5.73 1.73992
5.74 1.74567
5.75 1.75144
5.76 1.7572
5.77 1.76298
5.78 1.76877
5.79 1.77456
5.8 1.78037
5.81 1.78618
5.82 1.79201
5.83 1.79784
5.84 1.80368
5.85 1.80954
5.86 1.81541
5.87 1.82129
5.88 1.82718
5.89 1.83308
5.9 1.839
5.91 1.84492
5.92 1.85087
5.93 1.85682
5.94 1.86279
5.95 1.86878
5.96 1.87478
5.97 1.8808
5.98 1.88683
5.99 1.89288
6 1.89895
6.01 1.90504
6.02 1.91114
6.03 1.91726
6.04 1.92341
6.05 1.92957
6.06 1.93576
6.07 1.94197
6.08 1.94819
6.09 1.95445
6.1 1.96072
6.11 1.96703
6.12 1.97335
6.13 1.97971
6.14 1.98609
6.15 1.99249
6.16 1.99893
6.17 2.00539
6.18 2.01189
6.19 2.01841
6.2 2.02497
6.21 2.03156
6.22 2.03819
6.23 2.04484
6.24 2.05154
6.25 2.05827
6.26 2.06504
6.27 2.07184
6.28 2.07869
6.29 2.08557
6.3 2.0925
6.31 2.09947
6.32 2.10648
6.33 2.11354
6.34 2.12064
6.35 2.12779
6.36 2.13499
6.37 2.14223
6.38 2.14953
6.39 2.15687
6.4 2.16427
6.41 2.17172
6.42 2.17923
6.43 2.18679
6.44 2.1944
6.45 2.20208
6.46 2.20981
6.47 2.21761
6.48 2.22546
6.49 2.23338
6.5 2.24136
6.51 2.24941
6.52 2.25752
6.53 2.2657
6.54 2.27395
6.55 2.28226
6.56 2.29065
6.57 2.29911
6.58 2.30764
6.59 2.31625
6.6 2.32493
6.61 2.33368
6.62 2.34252
6.63 2.35143
6.64 2.36042
6.65 2.36949
6.66 2.37865
6.67 2.38788
6.68 2.3972
6.69 2.40661
6.7 2.4161
6.71 2.42567
6.72 2.43533
6.73 2.44509
6.74 2.45492
6.75 2.46485
6.76 2.47487
6.77 2.48498
6.78 2.49519
6.79 2.50548
6.8 2.51587
6.81 2.52635
6.82 2.53693
6.83 2.5476
6.84 2.55836
6.85 2.56922
6.86 2.58018
6.87 2.59123
6.88 2.60238
6.89 2.61362
6.9 2.62496
6.91 2.6364
6.92 2.64793
6.93 2.65956
6.94 2.67128
6.95 2.6831
6.96 2.69502
6.97 2.70703
6.98 2.71913
6.99 2.73133
7 2.74362
7.01 2.75601
7.02 2.76849
7.03 2.78105
7.04 2.79371
7.05 2.80646
7.06 2.81929
7.07 2.83222
7.08 2.84523
7.09 2.85832
7.1 2.8715
7.11 2.88476
7.12 2.8981
7.13 2.91152
7.14 2.92501
7.15 2.93858
7.16 2.95223
7.17 2.96595
7.18 2.97973
7.19 2.99359
7.2 3.00751
7.21 3.02149
7.22 3.03554
7.23 3.04965
7.24 3.06381
7.25 3.07803
7.26 3.0923
7.27 3.10662
7.28 3.12098
7.29 3.13539
7.3 3.14984
7.31 3.16434
7.32 3.17886
7.33 3.19342
7.34 3.20801
7.35 3.22263
7.36 3.23727
7.37 3.25193
7.38 3.26661
7.39 3.28131
7.4 3.29601
7.41 3.31073
7.42 3.32544
7.43 3.34016
7.44 3.35488
7.45 3.36959
7.46 3.38429
7.47 3.39898
7.48 3.41365
7.49 3.42831
7.5 3.44293
7.51 3.45753
7.52 3.4721
7.53 3.48663
7.54 3.50113
7.55 3.51558
7.56 3.52998
7.57 3.54433
7.58 3.55862
7.59 3.57286
7.6 3.58703
7.61 3.60114
7.62 3.61517
7.63 3.62913
7.64 3.64301
7.65 3.6568
7.66 3.6705
7.67 3.68412
7.68 3.69764
7.69 3.71105
7.7 3.72437
7.71 3.73757
7.72 3.75067
7.73 3.76364
7.74 3.7765
7.75 3.78924
7.76 3.80184
7.77 3.81432
7.78 3.82667
7.79 3.83887
7.8 3.85094
7.81 3.86287
7.82 3.87464
7.83 3.88627
7.84 3.89775
7.85 3.90907
7.86 3.92023
7.87 3.93123
7.88 3.94208
7.89 3.95275
7.9 3.96327
7.91 3.97361
7.92 3.98379
7.93 3.99379
7.94 4.00362
7.95 4.01328
7.96 4.02276
7.97 4.03207
7.98 4.04121
7.99 4.05016
8 4.05894
8.01 4.06754
8.02 4.07597
8.03 4.08421
8.04 4.09228
8.05 4.10017
8.06 4.10789
8.07 4.11542
8.08 4.12278
8.09 4.12997
8.1 4.13698
8.11 4.14382
8.12 4.15049
8.13 4.15698
8.14 4.1633
8.15 4.16946
8.16 4.17544
8.17 4.18126
8.18 4.18692
8.19 4.19241
8.2 4.19774
8.21 4.20291
8.22 4.20792
8.23 4.21277
8.24 4.21747
8.25 4.22202
8.26 4.22641
8.27 4.23065
8.28 4.23475
8.29 4.2387
8.3 4.2425
8.31 4.24617
8.32 4.24969
8.33 4.25308
8.34 4.25632
8.35 4.25944
8.36 4.26242
8.37 4.26527
8.38 4.26799
8.39 4.27059
8.4 4.27306
8.41 4.27541
8.42 4.27764
8.43 4.27974
8.44 4.28173
8.45 4.28361
8.46 4.28537
8.47 4.28702
8.48 4.28857
8.49 4.29
8.5 4.29133
8.51 4.29255
8.52 4.29367
8.53 4.29469
8.54 4.29561
8.55 4.29643
8.56 4.29716
8.57 4.29779
8.58 4.29833
8.59 4.29878
8.6 4.29914
8.61 4.29941
8.62 4.29959
8.63 4.29969
8.64 4.29971
8.65 4.29964
8.66 4.2995
8.67 4.29927
8.68 4.29897
8.69 4.29858
8.7 4.29813
8.71 4.2976
8.72 4.297
8.73 4.29632
8.74 4.29558
8.75 4.29476
8.76 4.29388
8.77 4.29293
8.78 4.29192
8.79 4.29084
8.8 4.2897
8.81 4.28849
8.82 4.28722
8.83 4.2859
8.84 4.28451
8.85 4.28307
8.86 4.28157
8.87 4.28001
8.88 4.2784
8.89 4.27673
8.9 4.27501
8.91 4.27323
8.92 4.27141
8.93 4.26953
8.94 4.2676
8.95 4.26562
8.96 4.2636
8.97 4.26152
8.98 4.2594
8.99 4.25724
9 4.25502
9.01 4.25276
9.02 4.25046
9.03 4.24812
9.04 4.24573
9.05 4.2433
9.06 4.24082
9.07 4.23831
9.08 4.23575
9.09 4.23316
9.1 4.23053
9.11 4.22785
9.12 4.22514
9.13 4.22239
9.14 4.21961
9.15 4.21679
9.16 4.21393
9.17 4.21104
9.18 4.20811
9.19 4.20514
9.2 4.20215
9.21 4.19912
9.22 4.19605
9.23 4.19296
9.24 4.18983
9.25 4.18667
9.26 4.18347
9.27 4.18025
9.28 4.177
9.29 4.17371
9.3 4.1704
9.31 4.16706
9.32 4.16368
9.33 4.16028
9.34 4.15685
9.35 4.1534
9.36 4.14991
9.37 4.1464
9.38 4.14286
9.39 4.13929
9.4 4.1357
9.41 4.13208
9.42 4.12843
9.43 4.12476
9.44 4.12107
9.45 4.11735
9.46 4.1136
9.47 4.10983
9.48 4.10604
9.49 4.10222
9.5 4.09838
9.51 4.09451
9.52 4.09062
9.53 4.08671
9.54 4.08278
9.55 4.07882
9.56 4.07485
9.57 4.07085
9.58 4.06683
9.59 4.06278
9.6 4.05872
9.61 4.05463
9.62 4.05053
9.63 4.0464
9.64 4.04226
9.65 4.03809
9.66 4.0339
9.67 4.0297
9.68 4.02547
9.69 4.02123
9.7 4.01696
9.71 4.01268
9.72 4.00838
9.73 4.00406
9.74 3.99972
9.75 3.99536
9.76 3.99099
9.77 3.9866
9.78 3.98219
9.79 3.97776
9.8 3.97332
9.81 3.96886
9.82 3.96439
9.83 3.95989
9.84 3.95538
9.85 3.95086
9.86 3.94632
9.87 3.94176
9.88 3.93719
9.89 3.93261
9.9 3.92801
9.91 3.92339
9.92 3.91876
9.93 3.91411
9.94 3.90946
9.95 3.90478
9.96 3.9001
9.97 3.8954
9.98 3.89069
9.99 3.88596
10 3.88122
10.001 0
