0 5
0.01 4.34475
0.02 4.34548
0.03 4.34622
0.04 4.34696
0.05 4.3477
0.06 4.34845
0.07 4.3492
0.08 4.34996
0.09 4.35072
0.1 4.35149
0.11 4.35226
0.12 4.35304
0.13 4.35382
0.14 4.3546
0.15 4.35539
0.16 4.35619
0.17 4.35699
0.18 4.35779
0.19 4.3586
0.2 4.35942
0.21 4.36024
0.22 4.36107
0.23 4.3619
0.24 4.36274
0.25 4.36358
0.26 4.36443
0.27 4.36528
0.28 4.36615
0.29 4.36701
0.3 4.36788
0.31 4.36876
0.32 4.36965
0.33 4.37054
0.34 4.37144
0.35 4.37235
0.36 4.37326
0.37 4.37418
0.38 4.3751
0.39 4.37603
0.4 4.37697
0.41 4.37792
0.42 4.37888
0.43 4.37984
0.44 4.38081
0.45 4.38179
0.46 4.38277
0.47 4.38376
0.48 4.38477
0.49 4.38578
0.5 4.38679
0.51 4.38782
0.52 4.38886
0.53 4.3899
0.54 4.39095
0.55 4.39202
0.56 4.39309
0.57 4.39417
0.58 4.39526
0.59 4.39636
0.6 4.39746
0.61 4.39858
0.62 4.39971
0.63 4.40085
0.64 4.402
0.65 4.40316
0.66 4.40433
0.67 4.40551
0.68 4.4067
0.69 4.4079
0.7 4.40911
0.71 4.41033
0.72 4.41157
0.73 4.41281
0.74 4.41407
0.75 4.41534
0.76 4.41662
0.77 4.41791
0.78 4.41922
0.79 4.42054
0.8 4.42187
0.81 4.42321
0.82 4.42456
0.83 4.42593
0.84 4.42731
0.85 4.4287
0.86 4.43011
0.87 4.43153
0.88 4.43296
0.89 4.43441
0.9 4.43587
0.91 4.43734
0.92 4.43883
0.93 4.44033
0.94 4.44184
0.95 4.44337
0.96 4.44492
0.97 4.44648
0.98 4.44805
0.99 4.44964
1 4.45124
1.01 4.45286
1.02 4.45449
1.03 4.45614
1.04 4.4578
1.05 4.45948
1.06 4.46118
1.07 4.46289
1.08 4.46462
1.09 4.46636
1.1 4.46812
1.11 4.4699
1.12 4.47169
1.13 4.4735
1.14 4.47532
1.15 4.47716
1.16 4.47902
1.17 4.4809
1.18 4.48279
1.19 4.4847
1.2 4.48663
1.21 4.48858
1.22 4.49054
1.23 4.49252
1.24 4.49452
1.25 4.49654
1.26 4.49858
1.27 4.50063
1.28 4.50271
1.29 4.5048
1.3 4.50691
1.31 4.50904
1.32 4.51119
1.33 4.51336
1.34 4.51555
1.35 4.51776
1.36 4.51999
1.37 4.52224
1.38 4.52451
1.39 4.5268
1.4 4.52911
1.41 4.53144
1.42 4.53379
1.43 4.53617
1.44 4.53856
1.45 4.54098
1.46 4.54342
1.47 4.54588
1.48 4.54836
1.49 4.55087
1.5 4.5534
1.51 4.55595
1.52 4.55853
1.53 4.56113
1.54 4.56375
1.55 4.5664
1.56 4.56907
1.57 4.57177
1.58 4.57449
1.59 4.57724
1.6 4.58001
1.61 4.58281
1.62 4.58563
1.63 4.58848
1.64 4.59136
1.65 4.59427
1.66 4.5972
1.67 4.60016
1.68 4.60315
1.69 4.60616
1.7 4.60921
1.71 4.61228
1.72 4.61539
1.73 4.61852
1.74 4.62168
1.75 4.62488
1.76 4.6281
1.77 4.63136
1.78 4.63464
1.79 4.63796
1.8 4.64131
1.81 4.6447
1.82 4.64811
1.83 4.65156
1.84 4.65505
1.85 4.65857
1.86 4.66212
1.87 4.66571
1.88 4.66933
1.89 4.67299
1.9 4.67668
1.91 4.68041
1.92 4.68418
1.93 4.68799
1.94 4.69183
1.95 4.69571
1.96 4.69962
1.97 4.70358
1.98 4.70758
1.99 4.71161
2 4.71568
2.01 4.7198
2.02 4.72395
2.03 4.72814
2.04 4.73238
2.05 4.73665
2.06 4.74097
2.07 4.74532
2.08 4.74972
2.09 4.75416
2.1 4.75864
2.11 4.76317
2.12 4.76773
2.13 4.77234
2.14 4.77699
2.15 4.78168
2.16 4.78642
2.17 4.7912
2.18 4.79602
2.19 4.80088
2.2 4.80578
2.21 4.81073
2.22 4.81572
2.23 4.82075
2.24 4.82583
2.25 4.83094
2.26 4.8361
2.27 4.8413
2.28 4.84654
2.29 4.85182
2.3 4.85715
2.31 4.86251
2.32 4.86791
2.33 4.87335
2.34 4.87883
2.35 4.88435
2.36 4.88991
2.37 4.89551
2.38 4.90114
2.39 4.90681
2.4 4.91251
2.41 4.91825
2.42 4.92402
2.43 4.92983
2.44 4.93566
2.45 4.94153
2.46 4.94743
2.47 4.95337
2.48 4.95933
2.49 4.96531
2.5 4.97133
2.51 4.97737
2.52 4.98344
2.53 4.98953
2.54 4.99564
2.55 5.00178
2.56 5.00793
2.57 5.01411
2.58 5.0203
2.59 5.02651
2.6 5.03274
2.61 5.03898
2.62 5.04524
2.63 5.0515
2.64 5.05778
2.65 5.06407
2.66 5.07036
2.67 5.07667
2.68 5.08297
2.69 5.08928
2.7 5.0956
2.71 5.10192
2.72 5.10823
2.73 5.11455
2.74 5.12086
2.75 5.12717
2.76 5.13347
2.77 5.13977
2.78 5.14606
2.79 5.15234
2.8 5.15861
2.81 5.16487
2.82 5.17111
2.83 5.17734
2.84 5.18356
2.85 5.18976
2.86 5.19594
2.87 5.20211
2.88 5.20825
2.89 5.21437
2.9 5.22047
2.91 5.22655
2.92 5.23261
2.93 5.23864
2.94 5.24464
2.95 5.25062
2.96 5.25657
2.97 5.26249
2.98 5.26838
2.99 5.27424
3 5.28007
3.01 5.28587
3.02 5.29164
3.03 5.29737
3.04 5.30307
3.05 5.30874
3.06 5.31437
3.07 5.31996
3.08 5.32552
3.09 5.33105
3.1 5.33654
3.11 5.34199
3.12 5.3474
3.13 5.35278
3.14 5.35811
3.15 5.36341
3.16 5.36867
3.17 5.3739
3.18 5.37908
3.19 5.38422
3.2 5.38933
3.21 5.3944
3.22 5.39942
3.23 5.40441
3.24 5.40936
3.25 5.41427
3.26 5.41913
3.27 5.42396
3.28 5.42875
3.29 5.4335
3.3 5.43821
3.31 5.44288
3.32 5.44752
3.33 5.45211
3.34 5.45666
3.35 5.46118
3.36 5.46566
3.37 5.4701
3.38 5.4745
3.39 5.47886
3.4 5.48319
3.41 5.48747
3.42 5.49172
3.43 5.49594
3.44 5.50011
3.45 5.50425
3.46 5.50836
3.47 5.51243
3.48 5.51646
3.49 5.52046
3.5 5.52442
3.51 5.52835
3.52 5.53224
3.53 5.5361
3.54 5.53993
3.55 5.54372
3.56 5.54748
3.57 5.5512
3.58 5.5549
3.59 5.55856
3.6 5.56219
3.61 5.56579
3.62 5.56936
3.63 5.5729
3.64 5.5764
3.65 5.57988
3.66 5.58333
3.67 5.58675
3.68 5.59014
3.69 5.5935
3.7 5.59683
3.71 5.60013
3.72 5.60341
3.73 5.60666
3.74 5.60988
3.75 5.61308
3.76 5.61624
3.77 5.61939
3.78 5.62251
3.79 5.6256
3.8 5.62866
3.81 5.63171
3.82 5.63473
3.83 5.63772
3.84 5.64069
3.85 5.64364
3.86 5.64656
3.87 5.64946
3.88 5.65234
3.89 5.65519
3.9 5.65803
3.91 5.66084
3.92 5.66363
3.93 5.6664
3.94 5.66915
3.95 5.67188
3.96 5.67459
3.97 5.67727
3.98 5.67994
3.99 5.68259
4 5.68522
4.01 5.68783
4.02 5.69042
4.03 5.693
4.04 5.69555
4.05 5.69809
4.06 5.70061
4.07 5.70311
4.08 5.70559
4.09 5.70806
4.1 5.71051
4.11 5.71294
4.12 5.71536
4.13 5.71776
4.14 5.72015
4.15 5.72252
4.16 5.72487
4.17 5.72721
4.18 5.72954
4.19 5.73184
4.2 5.73414
4.21 5.73642
4.22 5.73868
4.23 5.74093
4.24 5.74317
4.25 5.7454
4.26 5.74761
4.27 5.7498
4.28 5.75199
4.29 5.75416
4.3 5.75631
4.31 5.75846
4.32 5.76059
4.33 5.76271
4.34 5.76482
4.35 5.76692
4.36 5.769
4.37 5.77107
4.38 5.77313
4.39 5.77518
4.4 5.77722
4.41 5.77925
4.42 5.78126
4.43 5.78327
4.44 5.78526
4.45 5.78725
4.46 5.78922
4.47 5.79119
4.48 5.79314
4.49 5.79508
4.5 5.79702
4.51 5.79894
4.52 5.80085
4.53 5.80276
4.54 5.80465
4.55 5.80654
4.56 5.80842
4.57 5.81029
4.58 5.81214
4.59 5.814
4.6 5.81584
4.61 5.81767
4.62 5.8195
4.63 5.82131
4.64 5.82312
4.65 5.82492
4.66 5.82671
4.67 5.8285
4.68 5.83027
4.69 5.83204
4.7 5.8338
4.71 5.83556
4.72 5.8373
4.73 5.83904
4.74 5.84078
4.75 5.8425
4.76 5.84422
4.77 5.84593
4.78 5.84763
4.79 5.84933
4.8 5.85102
4.81 5.85271
4.82 5.85438
4.83 5.85605
4.84 5.85772
4.85 5.85938
4.86 5.86103
4.87 5.86268
4.88 5.86432
4.89 5.86595
4.9 5.86758
4.91 5.86921
4.92 5.87082
4.93 5.87243
4.94 5.87404
4.95 5.87564
4.96 5.87724
4.97 5.87883
4.98 5.88041
4.99 5.88199
5 5.88357
5.01 5.88514
5.02 5.88671
5.03 5.88827
5.04 5.88982
5.05 5.89137
5.06 5.89292
5.07 5.89446
5.08 5.896
5.09 5.89753
5.1 5.89906
5.11 5.90059
5.12 5.90211
5.13 5.90362
5.14 5.90514
5.15 5.90665
5.16 5.90815
5.17 5.90965
5.18 5.91115
5.19 5.91264
5.2 5.91413
5.21 5.91562
5.22 5.9171
5.23 5.91858
5.24 5.92006
5.25 5.92153
5.26 5.923
5.27 5.92447
5.28 5.92594
5.29 5.9274
5.3 5.92886
5.31 5.93031
5.32 5.93177
5.33 5.93322
5.34 5.93467
5.35 5.93611
5.36 5.93756
5.37 5.939
5.38 5.94044
5.39 5.94188
5.4 5.94331
5.41 5.94475
5.42 5.94618
5.43 5.94761
5.44 5.94904
5.45 5.95046
5.46 5.95189
5.47 5.95331
5.48 5.95474
5.49 5.95616
5.5 5.95758
5.51 5.959
5.52 5.96042
5.53 5.96184
5.54 5.96325
5.55 5.96467
5.56 5.96609
5.57 5.96751
5.58 5.96892
5.59 5.97034
5.6 5.97175
5.61 5.97317
5.62 5.97459
5.63 5.976
5.64 5.97742
5.65 5.97884
5.66 5.98026
5.67 5.98168
5.68 5.9831
5.69 5.98452
5.7 5.98594
5.71 5.98737
5.72 5.98879
5.73 5.99022
5.74 5.99165
5.75 5.99308
5.76 5.99451
5.77 5.99595
5.78 5.99739
5.79 5.99883
5.8 6.00027
5.81 6.00171
5.82 6.00316
5.83 6.00461
5.84 6.00607
5.85 6.00753
5.86 6.00899
5.87 6.01045
5.88 6.01192
5.89 6.0134
5.9 6.01488
5.91 6.01636
5.92 6.01784
5.93 6.01934
5.94 6.02083
5.95 6.02233
5.96 6.02384
5.97 6.02535
5.98 6.02687
5.99 6.02839
6 6.02992
6.01 6.03146
6.02 6.033
6.03 6.03455
6.04 6.0361
6.05 6.03767
6.06 6.03924
6.07 6.04081
6.08 6.0424
6.09 6.04399
6.1 6.04559
6.11 6.0472
6.12 6.04881
6.13 6.05044
6.14 6.05207
6.15 6.05372
6.16 6.05537
6.17 6.05703
6.18 6.0587
6.19 6.06038
6.2 6.06207
6.21 6.06377
6.22 6.06548
6.23 6.0672
6.24 6.06893
6.25 6.07068
6.26 6.07243
6.27 6.0742
6.28 6.07597
6.29 6.07776
6.3 6.07956
6.31 6.08137
6.32 6.08319
6.33 6.08503
6.34 6.08688
6.35 6.08874
6.36 6.09061
6.37 6.0925
6.38 6.0944
6.39 6.09631
6.4 6.09823
6.41 6.10017
6.42 6.10212
6.43 6.10409
6.44 6.10607
6.45 6.10806
6.46 6.11007
6.47 6.11208
6.48 6.11412
6.49 6.11616
6.5 6.11822
6.51 6.1203
6.52 6.12238
6.53 6.12448
6.54 6.1266
6.55 6.12872
6.56 6.13086
6.57 6.13302
6.58 6.13518
6.59 6.13736
6.6 6.13955
6.61 6.14176
6.62 6.14397
6.63 6.1462
6.64 6.14843
6.65 6.15068
6.66 6.15294
6.67 6.15521
6.68 6.15749
6.69 6.15978
6.7 6.16207
6.71 6.16438
6.72 6.16669
6.73 6.16901
6.74 6.17133
6.75 6.17366
6.76 6.17599
6.77 6.17833
6.78 6.18067
6.79 6.18301
6.8 6.18536
6.81 6.1877
6.82 6.19004
6.83 6.19238
6.84 6.19472
6.85 6.19705
6.86 6.19937
6.87 6.20169
6.88 6.20399
6.89 6.20629
6.9 6.20857
6.91 6.21084
6.92 6.2131
6.93 6.21533
6.94 6.21755
6.95 6.21974
6.96 6.22192
6.97 6.22406
6.98 6.22618
6.99 6.22827
7 6.23033
7.01 6.23236
7.02 6.23434
7.03 6.23629
7.04 6.2382
7.05 6.24006
7.06 6.24187
7.07 6.24363
7.08 6.24535
7.09 6.247
7.1 6.2486
7.11 6.25013
7.12 6.2516
7.13 6.253
7.14 6.25433
7.15 6.25559
7.16 6.25677
7.17 6.25787
7.18 6.25888
7.19 6.25981
7.2 6.26064
7.21 6.26138
7.22 6.26202
7.23 6.26256
7.24 6.263
7.25 6.26332
7.26 6.26354
7.27 6.26364
7.28 6.26362
7.29 6.26348
7.3 6.26321
7.31 6.26281
7.32 6.26228
7.33 6.26162
7.34 6.26082
7.35 6.25988
7.36 6.25879
7.37 6.25755
7.38 6.25617
7.39 6.25463
7.4 6.25294
7.41 6.25109
7.42 6.24908
7.43 6.24691
7.44 6.24458
7.45 6.24208
7.46 6.23941
7.47 6.23658
7.48 6.23358
7.49 6.2304
7.5 6.22706
7.51 6.22354
7.52 6.21985
7.53 6.21599
7.54 6.21196
7.55 6.20776
7.56 6.20338
7.57 6.19884
7.58 6.19412
7.59 6.18924
7.6 6.18419
7.61 6.17898
7.62 6.1736
7.63 6.16806
7.64 6.16236
7.65 6.15651
7.66 6.1505
7.67 6.14434
7.68 6.13804
7.69 6.13159
7.7 6.125
7.71 6.11828
7.72 6.11142
7.73 6.10443
7.74 6.09732
7.75 6.09008
7.76 6.08273
7.77 6.07527
7.78 6.0677
7.79 6.06003
7.8 6.05225
7.81 6.04439
7.82 6.03643
7.83 6.02839
7.84 6.02027
7.85 6.01208
7.86 6.00381
7.87 5.99548
7.88 5.98709
7.89 5.97864
7.9 5.97013
7.91 5.96159
7.92 5.95299
7.93 5.94436
7.94 5.9357
7.95 5.927
7.96 5.91828
7.97 5.90954
7.98 5.90077
7.99 5.892
8 5.88321
8.01 5.87442
8.02 5.86562
8.03 5.85682
8.04 5.84803
8.05 5.83924
8.06 5.83046
8.07 5.8217
8.08 5.81295
8.09 5.80422
8.1 5.79551
8.11 5.78682
8.12 5.77816
8.13 5.76952
8.14 5.76092
8.15 5.75235
8.16 5.74381
8.17 5.73532
8.18 5.72685
8.19 5.71843
8.2 5.71005
8.21 5.70172
8.22 5.69343
8.23 5.68518
8.24 5.67698
8.25 5.66884
8.26 5.66074
8.27 5.65269
8.28 5.64469
8.29 5.63675
8.3 5.62886
8.31 5.62103
8.32 5.61325
8.33 5.60553
8.34 5.59786
8.35 5.59025
8.36 5.5827
8.37 5.57521
8.38 5.56778
8.39 5.56041
8.4 5.55309
8.41 5.54584
8.42 5.53865
8.43 5.53151
8.44 5.52444
8.45 5.51743
8.46 5.51048
8.47 5.50359
8.48 5.49676
8.49 5.48999
8.5 5.48328
8.51 5.47663
8.52 5.47004
8.53 5.46351
8.54 5.45705
8.55 5.45064
8.56 5.44429
8.57 5.438
8.58 5.43178
8.59 5.42561
8.6 5.41949
8.61 5.41344
8.62 5.40745
8.63 5.40151
8.64 5.39563
8.65 5.3898
8.66 5.38404
8.67 5.37833
8.68 5.37267
8.69 5.36707
8.7 5.36152
8.71 5.35603
8.72 5.35059
8.73 5.34521
8.74 5.33988
8.75 5.3346
8.76 5.32937
8.77 5.32419
8.78 5.31907
8.79 5.31399
8.8 5.30897
8.81 5.30399
8.82 5.29906
8.83 5.29418
8.84 5.28935
8.85 5.28457
8.86 5.27983
8.87 5.27514
8.88 5.27049
8.89 5.26589
8.9 5.26134
8.91 5.25682
8.92 5.25236
8.93 5.24793
8.94 5.24355
8.95 5.23921
8.96 5.23491
8.97 5.23065
8.98 5.22643
8.99 5.22225
9 5.21811
9.01 5.21401
9.02 5.20995
9.03 5.20593
9.04 5.20194
9.05 5.19799
9.06 5.19408
9.07 5.1902
9.08 5.18636
9.09 5.18255
9.1 5.17878
9.11 5.17504
9.12 5.17134
9.13 5.16767
9.14 5.16403
9.15 5.16042
9.16 5.15685
9.17 5.15331
9.18 5.14979
9.19 5.14631
9.2 5.14286
9.21 5.13944
9.22 5.13605
9.23 5.13269
9.24 5.12935
9.25 5.12605
9.26 5.12277
9.27 5.11952
9.28 5.1163
9.29 5.1131
9.3 5.10993
9.31 5.10678
9.32 5.10366
9.33 5.10057
9.34 5.0975
9.35 5.09445
9.36 5.09143
9.37 5.08843
9.38 5.08546
9.39 5.08251
9.4 5.07958
9.41 5.07668
9.42 5.07379
9.43 5.07093
9.44 5.06809
9.45 5.06527
9.46 5.06247
9.47 5.0597
9.48 5.05694
9.49 5.0542
9.5 5.05149
9.51 5.04879
9.52 5.04611
9.53 5.04345
9.54 5.04081
9.55 5.03819
9.56 5.03558
9.57 5.03299
9.58 5.03042
9.59 5.02787
9.6 5.02534
9.61 5.02282
9.62 5.02032
9.63 5.01783
9.64 5.01537
9.65 5.01291
9.66 5.01048
9.67 5.00805
9.68 5.00565
9.69 5.00326
9.7 5.00088
9.71 4.99852
9.72 4.99617
9.73 4.99384
9.74 4.99152
9.75 4.98922
9.76 4.98693
9.77 4.98465
9.78 4.98238
9.79 4.98013
9.8 4.97789
9.81 4.97567
9.82 4.97346
9.83 4.97126
9.84 4.96907
9.85 4.96689
9.86 4.96473
9.87 4.96258
9.88 4.96044
9.89 4.95831
9.9 4.95619
9.91 4.95409
9.92 4.95199
9.93 4.94991
9.94 4.94784
9.95 4.94577
9.96 4.94372
9.97 4.94168
9.98 4.93965
9.99 4.93763
10 4.93562
10.001 5
