0 -10
0.01 -8.68355
0.02 -8.67931
0.03 -8.67506
0.04 -8.6708
0.05 -8.66651
0.06 -8.66221
0.07 -8.65789
0.08 -8.65356
0.09 -8.64921
0.1 -8.64484
0.11 -8.64046
0.12 -8.63605
0.13 -8.63164
0.14 -8.6272
0.15 -8.62275
0.16 -8.61828
0.17 -8.61379
0.18 -8.60929
0.19 -8.60477
0.2 -8.60024
0.21 -8.59568
0.22 -8.59111
0.23 -8.58653
0.24 -8.58192
0.25 -8.57731
0.26 -8.57267
0.27 -8.56802
0.28 -8.56335
0.29 -8.55866
0.3 -8.55396
0.31 -8.54924
0.32 -8.5445
0.33 -8.53975
0.34 -8.53498
0.35 -8.5302
0.36 -8.52539
0.37 -8.52058
0.38 -8.51574
0.39 -8.51089
0.4 -8.50602
0.41 -8.50114
0.42 -8.49623
0.43 -8.49132
0.44 -8.48638
0.45 -8.48143
0.46 -8.47647
0.47 -8.47148
0.48 -8.46648
0.49 -8.46147
0.5 -8.45643
0.51 -8.45138
0.52 -8.44632
0.53 -8.44124
0.54 -8.43614
0.55 -8.43103
0.56 -8.42589
0.57 -8.42075
0.58 -8.41558
0.59 -8.4104
0.6 -8.40521
0.61 -8.39999
0.62 -8.39476
0.63 -8.38952
0.64 -8.38426
0.65 -8.37898
0.66 -8.37368
0.67 -8.36837
0.68 -8.36304
0.69 -8.3577
0.7 -8.35233
0.71 -8.34695
0.72 -8.34156
0.73 -8.33615
0.74 -8.33072
0.75 -8.32527
0.76 -8.31981
0.77 -8.31433
0.78 -8.30883
0.79 -8.30332
0.8 -8.29779
0.81 -8.29224
0.82 -8.28667
0.83 -8.28109
0.84 -8.27549
0.85 -8.26987
0.86 -8.26424
0.87 -8.25858
0.88 -8.25291
0.89 -8.24722
0.9 -8.24151
0.91 -8.23579
0.92 -8.23004
0.93 -8.22428
0.94 -8.2185
0.95 -8.2127
0.96 -8.20688
0.97 -8.20104
0.98 -8.19518
0.99 -8.1893
1 -8.1834
1.01 -8.17748
1.02 -8.17155
1.03 -8.16559
1.04 -8.15961
1.05 -8.15361
1.06 -8.14759
1.07 -8.14154
1.08 -8.13548
1.09 -8.12939
1.1 -8.12328
1.11 -8.11715
1.12 -8.111
1.13 -8.10482
1.14 -8.09862
1.15 -8.0924
1.16 -8.08615
1.17 -8.07988
1.18 -8.07358
1.19 -8.06726
1.2 -8.06091
1.21 -8.05453
1.22 -8.04813
1.23 -8.04171
1.24 -8.03525
1.25 -8.02877
1.26 -8.02226
1.27 -8.01572
1.28 -8.00915
1.29 -8.00255
1.3 -7.99593
1.31 -7.98927
1.32 -7.98258
1.33 -7.97586
1.34 -7.9691
1.35 -7.96232
1.36 -7.9555
1.37 -7.94865
1.38 -7.94176
1.39 -7.93484
1.4 -7.92788
1.41 -7.92088
1.42 -7.91385
1.43 -7.90678
1.44 -7.89967
1.45 -7.89252
1.46 -7.88534
1.47 -7.87811
1.48 -7.87084
1.49 -7.86353
1.5 -7.85618
1.51 -7.84878
1.52 -7.84134
1.53 -7.83385
1.54 -7.82632
1.55 -7.81875
1.56 -7.81112
1.57 -7.80345
1.58 -7.79573
1.59 -7.78795
1.6 -7.78013
1.61 -7.77226
1.62 -7.76433
1.63 -7.75636
1.64 -7.74832
1.65 -7.74024
1.66 -7.7321
1.67 -7.7239
1.68 -7.71564
1.69 -7.70733
1.7 -7.69896
1.71 -7.69053
1.72 -7.68204
1.73 -7.67348
1.74 -7.66487
1.75 -7.65619
1.76 -7.64745
1.77 -7.63864
1.78 -7.62977
1.79 -7.62084
1.8 -7.61183
1.81 -7.60276
1.82 -7.59362
1.83 -7.58441
1.84 -7.57513
1.85 -7.56579
1.86 -7.55637
1.87 -7.54687
1.88 -7.53731
1.89 -7.52767
1.9 -7.51797
1.91 -7.50818
1.92 -7.49832
1.93 -7.48839
1.94 -7.47838
1.95 -7.4683
1.96 -7.45814
1.97 -7.4479
1.98 -7.43759
1.99 -7.4272
2 -7.41673
2.01 -7.40619
2.02 -7.39556
2.03 -7.38486
2.04 -7.37408
2.05 -7.36323
2.06 -7.3523
2.07 -7.34129
2.08 -7.3302
2.09 -7.31903
2.1 -7.30779
2.11 -7.29648
2.12 -7.28508
2.13 -7.27361
2.14 -7.26207
2.15 -7.25045
2.16 -7.23876
2.17 -7.227
2.18 -7.21516
2.19 -7.20325
2.2 -7.19128
2.21 -7.17923
2.22 -7.16712
2.23 -7.15494
2.24 -7.14269
2.25 -7.13038
2.26 -7.11801
2.27 -7.10557
2.28 -7.09308
2.29 -7.08052
2.3 -7.06792
2.31 -7.05525
2.32 -7.04254
2.33 -7.02977
2.34 -7.01695
2.35 -7.00409
2.36 -6.99118
2.37 -6.97823
2.38 -6.96524
2.39 -6.95221
2.4 -6.93915
2.41 -6.92605
2.42 -6.91293
2.43 -6.89977
2.44 -6.88659
2.45 -6.87339
2.46 -6.86016
2.47 -6.84692
2.48 -6.83367
2.49 -6.8204
2.5 -6.80713
2.51 -6.79385
2.52 -6.78057
2.53 -6.76729
2.54 -6.75401
2.55 -6.74074
2.56 -6.72748
2.57 -6.71423
2.58 -6.701
2.59 -6.68779
2.6 -6.6746
2.61 -6.66143
2.62 -6.6483
2.63 -6.63519
2.64 -6.62212
2.65 -6.60909
2.66 -6.5961
2.67 -6.58315
2.68 -6.57025
2.69 -6.55741
2.7 -6.54461
2.71 -6.53187
2.72 -6.51919
2.73 -6.50657
2.74 -6.49401
2.75 -6.48153
2.76 -6.46911
2.77 -6.45676
2.78 -6.44449
2.79 -6.4323
2.8 -6.42019
2.81 -6.40816
2.82 -6.39621
2.83 -6.38436
2.84 -6.37259
2.85 -6.36091
2.86 -6.34932
2.87 -6.33783
2.88 -6.32644
2.89 -6.31515
2.9 -6.30396
2.91 -6.29286
2.92 -6.28188
2.93 -6.27099
2.94 -6.26022
2.95 -6.24955
2.96 -6.23899
2.97 -6.22853
2.98 -6.21819
2.99 -6.20796
3 -6.19785
3.01 -6.18784
3.02 -6.17795
3.03 -6.16818
3.04 -6.15852
3.05 -6.14897
3.06 -6.13954
3.07 -6.13023
3.08 -6.12103
3.09 -6.11194
3.1 -6.10298
3.11 -6.09413
3.12 -6.0854
3.13 -6.07678
3.14 -6.06828
3.15 -6.05989
3.16 -6.05162
3.17 -6.04346
3.18 -6.03542
3.19 -6.02749
3.2 -6.01967
3.21 -6.01197
3.22 -6.00438
3.23 -5.9969
3.24 -5.98953
3.25 -5.98227
3.26 -5.97512
3.27 -5.96808
3.28 -5.96114
3.29 -5.95431
3.3 -5.94759
3.31 -5.94097
3.32 -5.93446
3.33 -5.92805
3.34 -5.92174
3.35 -5.91553
3.36 -5.90941
3.37 -5.9034
3.38 -5.89749
3.39 -5.89167
3.4 -5.88594
3.41 -5.88031
3.42 -5.87477
3.43 -5.86932
3.44 -5.86397
3.45 -5.8587
3.46 -5.85352
3.47 -5.84843
3.48 -5.84342
3.49 -5.8385
3.5 -5.83366
3.51 -5.8289
3.52 -5.82422
3.53 -5.81963
3.54 -5.81511
3.55 -5.81067
3.56 -5.8063
3.57 -5.80201
3.58 -5.79779
3.59 -5.79365
3.6 -5.78958
3.61 -5.78558
3.62 -5.78164
3.63 -5.77778
3.64 -5.77398
3.65 -5.77025
3.66 -5.76658
3.67 -5.76298
3.68 -5.75944
3.69 -5.75596
3.7 -5.75255
3.71 -5.74919
3.72 -5.74589
3.73 -5.74265
3.74 -5.73946
3.75 -5.73634
3.76 -5.73326
3.77 -5.73024
3.78 -5.72727
3.79 -5.72436
3.8 -5.72149
3.81 -5.71868
3.82 -5.71591
3.83 -5.7132
3.84 -5.71053
3.85 -5.70791
3.86 -5.70533
3.87 -5.7028
3.88 -5.70031
3.89 -5.69787
3.9 -5.69546
3.91 -5.69311
3.92 -5.69079
3.93 -5.68851
3.94 -5.68627
3.95 -5.68407
3.96 -5.68191
3.97 -5.67979
3.98 -5.6777
3.99 -5.67565
4 -5.67364
4.01 -5.67166
4.02 -5.66971
4.03 -5.6678
4.04 -5.66592
4.05 -5.66408
4.06 -5.66226
4.07 -5.66048
4.08 -5.65873
4.09 -5.657
4.1 -5.65531
4.11 -5.65365
4.12 -5.65201
4.13 -5.65041
4.14 -5.64883
4.15 -5.64728
4.16 -5.64575
4.17 -5.64425
4.18 -5.64278
4.19 -5.64133
4.2 -5.63991
4.21 -5.63851
4.22 -5.63714
4.23 -5.63578
4.24 -5.63446
4.25 -5.63315
4.26 -5.63187
4.27 -5.63061
4.28 -5.62937
4.29 -5.62815
4.3 -5.62695
4.31 -5.62577
4.32 -5.62461
4.33 -5.62348
4.34 -5.62236
4.35 -5.62126
4.36 -5.62018
4.37 -5.61912
4.38 -5.61807
4.39 -5.61704
4.4 -5.61604
4.41 -5.61504
4.42 -5.61407
4.43 -5.61311
4.44 -5.61217
4.45 -5.61124
4.46 -5.61033
4.47 -5.60944
4.48 -5.60856
4.49 -5.6077
4.5 -5.60685
4.51 -5.60601
4.52 -5.60519
4.53 -5.60439
4.54 -5.6036
4.55 -5.60282
4.56 -5.60205
4.57 -5.6013
4.58 -5.60056
4.59 -5.59984
4.6 -5.59912
4.61 -5.59842
4.62 -5.59773
4.63 -5.59706
4.64 -5.59639
4.65 -5.59574
4.66 -5.5951
4.67 -5.59447
4.68 -5.59385
4.69 -5.59324
4.7 -5.59264
4.71 -5.59205
4.72 -5.59148
4.73 -5.59091
4.74 -5.59035
4.75 -5.58981
4.76 -5.58927
4.77 -5.58874
4.78 -5.58822
4.79 -5.58772
4.8 -5.58722
4.81 -5.58673
4.82 -5.58625
4.83 -5.58577
4.84 -5.58531
4.85 -5.58486
4.86 -5.58441
4.87 -5.58397
4.88 -5.58354
4.89 -5.58312
4.9 -5.5827
4.91 -5.5823
4.92 -5.5819
4.93 -5.58151
4.94 -5.58112
4.95 -5.58074
4.96 -5.58037
4.97 -5.58001
4.98 -5.57965
4.99 -5.57931
5 -5.57896
5.01 -5.57863
5.02 -5.5783
5.03 -5.57797
5.04 -5.57765
5.05 -5.57734
5.06 -5.57704
5.07 -5.57674
5.08 -5.57644
5.09 -5.57615
5.1 -5.57587
5.11 -5.57559
5.12 -5.57532
5.13 -5.57505
5.14 -5.57479
5.15 -5.57453
5.16 -5.57428
5.17 -5.57403
5.18 -5.57379
5.19 -5.57355
5.2 -5.57331
5.21 -5.57308
5.22 -5.57285
5.23 -5.57263
5.24 -5.57241
5.25 -5.5722
5.26 -5.57198
5.27 -5.57178
5.28 -5.57157
5.29 -5.57137
5.3 -5.57117
5.31 -5.57097
5.32 -5.57078
5.33 -5.57059
5.34 -5.5704
5.35 -5.57022
5.36 -5.57004
5.37 -5.56985
5.38 -5.56968
5.39 -5.5695
5.4 -5.56933
5.41 -5.56915
5.42 -5.56898
5.43 -5.56881
5.44 -5.56864
5.45 -5.56847
5.46 -5.56831
5.47 -5.56814
5.48 -5.56798
5.49 -5.56781
5.5 -5.56765
5.51 -5.56749
5.52 -5.56732
5.53 -5.56716
5.54 -5.567
5.55 -5.56683
5.56 -5.56667
5.57 -5.56651
5.58 -5.56634
5.59 -5.56617
5.6 -5.56601
5.61 -5.56584
5.62 -5.56567
5.63 -5.5655
5.64 -5.56533
5.65 -5.56515
5.66 -5.56497
5.67 -5.5648
5.68 -5.56462
5.69 -5.56443
5.7 -5.56425
5.71 -5.56406
5.72 -5.56387
5.73 -5.56367
5.74 -5.56347
5.75 -5.56327
5.76 -5.56307
5.77 -5.56286
5.78 -5.56265
5.79 -5.56243
5.8 -5.56221
5.81 -5.56198
5.82 -5.56175
5.83 -5.56152
5.84 -5.56128
5.85 -5.56103
5.86 -5.56078
5.87 -5.56052
5.88 -5.56026
5.89 -5.55999
5.9 -5.55972
5.91 -5.55944
5.92 -5.55915
5.93 -5.55886
5.94 -5.55856
5.95 -5.55825
5.96 -5.55794
5.97 -5.55762
5.98 -5.55729
5.99 -5.55695
6 -5.55661
6.01 -5.55626
6.02 -5.5559
6.03 -5.55553
6.04 -5.55515
6.05 -5.55477
6.06 -5.55437
6.07 -5.55397
6.08 -5.55356
6.09 -5.55314
6.1 -5.5527
6.11 -5.55226
6.12 -5.55181
6.13 -5.55135
6.14 -5.55088
6.15 -5.5504
6.16 -5.54991
6.17 -5.54941
6.18 -5.5489
6.19 -5.54838
6.2 -5.54784
6.21 -5.5473
6.22 -5.54674
6.23 -5.54618
6.24 -5.5456
6.25 -5.54501
6.26 -5.54441
6.27 -5.5438
6.28 -5.54317
6.29 -5.54254
6.3 -5.54189
6.31 -5.54123
6.32 -5.54056
6.33 -5.53988
6.34 -5.53918
6.35 -5.53848
6.36 -5.53776
6.37 -5.53703
6.38 -5.53629
6.39 -5.53553
6.4 -5.53477
6.41 -5.53399
6.42 -5.5332
6.43 -5.5324
6.44 -5.53159
6.45 -5.53076
6.46 -5.52993
6.47 -5.52908
6.48 -5.52823
6.49 -5.52736
6.5 -5.52648
6.51 -5.52559
6.52 -5.52469
6.53 -5.52378
6.54 -5.52286
6.55 -5.52193
6.56 -5.521
6.57 -5.52005
6.58 -5.51909
6.59 -5.51813
6.6 -5.51716
6.61 -5.51618
6.62 -5.5152
6.63 -5.51421
6.64 -5.51321
6.65 -5.51221
6.66 -5.5112
6.67 -5.51019
6.68 -5.50918
6.69 -5.50816
6.7 -5.50715
6.71 -5.50613
6.72 -5.50511
6.73 -5.50409
6.74 -5.50307
6.75 -5.50206
6.76 -5.50104
6.77 -5.50004
6.78 -5.49903
6.79 -5.49804
6.8 -5.49705
6.81 -5.49607
6.82 -5.4951
6.83 -5.49414
6.84 -5.49319
6.85 -5.49226
6.86 -5.49134
6.87 -5.49044
6.88 -5.48956
6.89 -5.4887
6.9 -5.48786
6.91 -5.48704
6.92 -5.48625
6.93 -5.48548
6.94 -5.48475
6.95 -5.48404
6.96 -5.48337
6.97 -5.48273
6.98 -5.48213
6.99 -5.48156
7 -5.48104
7.01 -5.48056
7.02 -5.48013
7.03 -5.47974
7.04 -5.47941
7.05 -5.47913
7.06 -5.4789
7.07 -5.47873
7.08 -5.47863
7.09 -5.47858
7.1 -5.47861
7.11 -5.4787
7.12 -5.47886
7.13 -5.4791
7.14 -5.47941
7.15 -5.47981
7.16 -5.48029
7.17 -5.48086
7.18 -5.48151
7.19 -5.48226
7.2 -5.48311
7.21 -5.48405
7.22 -5.4851
7.23 -5.48625
7.24 -5.48751
7.25 -5.48888
7.26 -5.49036
7.27 -5.49196
7.28 -5.49369
7.29 -5.49553
7.3 -5.49751
7.31 -5.49961
7.32 -5.50185
7.33 -5.50422
7.34 -5.50674
7.35 -5.50939
7.36 -5.51219
7.37 -5.51513
7.38 -5.51823
7.39 -5.52147
7.4 -5.52487
7.41 -5.52843
7.42 -5.53215
7.43 -5.53603
7.44 -5.54007
7.45 -5.54428
7.46 -5.54866
7.47 -5.5532
7.48 -5.55792
7.49 -5.5628
7.5 -5.56786
7.51 -5.57309
7.52 -5.5785
7.53 -5.58408
7.54 -5.58984
7.55 -5.59578
7.56 -5.60189
7.57 -5.60818
7.58 -5.61465
7.59 -5.62129
7.6 -5.62811
7.61 -5.63511
7.62 -5.64228
7.63 -5.64962
7.64 -5.65714
7.65 -5.66482
7.66 -5.67268
7.67 -5.68071
7.68 -5.6889
7.69 -5.69726
7.7 -5.70577
7.71 -5.71445
7.72 -5.72329
7.73 -5.73228
7.74 -5.74143
7.75 -5.75072
7.76 -5.76017
7.77 -5.76975
7.78 -5.77948
7.79 -5.78935
7.8 -5.79935
7.81 -5.80948
7.82 -5.81974
7.83 -5.83013
7.84 -5.84064
7.85 -5.85126
7.86 -5.862
7.87 -5.87285
7.88 -5.88381
7.89 -5.89487
7.9 -5.90603
7.91 -5.91729
7.92 -5.92864
7.93 -5.94008
7.94 -5.9516
7.95 -5.96321
7.96 -5.97489
7.97 -5.98665
7.98 -5.99848
7.99 -6.01037
8 -6.02233
8.01 -6.03435
8.02 -6.04643
8.03 -6.05856
8.04 -6.07074
8.05 -6.08297
8.06 -6.09524
8.07 -6.10756
8.08 -6.11991
8.09 -6.13229
8.1 -6.14471
8.11 -6.15715
8.12 -6.16962
8.13 -6.18211
8.14 -6.19463
8.15 -6.20716
8.16 -6.2197
8.17 -6.23225
8.18 -6.24482
8.19 -6.25739
8.2 -6.26997
8.21 -6.28254
8.22 -6.29512
8.23 -6.30769
8.24 -6.32026
8.25 -6.33283
8.26 -6.34538
8.27 -6.35792
8.28 -6.37045
8.29 -6.38296
8.3 -6.39546
8.31 -6.40794
8.32 -6.4204
8.33 -6.43283
8.34 -6.44525
8.35 -6.45764
8.36 -6.47
8.37 -6.48233
8.38 -6.49463
8.39 -6.50691
8.4 -6.51915
8.41 -6.53136
8.42 -6.54353
8.43 -6.55567
8.44 -6.56777
8.45 -6.57984
8.46 -6.59187
8.47 -6.60385
8.48 -6.6158
8.49 -6.62771
8.5 -6.63957
8.51 -6.6514
8.52 -6.66318
8.53 -6.67491
8.54 -6.6866
8.55 -6.69825
8.56 -6.70985
8.57 -6.72141
8.58 -6.73292
8.59 -6.74438
8.6 -6.7558
8.61 -6.76716
8.62 -6.77849
8.63 -6.78976
8.64 -6.80098
8.65 -6.81216
8.66 -6.82329
8.67 -6.83436
8.68 -6.84539
8.69 -6.85637
8.7 -6.86731
8.71 -6.87819
8.72 -6.88902
8.73 -6.8998
8.74 -6.91054
8.75 -6.92122
8.76 -6.93186
8.77 -6.94244
8.78 -6.95298
8.79 -6.96346
8.8 -6.9739
8.81 -6.98429
8.82 -6.99463
8.83 -7.00492
8.84 -7.01516
8.85 -7.02536
8.86 -7.0355
8.87 -7.0456
8.88 -7.05565
8.89 -7.06565
8.9 -7.0756
8.91 -7.08551
8.92 -7.09536
8.93 -7.10517
8.94 -7.11494
8.95 -7.12465
8.96 -7.13432
8.97 -7.14395
8.98 -7.15352
8.99 -7.16305
9 -7.17254
9.01 -7.18198
9.02 -7.19137
9.03 -7.20072
9.04 -7.21003
9.05 -7.21929
9.06 -7.2285
9.07 -7.23768
9.08 -7.2468
9.09 -7.25589
9.1 -7.26493
9.11 -7.27393
9.12 -7.28288
9.13 -7.29179
9.14 -7.30066
9.15 -7.30949
9.16 -7.31827
9.17 -7.32702
9.18 -7.33572
9.19 -7.34438
9.2 -7.353
9.21 -7.36158
9.22 -7.37012
9.23 -7.37862
9.24 -7.38707
9.25 -7.39549
9.26 -7.40387
9.27 -7.41221
9.28 -7.42051
9.29 -7.42878
9.3 -7.437
9.31 -7.44518
9.32 -7.45333
9.33 -7.46144
9.34 -7.46951
9.35 -7.47755
9.36 -7.48554
9.37 -7.4935
9.38 -7.50143
9.39 -7.50932
9.4 -7.51717
9.41 -7.52498
9.42 -7.53276
9.43 -7.5405
9.44 -7.54821
9.45 -7.55589
9.46 -7.56352
9.47 -7.57113
9.48 -7.5787
9.49 -7.58623
9.5 -7.59373
9.51 -7.6012
9.52 -7.60863
9.53 -7.61604
9.54 -7.6234
9.55 -7.63074
9.56 -7.63804
9.57 -7.64531
9.58 -7.65255
9.59 -7.65975
9.6 -7.66692
9.61 -7.67407
9.62 -7.68118
9.63 -7.68826
9.64 -7.6953
9.65 -7.70232
9.66 -7.70931
9.67 -7.71626
9.68 -7.72319
9.69 -7.73009
9.7 -7.73695
9.71 -7.74379
9.72 -7.7506
9.73 -7.75738
9.74 -7.76413
9.75 -7.77085
9.76 -7.77754
9.77 -7.7842
9.78 -7.79084
9.79 -7.79744
9.8 -7.80402
9.81 -7.81058
9.82 -7.8171
9.83 -7.8236
9.84 -7.83007
9.85 -7.83651
9.86 -7.84292
9.87 -7.84931
9.88 -7.85568
9.89 -7.86201
9.9 -7.86832
9.91 -7.87461
9.92 -7.88087
9.93 -7.8871
9.94 -7.89331
9.95 -7.89949
9.96 -7.90565
9.97 -7.91178
9.98 -7.91789
9.99 -7.92397
10 -7.93003
10.001 -10
