0 0
0.01 0.211167
0.02 0.210723
0.03 0.210282
0.04 0.209844
0.05 0.209409
0.06 0.208977
0.07 0.208549
0.08 0.208124
0.09 0.207702
0.1 0.207284
0.11 0.20687
0.12 0.206458
0.13 0.206051
0.14 0.205647
0.15 0.205247
0.16 0.204851
0.17 0.204459
0.18 0.20407
0.19 0.203686
0.2 0.203306
0.21 0.202929
0.22 0.202557
0.23 0.20219
0.24 0.201826
0.25 0.201467
0.26 0.201113
0.27 0.200763
0.28 0.200418
0.29 0.200077
0.3 0.199741
0.31 0.19941
0.32 0.199084
0.33 0.198763
0.34 0.198447
0.35 0.198136
0.36 0.19783
0.37 0.19753
0.38 0.197235
0.39 0.196945
0.4 0.196661
0.41 0.196382
0.42 0.196109
0.43 0.195842
0.44 0.19558
0.45 0.195325
0.46 0.195075
0.47 0.194832
0.48 0.194594
0.49 0.194363
0.5 0.194138
0.51 0.193919
0.52 0.193707
0.53 0.193502
0.54 0.193303
0.55 0.19311
0.56 0.192925
0.57 0.192746
0.58 0.192574
0.59 0.192409
0.6 0.192252
0.61 0.192101
0.62 0.191958
0.63 0.191822
0.64 0.191693
0.65 0.191572
0.66 0.191459
0.67 0.191353
0.68 0.191255
0.69 0.191165
0.7 0.191083
0.71 0.191008
0.72 0.190942
0.73 0.190884
0.74 0.190834
0.75 0.190793
0.76 0.190759
0.77 0.190735
0.78 0.190718
0.79 0.190711
0.8 0.190712
0.81 0.190722
0.82 0.190741
0.83 0.190768
0.84 0.190805
0.85 0.19085
0.86 0.190905
0.87 0.190969
0.88 0.191043
0.89 0.191125
0.9 0.191217
0.91 0.191319
0.92 0.19143
0.93 0.191551
0.94 0.191681
0.95 0.191821
0.96 0.191971
0.97 0.192131
0.98 0.192301
0.99 0.19248
1 0.19267
1.01 0.19287
1.02 0.19308
1.03 0.1933
1.04 0.19353
1.05 0.193771
1.06 0.194022
1.07 0.194283
1.08 0.194555
1.09 0.194838
1.1 0.19513
1.11 0.195434
1.12 0.195747
1.13 0.196072
1.14 0.196407
1.15 0.196753
1.16 0.197109
1.17 0.197476
1.18 0.197854
1.19 0.198243
1.2 0.198642
1.21 0.199053
1.22 0.199474
1.23 0.199905
1.24 0.200348
1.25 0.200801
1.26 0.201266
1.27 0.201741
1.28 0.202226
1.29 0.202723
1.3 0.203231
1.31 0.203749
1.32 0.204278
1.33 0.204818
1.34 0.205368
1.35 0.205929
1.36 0.206501
1.37 0.207084
1.38 0.207677
1.39 0.208281
1.4 0.208895
1.41 0.20952
1.42 0.210156
1.43 0.210802
1.44 0.211458
1.45 0.212124
1.46 0.212801
1.47 0.213489
1.48 0.214186
1.49 0.214894
1.5 0.215611
1.51 0.216339
1.52 0.217076
1.53 0.217824
1.54 0.218581
1.55 0.219348
1.56 0.220125
1.57 0.220912
1.58 0.221708
1.59 0.222513
1.6 0.223328
1.61 0.224152
1.62 0.224986
1.63 0.225828
1.64 0.22668
1.65 0.227541
1.66 0.22841
1.67 0.229289
1.68 0.230176
1.69 0.231072
1.7 0.231977
1.71 0.23289
1.72 0.233812
1.73 0.234742
1.74 0.23568
1.75 0.236626
1.76 0.237581
1.77 0.238544
1.78 0.239515
1.79 0.240494
1.8 0.24148
1.81 0.242475
1.82 0.243477
1.83 0.244487
1.84 0.245504
1.85 0.24653
1.86 0.247562
1.87 0.248603
1.88 0.24965
1.89 0.250705
1.9 0.251768
1.91 0.252838
1.92 0.253915
1.93 0.254999
1.94 0.256091
1.95 0.25719
1.96 0.258296
1.97 0.259409
1.98 0.26053
1.99 0.261658
2 0.262793
2.01 0.263936
2.02 0.265086
2.03 0.266243
2.04 0.267407
2.05 0.268579
2.06 0.269759
2.07 0.270945
2.08 0.27214
2.09 0.273342
2.1 0.274551
2.11 0.275769
2.12 0.276994
2.13 0.278227
2.14 0.279468
2.15 0.280717
2.16 0.281974
2.17 0.28324
2.18 0.284513
2.19 0.285796
2.2 0.287086
2.21 0.288386
2.22 0.289694
2.23 0.291011
2.24 0.292338
2.25 0.293673
2.26 0.295018
2.27 0.296372
2.28 0.297736
2.29 0.299109
2.3 0.300493
2.31 0.301886
2.32 0.303289
2.33 0.304703
2.34 0.306128
2.35 0.307563
2.36 0.309008
2.37 0.310465
2.38 0.311933
2.39 0.313412
2.4 0.314902
2.41 0.316404
2.42 0.317918
2.43 0.319444
2.44 0.320982
2.45 0.322532
2.46 0.324094
2.47 0.325669
2.48 0.327257
2.49 0.328857
2.5 0.330471
2.51 0.332098
2.52 0.333738
2.53 0.335391
2.54 0.337058
2.55 0.338739
2.56 0.340434
2.57 0.342143
2.58 0.343866
2.59 0.345604
2.6 0.347356
2.61 0.349122
2.62 0.350904
2.63 0.3527
2.64 0.354512
2.65 0.356338
2.66 0.35818
2.67 0.360037
2.68 0.36191
2.69 0.363798
2.7 0.365703
2.71 0.367623
2.72 0.369559
2.73 0.371511
2.74 0.373479
2.75 0.375463
2.76 0.377464
2.77 0.379481
2.78 0.381515
2.79 0.383565
2.8 0.385632
2.81 0.387716
2.82 0.389816
2.83 0.391934
2.84 0.394068
2.85 0.396219
2.86 0.398387
2.87 0.400573
2.88 0.402775
2.89 0.404994
2.9 0.407231
2.91 0.409485
2.92 0.411756
2.93 0.414044
2.94 0.416349
2.95 0.418672
2.96 0.421012
2.97 0.423369
2.98 0.425743
2.99 0.428135
3 0.430543
3.01 0.432969
3.02 0.435411
3.03 0.437871
3.04 0.440348
3.05 0.442841
3.06 0.445352
3.07 0.447879
3.08 0.450423
3.09 0.452984
3.1 0.455561
3.11 0.458155
3.12 0.460765
3.13 0.463392
3.14 0.466035
3.15 0.468693
3.16 0.471368
3.17 0.474059
3.18 0.476765
3.19 0.479487
3.2 0.482225
3.21 0.484978
3.22 0.487746
3.23 0.490529
3.24 0.493327
3.25 0.49614
3.26 0.498967
3.27 0.501809
3.28 0.504665
3.29 0.507535
3.3 0.510419
3.31 0.513317
3.32 0.516228
3.33 0.519153
3.34 0.522091
3.35 0.525042
3.36 0.528006
3.37 0.530982
3.38 0.533971
3.39 0.536972
3.4 0.539984
3.41 0.543009
3.42 0.546045
3.43 0.549093
3.44 0.552152
3.45 0.555221
3.46 0.558302
3.47 0.561393
3.48 0.564494
3.49 0.567605
3.5 0.570727
3.51 0.573858
3.52 0.576998
3.53 0.580147
3.54 0.583306
3.55 0.586473
3.56 0.589649
3.57 0.592833
3.58 0.596026
3.59 0.599226
3.6 0.602434
3.61 0.605649
3.62 0.608872
3.63 0.612102
3.64 0.615339
3.65 0.618582
3.66 0.621832
3.67 0.625088
3.68 0.62835
3.69 0.631618
3.7 0.634892
3.71 0.638171
3.72 0.641455
3.73 0.644745
3.74 0.648039
3.75 0.651338
3.76 0.654641
3.77 0.657949
3.78 0.661261
3.79 0.664577
3.8 0.667897
3.81 0.67122
3.82 0.674547
3.83 0.677877
3.84 0.68121
3.85 0.684546
3.86 0.687885
3.87 0.691227
3.88 0.694571
3.89 0.697918
3.9 0.701267
3.91 0.704618
3.92 0.707971
3.93 0.711325
3.94 0.714682
3.95 0.71804
3.96 0.721399
3.97 0.72476
3.98 0.728122
3.99 0.731485
4 0.734849
4.01 0.738214
4.02 0.74158
4.03 0.744946
4.04 0.748313
4.05 0.75168
4.06 0.755048
4.07 0.758416
4.08 0.761785
4.09 0.765153
4.1 0.768522
4.11 0.77189
4.12 0.775258
4.13 0.778627
4.14 0.781995
4.15 0.785362
4.16 0.78873
4.17 0.792097
4.18 0.795463
4.19 0.798829
4.2 0.802195
4.21 0.80556
4.22 0.808924
4.23 0.812288
4.24 0.81565
4.25 0.819012
4.26 0.822374
4.27 0.825734
4.28 0.829094
4.29 0.832453
4.3 0.83581
4.31 0.839167
4.32 0.842523
4.33 0.845878
4.34 0.849232
4.35 0.852586
4.36 0.855938
4.37 0.859289
4.38 0.862639
4.39 0.865988
4.4 0.869337
4.41 0.872684
4.42 0.87603
4.43 0.879375
4.44 0.88272
4.45 0.886063
4.46 0.889405
4.47 0.892747
4.48 0.896087
4.49 0.899427
4.5 0.902766
4.51 0.906104
4.52 0.909441
4.53 0.912777
4.54 0.916112
4.55 0.919447
4.56 0.922781
4.57 0.926114
4.58 0.929447
4.59 0.932779
4.6 0.93611
4.61 0.939441
4.62 0.942771
4.63 0.9461
4.64 0.949429
4.65 0.952758
4.66 0.956087
4.67 0.959415
4.68 0.962742
4.69 0.96607
4.7 0.969397
4.71 0.972724
4.72 0.976051
4.73 0.979378
4.74 0.982704
4.75 0.986031
4.76 0.989358
4.77 0.992685
4.78 0.996012
4.79 0.999339
4.8 1.00267
4.81 1.00599
4.82 1.00932
4.83 1.01265
4.84 1.01598
4.85 1.01931
4.86 1.02264
4.87 1.02597
4.88 1.0293
4.89 1.03263
4.9 1.03597
4.91 1.0393
4.92 1.04264
4.93 1.04597
4.94 1.04931
4.95 1.05265
4.96 1.05599
4.97 1.05933
4.98 1.06267
4.99 1.06601
5 1.06936
5.01 1.0727
5.02 1.07605
5.03 1.0794
5.04 1.08275
5.05 1.0861
5.06 1.08945
5.07 1.09281
5.08 1.09617
5.09 1.09953
5.1 1.10289
5.11 1.10625
5.12 1.10962
5.13 1.11298
5.14 1.11635
5.15 1.11973
5.16 1.1231
5.17 1.12648
5.18 1.12986
5.19 1.13324
5.2 1.13662
5.21 1.14001
5.22 1.1434
5.23 1.14679
5.24 1.15019
5.25 1.15359
5.26 1.15699
5.27 1.16039
5.28 1.1638
5.29 1.16721
5.3 1.17062
5.31 1.17404
5.32 1.17746
5.33 1.18088
5.34 1.18431
5.35 1.18774
5.36 1.19117
5.37 1.19461
5.38 1.19805
5.39 1.20149
5.4 1.20494
5.41 1.20839
5.42 1.21185
5.43 1.21531
5.44 1.21877
5.45 1.22224
5.46 1.22571
5.47 1.22919
5.48 1.23267
5.49 1.23615
5.5 1.23964
5.51 1.24313
5.52 1.24663
5.53 1.25013
5.54 1.25364
5.55 1.25715
5.56 1.26066
5.57 1.26418
5.58 1.2677
5.59 1.27123
5.6 1.27476
5.61 1.2783
5.62 1.28185
5.63 1.28539
5.64 1.28895
5.65 1.2925
5.66 1.29607
5.67 1.29963
5.68 1.30321
5.69 1.30678
5.7 1.31037
5.71 1.31395
5.72 1.31755
5.73 1.32115
5.74 1.32475
5.75 1.32836
5.76 1.33197
5.77 1.33559
5.78 1.33922
5.79 1.34285
5.8 1.34649
5.81 1.35013
5.82 1.35378
5.83 1.35743
5.84 1.36109
5.85 1.36476
5.86 1.36843
5.87 1.37211
5.88 1.37579
5.89 1.37948
5.9 1.38317
5.91 1.38687
5.92 1.39058
5.93 1.39429
5.94 1.39801
5.95 1.40174
5.96 1.40547
5.97 1.40921
5.98 1.41295
5.99 1.4167
6 1.42046
6.01 1.42422
6.02 1.42799
6.03 1.43177
6.04 1.43555
6.05 1.43934
6.06 1.44313
6.07 1.44693
6.08 1.45074
6.09 1.45456
6.1 1.45838
6.11 1.46221
6.12 1.46604
6.13 1.46989
6.14 1.47374
6.15 1.47759
6.16 1.48146
6.17 1.48533
6.18 1.4892
6.19 1.49309
6.2 1.49698
6.21 1.50088
6.22 1.50478
6.23 1.5087
6.24 1.51262
6.25 1.51655
6.26 1.52048
6.27 1.52442
6.28 1.52837
6.29 1.53233
6.3 1.5363
6.31 1.54027
6.32 1.54425
6.33 1.54824
6.34 1.55224
6.35 1.55624
6.36 1.56025
6.37 1.56427
6.38 1.5683
6.39 1.57234
6.4 1.57638
6.41 1.58044
6.42 1.5845
6.43 1.58857
6.44 1.59264
6.45 1.59673
6.46 1.60083
6.47 1.60493
6.48 1.60904
6.49 1.61317
6.5 1.6173
6.51 1.62144
6.52 1.62559
6.53 1.62974
6.54 1.63391
6.55 1.63809
6.56 1.64228
6.57 1.64647
6.58 1.65068
6.59 1.65489
6.6 1.65912
6.61 1.66335
6.62 1.6676
6.63 1.67186
6.64 1.67612
6.65 1.6804
6.66 1.68469
6.67 1.68898
6.68 1.69329
6.69 1.69761
6.7 1.70194
6.71 1.70629
6.72 1.71064
6.73 1.71501
6.74 1.71938
6.75 1.72377
6.76 1.72817
6.77 1.73259
6.78 1.73701
6.79 1.74145
6.8 1.7459
6.81 1.75037
6.82 1.75484
6.83 1.75933
6.84 1.76384
6.85 1.76835
6.86 1.77289
6.87 1.77743
6.88 1.78199
6.89 1.78656
6.9 1.79115
6.91 1.79575
6.92 1.80037
6.93 1.80501
6.94 1.80965
6.95 1.81432
6.96 1.819
6.97 1.8237
6.98 1.82841
6.99 1.83314
7 1.83789
7.01 1.84265
7.02 1.84743
7.03 1.85223
7.04 1.85705
7.05 1.86188
7.06 1.86674
7.07 1.87161
7.08 1.8765
7.09 1.88141
7.1 1.88634
7.11 1.8913
7.12 1.89627
7.13 1.90126
7.14 1.90627
7.15 1.91131
7.16 1.91636
7.17 1.92144
7.18 1.92654
7.19 1.93166
7.2 1.9368
7.21 1.94197
7.22 1.94716
7.23 1.95238
7.24 1.95762
7.25 1.96288
7.26 1.96817
7.27 1.97349
7.28 1.97883
7.29 1.98419
7.3 1.98958
7.31 1.995
7.32 2.00045
7.33 2.00592
7.34 2.01142
7.35 2.01695
7.36 2.02251
7.37 2.0281
7.38 2.03371
7.39 2.03936
7.4 2.04504
7.41 2.05074
7.42 2.05648
7.43 2.06225
7.44 2.06805
7.45 2.07388
7.46 2.07974
7.47 2.08564
7.48 2.09157
7.49 2.09754
7.5 2.10353
7.51 2.10957
7.52 2.11563
7.53 2.12174
7.54 2.12787
7.55 2.13405
7.56 2.14025
7.57 2.1465
7.58 2.15278
7.59 2.1591
7.6 2.16546
7.61 2.17186
7.62 2.17829
7.63 2.18476
7.64 2.19128
7.65 2.19783
7.66 2.20442
7.67 2.21105
7.68 2.21772
7.69 2.22443
7.7 2.23119
7.71 2.23798
7.72 2.24482
7.73 2.2517
7.74 2.25862
7.75 2.26558
7.76 2.27258
7.77 2.27963
7.78 2.28672
7.79 2.29386
7.8 2.30104
7.81 2.30826
7.82 2.31553
7.83 2.32284
7.84 2.33019
7.85 2.33759
7.86 2.34504
7.87 2.35253
7.88 2.36006
7.89 2.36764
7.9 2.37527
7.91 2.38294
7.92 2.39066
7.93 2.39842
7.94 2.40623
7.95 2.41408
7.96 2.42198
7.97 2.42992
7.98 2.43791
7.99 2.44595
8 2.45403
8.01 2.46216
8.02 2.47033
8.03 2.47855
8.04 2.48682
8.05 2.49513
8.06 2.50348
8.07 2.51188
8.08 2.52033
8.09 2.52882
8.1 2.53735
8.11 2.54593
8.12 2.55455
8.13 2.56322
8.14 2.57192
8.15 2.58068
8.16 2.58947
8.17 2.59831
8.18 2.60719
8.19 2.61611
8.2 2.62508
8.21 2.63408
8.22 2.64313
8.23 2.65221
8.24 2.66134
8.25 2.6705
8.26 2.67971
8.27 2.68895
8.28 2.69823
8.29 2.70755
8.3 2.7169
8.31 2.72629
8.32 2.73572
8.33 2.74518
8.34 2.75467
8.35 2.7642
8.36 2.77376
8.37 2.78336
8.38 2.79299
8.39 2.80265
8.4 2.81233
8.41 2.82205
8.42 2.8318
8.43 2.84158
8.44 2.85138
8.45 2.86121
8.46 2.87107
8.47 2.88095
8.48 2.89086
8.49 2.90079
8.5 2.91074
8.51 2.92072
8.52 2.93071
8.53 2.94073
8.54 2.95077
8.55 2.96083
8.56 2.9709
8.57 2.98099
8.58 2.9911
8.59 3.00122
8.6 3.01136
8.61 3.02152
8.62 3.03168
8.63 3.04186
8.64 3.05205
8.65 3.06225
8.66 3.07246
8.67 3.08267
8.68 3.0929
8.69 3.10313
8.7 3.11337
8.71 3.12362
8.72 3.13387
8.73 3.14412
8.74 3.15437
8.75 3.16463
8.76 3.17489
8.77 3.18515
8.78 3.19541
8.79 3.20567
8.8 3.21592
8.81 3.22618
8.82 3.23643
8.83 3.24667
8.84 3.25691
8.85 3.26715
8.86 3.27737
8.87 3.28759
8.88 3.2978
8.89 3.30801
8.9 3.3182
8.91 3.32838
8.92 3.33855
8.93 3.34871
8.94 3.35886
8.95 3.36899
8.96 3.37911
8.97 3.38922
8.98 3.39931
8.99 3.40938
9 3.41944
9.01 3.42948
9.02 3.4395
9.03 3.44951
9.04 3.45949
9.05 3.46946
9.06 3.4794
9.07 3.48932
9.08 3.49922
9.09 3.5091
9.1 3.51896
9.11 3.52879
9.12 3.5386
9.13 3.54838
9.14 3.55814
9.15 3.56787
9.16 3.57757
9.17 3.58725
9.18 3.5969
9.19 3.60652
9.2 3.61611
9.21 3.62567
9.22 3.6352
9.23 3.64469
9.24 3.65416
9.25 3.66359
9.26 3.67299
9.27 3.68236
9.28 3.69169
9.29 3.70099
9.3 3.71025
9.31 3.71948
9.32 3.72866
9.33 3.73781
9.34 3.74693
9.35 3.756
9.36 3.76503
9.37 3.77402
9.38 3.78297
9.39 3.79188
9.4 3.80074
9.41 3.80956
9.42 3.81834
9.43 3.82707
9.44 3.83575
9.45 3.84439
9.46 3.85298
9.47 3.86153
9.48 3.87002
9.49 3.87846
9.5 3.88686
9.51 3.8952
9.52 3.90349
9.53 3.91172
9.54 3.91991
9.55 3.92804
9.56 3.93611
9.57 3.94412
9.58 3.95208
9.59 3.95999
9.6 3.96783
9.61 3.97561
9.62 3.98333
9.63 3.991
9.64 3.9986
9.65 4.00613
9.66 4.01361
9.67 4.02102
9.68 4.02836
9.69 4.03564
9.7 4.04286
9.71 4.05
9.72 4.05708
9.73 4.06409
9.74 4.07103
9.75 4.0779
9.76 4.0847
9.77 4.09143
9.78 4.09808
9.79 4.10466
9.8 4.11117
9.81 4.11761
9.82 4.12397
9.83 4.13026
9.84 4.13647
9.85 4.14261
9.86 4.14867
9.87 4.15465
9.88 4.16055
9.89 4.16638
9.9 4.17213
9.91 4.1778
9.92 4.18339
9.93 4.1889
9.94 4.19433
9.95 4.19968
9.96 4.20495
9.97 4.21014
9.98 4.21525
9.99 4.22028
10 4.22523
10.001 0
