0 -10
0.01 -7.75111
0.02 -7.74734
0.03 -7.74357
0.04 -7.73979
0.05 -7.736
0.06 -7.73219
0.07 -7.72837
0.08 -7.72455
0.09 -7.72071
0.1 -7.71686
0.11 -7.71299
0.12 -7.70912
0.13 -7.70523
0.14 -7.70133
0.15 -7.69742
0.16 -7.6935
0.17 -7.68956
0.18 -7.68561
0.19 -7.68165
0.2 -7.67768
0.21 -7.67369
0.22 -7.66969
0.23 -7.66568
0.24 -7.66165
0.25 -7.65761
0.26 -7.65355
0.27 -7.64948
0.28 -7.6454
0.29 -7.6413
0.3 -7.63719
0.31 -7.63307
0.32 -7.62893
0.33 -7.62477
0.34 -7.6206
0.35 -7.61641
0.36 -7.61221
0.37 -7.60799
0.38 -7.60376
0.39 -7.59951
0.4 -7.59524
0.41 -7.59096
0.42 -7.58666
0.43 -7.58235
0.44 -7.57802
0.45 -7.57367
0.46 -7.5693
0.47 -7.56491
0.48 -7.56051
0.49 -7.55609
0.5 -7.55165
0.51 -7.5472
0.52 -7.54272
0.53 -7.53822
0.54 -7.53371
0.55 -7.52918
0.56 -7.52462
0.57 -7.52005
0.58 -7.51546
0.59 -7.51085
0.6 -7.50621
0.61 -7.50156
0.62 -7.49688
0.63 -7.49219
0.64 -7.48747
0.65 -7.48273
0.66 -7.47797
0.67 -7.47319
0.68 -7.46838
0.69 -7.46355
0.7 -7.4587
0.71 -7.45382
0.72 -7.44893
0.73 -7.444
0.74 -7.43906
0.75 -7.43408
0.76 -7.42909
0.77 -7.42407
0.78 -7.41902
0.79 -7.41395
0.8 -7.40885
0.81 -7.40373
0.82 -7.39858
0.83 -7.39341
0.84 -7.3882
0.85 -7.38297
0.86 -7.37772
0.87 -7.37243
0.88 -7.36712
0.89 -7.36178
0.9 -7.35641
0.91 -7.35101
0.92 -7.34558
0.93 -7.34012
0.94 -7.33463
0.95 -7.32912
0.96 -7.32357
0.97 -7.31799
0.98 -7.31238
0.99 -7.30674
1 -7.30107
1.01 -7.29537
1.02 -7.28963
1.03 -7.28386
1.04 -7.27806
1.05 -7.27223
1.06 -7.26636
1.07 -7.26046
1.08 -7.25452
1.09 -7.24856
1.1 -7.24255
1.11 -7.23652
1.12 -7.23044
1.13 -7.22434
1.14 -7.2182
1.15 -7.21202
1.16 -7.2058
1.17 -7.19955
1.18 -7.19327
1.19 -7.18695
1.2 -7.18059
1.21 -7.17419
1.22 -7.16776
1.23 -7.16129
1.24 -7.15478
1.25 -7.14823
1.26 -7.14165
1.27 -7.13502
1.28 -7.12836
1.29 -7.12167
1.3 -7.11493
1.31 -7.10815
1.32 -7.10134
1.33 -7.09448
1.34 -7.08759
1.35 -7.08066
1.36 -7.07369
1.37 -7.06668
1.38 -7.05963
1.39 -7.05254
1.4 -7.04541
1.41 -7.03824
1.42 -7.03103
1.43 -7.02379
1.44 -7.0165
1.45 -7.00917
1.46 -7.00181
1.47 -6.99441
1.48 -6.98696
1.49 -6.97948
1.5 -6.97196
1.51 -6.9644
1.52 -6.9568
1.53 -6.94917
1.54 -6.94149
1.55 -6.93378
1.56 -6.92603
1.57 -6.91824
1.58 -6.91042
1.59 -6.90256
1.6 -6.89466
1.61 -6.88673
1.62 -6.87876
1.63 -6.87075
1.64 -6.86271
1.65 -6.85464
1.66 -6.84653
1.67 -6.83839
1.68 -6.83022
1.69 -6.82201
1.7 -6.81378
1.71 -6.80551
1.72 -6.79721
1.73 -6.78888
1.74 -6.78052
1.75 -6.77214
1.76 -6.76373
1.77 -6.75529
1.78 -6.74682
1.79 -6.73833
1.8 -6.72981
1.81 -6.72128
1.82 -6.71272
1.83 -6.70413
1.84 -6.69553
1.85 -6.68691
1.86 -6.67827
1.87 -6.66961
1.88 -6.66094
1.89 -6.65225
1.9 -6.64354
1.91 -6.63483
1.92 -6.6261
1.93 -6.61736
1.94 -6.60861
1.95 -6.59986
1.96 -6.59109
1.97 -6.58232
1.98 -6.57355
1.99 -6.56478
2 -6.556
2.01 -6.54723
2.02 -6.53845
2.03 -6.52968
2.04 -6.52091
2.05 -6.51215
2.06 -6.50339
2.07 -6.49465
2.08 -6.48591
2.09 -6.47719
2.1 -6.46848
2.11 -6.45978
2.12 -6.4511
2.13 -6.44244
2.14 -6.4338
2.15 -6.42518
2.16 -6.41658
2.17 -6.408
2.18 -6.39945
2.19 -6.39093
2.2 -6.38244
2.21 -6.37397
2.22 -6.36554
2.23 -6.35714
2.24 -6.34878
2.25 -6.34045
2.26 -6.33216
2.27 -6.32391
2.28 -6.3157
2.29 -6.30754
2.3 -6.29941
2.31 -6.29134
2.32 -6.2833
2.33 -6.27532
2.34 -6.26738
2.35 -6.2595
2.36 -6.25167
2.37 -6.24389
2.38 -6.23616
2.39 -6.22849
2.4 -6.22088
2.41 -6.21332
2.42 -6.20582
2.43 -6.19839
2.44 -6.19101
2.45 -6.1837
2.46 -6.17645
2.47 -6.16926
2.48 -6.16214
2.49 -6.15509
2.5 -6.1481
2.51 -6.14118
2.52 -6.13432
2.53 -6.12754
2.54 -6.12082
2.55 -6.11418
2.56 -6.10761
2.57 -6.1011
2.58 -6.09467
2.59 -6.08831
2.6 -6.08203
2.61 -6.07582
2.62 -6.06968
2.63 -6.06362
2.64 -6.05762
2.65 -6.05171
2.66 -6.04587
2.67 -6.0401
2.68 -6.03441
2.69 -6.02879
2.7 -6.02325
2.71 -6.01779
2.72 -6.0124
2.73 -6.00708
2.74 -6.00184
2.75 -5.99667
2.76 -5.99158
2.77 -5.98657
2.78 -5.98162
2.79 -5.97675
2.8 -5.97196
2.81 -5.96724
2.82 -5.96259
2.83 -5.95802
2.84 -5.95351
2.85 -5.94908
2.86 -5.94472
2.87 -5.94044
2.88 -5.93622
2.89 -5.93207
2.9 -5.92799
2.91 -5.92399
2.92 -5.92005
2.93 -5.91617
2.94 -5.91237
2.95 -5.90863
2.96 -5.90496
2.97 -5.90136
2.98 -5.89782
2.99 -5.89434
3 -5.89093
3.01 -5.88758
3.02 -5.88429
3.03 -5.88106
3.04 -5.8779
3.05 -5.87479
3.06 -5.87174
3.07 -5.86876
3.08 -5.86583
3.09 -5.86296
3.1 -5.86014
3.11 -5.85738
3.12 -5.85467
3.13 -5.85202
3.14 -5.84942
3.15 -5.84688
3.16 -5.84438
3.17 -5.84194
3.18 -5.83955
3.19 -5.83721
3.2 -5.83491
3.21 -5.83267
3.22 -5.83047
3.23 -5.82832
3.24 -5.82621
3.25 -5.82415
3.26 -5.82213
3.27 -5.82016
3.28 -5.81823
3.29 -5.81634
3.3 -5.81449
3.31 -5.81268
3.32 -5.81092
3.33 -5.80919
3.34 -5.8075
3.35 -5.80585
3.36 -5.80423
3.37 -5.80265
3.38 -5.80111
3.39 -5.79961
3.4 -5.79813
3.41 -5.79669
3.42 -5.79529
3.43 -5.79391
3.44 -5.79257
3.45 -5.79126
3.46 -5.78998
3.47 -5.78873
3.48 -5.78751
3.49 -5.78632
3.5 -5.78515
3.51 -5.78402
3.52 -5.78291
3.53 -5.78183
3.54 -5.78077
3.55 -5.77974
3.56 -5.77873
3.57 -5.77775
3.58 -5.77679
3.59 -5.77585
3.6 -5.77494
3.61 -5.77405
3.62 -5.77318
3.63 -5.77233
3.64 -5.7715
3.65 -5.77069
3.66 -5.76991
3.67 -5.76914
3.68 -5.76839
3.69 -5.76766
3.7 -5.76694
3.71 -5.76625
3.72 -5.76557
3.73 -5.76491
3.74 -5.76426
3.75 -5.76363
3.76 -5.76302
3.77 -5.76242
3.78 -5.76184
3.79 -5.76127
3.8 -5.76071
3.81 -5.76017
3.82 -5.75964
3.83 -5.75912
3.84 -5.75862
3.85 -5.75813
3.86 -5.75765
3.87 -5.75718
3.88 -5.75673
3.89 -5.75628
3.9 -5.75585
3.91 -5.75542
3.92 -5.75501
3.93 -5.7546
3.94 -5.75421
3.95 -5.75382
3.96 -5.75345
3.97 -5.75308
3.98 -5.75272
3.99 -5.75237
4 -5.75203
4.01 -5.75169
4.02 -5.75136
4.03 -5.75104
4.04 -5.75073
4.05 -5.75042
4.06 -5.75012
4.07 -5.74983
4.08 -5.74954
4.09 -5.74926
4.1 -5.74898
4.11 -5.74871
4.12 -5.74845
4.13 -5.74819
4.14 -5.74793
4.15 -5.74768
4.16 -5.74744
4.17 -5.74719
4.18 -5.74696
4.19 -5.74672
4.2 -5.74649
4.21 -5.74627
4.22 -5.74605
4.23 -5.74583
4.24 -5.74561
4.25 -5.7454
4.26 -5.74519
4.27 -5.74498
4.28 -5.74478
4.29 -5.74458
4.3 -5.74438
4.31 -5.74418
4.32 -5.74399
4.33 -5.74379
4.34 -5.7436
4.35 -5.74341
4.36 -5.74322
4.37 -5.74304
4.38 -5.74285
4.39 -5.74267
4.4 -5.74249
4.41 -5.74231
4.42 -5.74213
4.43 -5.74195
4.44 -5.74177
4.45 -5.74159
4.46 -5.74141
4.47 -5.74124
4.48 -5.74106
4.49 -5.74088
4.5 -5.74071
4.51 -5.74053
4.52 -5.74036
4.53 -5.74018
4.54 -5.74
4.55 -5.73983
4.56 -5.73965
4.57 -5.73947
4.58 -5.7393
4.59 -5.73912
4.6 -5.73894
4.61 -5.73876
4.62 -5.73858
4.63 -5.7384
4.64 -5.73822
4.65 -5.73804
4.66 -5.73785
4.67 -5.73767
4.68 -5.73748
4.69 -5.7373
4.7 -5.73711
4.71 -5.73692
4.72 -5.73673
4.73 -5.73654
4.74 -5.73635
4.75 -5.73615
4.76 -5.73596
4.77 -5.73576
4.78 -5.73556
4.79 -5.73536
4.8 -5.73516
4.81 -5.73496
4.82 -5.73475
4.83 -5.73454
4.84 -5.73433
4.85 -5.73412
4.86 -5.73391
4.87 -5.7337
4.88 -5.73348
4.89 -5.73326
4.9 -5.73304
4.91 -5.73282
4.92 -5.73259
4.93 -5.73237
4.94 -5.73214
4.95 -5.73191
4.96 -5.73167
4.97 -5.73144
4.98 -5.7312
4.99 -5.73096
5 -5.73072
5.01 -5.73047
5.02 -5.73023
5.03 -5.72998
5.04 -5.72973
5.05 -5.72947
5.06 -5.72922
5.07 -5.72896
5.08 -5.7287
5.09 -5.72843
5.1 -5.72817
5.11 -5.7279
5.12 -5.72763
5.13 -5.72735
5.14 -5.72708
5.15 -5.7268
5.16 -5.72652
5.17 -5.72623
5.18 -5.72595
5.19 -5.72566
5.2 -5.72537
5.21 -5.72507
5.22 -5.72478
5.23 -5.72448
5.24 -5.72418
5.25 -5.72387
5.26 -5.72356
5.27 -5.72325
5.28 -5.72294
5.29 -5.72263
5.3 -5.72231
5.31 -5.72199
5.32 -5.72167
5.33 -5.72134
5.34 -5.72101
5.35 -5.72068
5.36 -5.72035
5.37 -5.72001
5.38 -5.71967
5.39 -5.71933
5.4 -5.71899
5.41 -5.71864
5.42 -5.71829
5.43 -5.71794
5.44 -5.71758
5.45 -5.71722
5.46 -5.71686
5.47 -5.7165
5.48 -5.71613
5.49 -5.71577
5.5 -5.71539
5.51 -5.71502
5.52 -5.71464
5.53 -5.71426
5.54 -5.71388
5.55 -5.7135
5.56 -5.71311
5.57 -5.71272
5.58 -5.71233
5.59 -5.71193
5.6 -5.71153
5.61 -5.71113
5.62 -5.71073
5.63 -5.71033
5.64 -5.70992
5.65 -5.70951
5.66 -5.70909
5.67 -5.70868
5.68 -5.70826
5.69 -5.70784
5.7 -5.70741
5.71 -5.70698
5.72 -5.70656
5.73 -5.70612
5.74 -5.70569
5.75 -5.70525
5.76 -5.70481
5.77 -5.70437
5.78 -5.70393
5.79 -5.70348
5.8 -5.70303
5.81 -5.70258
5.82 -5.70212
5.83 -5.70166
5.84 -5.7012
5.85 -5.70074
5.86 -5.70028
5.87 -5.69981
5.88 -5.69934
5.89 -5.69886
5.9 -5.69839
5.91 -5.69791
5.92 -5.69743
5.93 -5.69695
5.94 -5.69646
5.95 -5.69598
5.96 -5.69549
5.97 -5.69499
5.98 -5.6945
5.99 -5.694
6 -5.6935
6.01 -5.693
6.02 -5.69249
6.03 -5.69198
6.04 -5.69147
6.05 -5.69096
6.06 -5.69045
6.07 -5.68993
6.08 -5.68941
6.09 -5.68889
6.1 -5.68836
6.11 -5.68783
6.12 -5.6873
6.13 -5.68677
6.14 -5.68624
6.15 -5.6857
6.16 -5.68516
6.17 -5.68462
6.18 -5.68407
6.19 -5.68352
6.2 -5.68297
6.21 -5.68242
6.22 -5.68187
6.23 -5.68131
6.24 -5.68075
6.25 -5.68019
6.26 -5.67962
6.27 -5.67905
6.28 -5.67848
6.29 -5.67791
6.3 -5.67733
6.31 -5.67675
6.32 -5.67617
6.33 -5.67559
6.34 -5.675
6.35 -5.67441
6.36 -5.67382
6.37 -5.67322
6.38 -5.67263
6.39 -5.67203
6.4 -5.67142
6.41 -5.67082
6.42 -5.67021
6.43 -5.6696
6.44 -5.66898
6.45 -5.66836
6.46 -5.66774
6.47 -5.66712
6.48 -5.66649
6.49 -5.66586
6.5 -5.66523
6.51 -5.6646
6.52 -5.66396
6.53 -5.66332
6.54 -5.66267
6.55 -5.66202
6.56 -5.66137
6.57 -5.66072
6.58 -5.66006
6.59 -5.6594
6.6 -5.65873
6.61 -5.65806
6.62 -5.65739
6.63 -5.65672
6.64 -5.65604
6.65 -5.65535
6.66 -5.65467
6.67 -5.65398
6.68 -5.65328
6.69 -5.65259
6.7 -5.65189
6.71 -5.65118
6.72 -5.65047
6.73 -5.64976
6.74 -5.64904
6.75 -5.64832
6.76 -5.64759
6.77 -5.64686
6.78 -5.64613
6.79 -5.64539
6.8 -5.64465
6.81 -5.6439
6.82 -5.64315
6.83 -5.64239
6.84 -5.64163
6.85 -5.64087
6.86 -5.6401
6.87 -5.63932
6.88 -5.63854
6.89 -5.63776
6.9 -5.63697
6.91 -5.63617
6.92 -5.63537
6.93 -5.63456
6.94 -5.63375
6.95 -5.63294
6.96 -5.63211
6.97 -5.63129
6.98 -5.63045
6.99 -5.62961
7 -5.62877
7.01 -5.62792
7.02 -5.62706
7.03 -5.6262
7.04 -5.62533
7.05 -5.62446
7.06 -5.62358
7.07 -5.62269
7.08 -5.62179
7.09 -5.62089
7.1 -5.61999
7.11 -5.61907
7.12 -5.61815
7.13 -5.61723
7.14 -5.61629
7.15 -5.61535
7.16 -5.6144
7.17 -5.61345
7.18 -5.61248
7.19 -5.61151
7.2 -5.61054
7.21 -5.60955
7.22 -5.60856
7.23 -5.60756
7.24 -5.60655
7.25 -5.60553
7.26 -5.60451
7.27 -5.60348
7.28 -5.60244
7.29 -5.60139
7.3 -5.60033
7.31 -5.59927
7.32 -5.5982
7.33 -5.59712
7.34 -5.59603
7.35 -5.59493
7.36 -5.59382
7.37 -5.59271
7.38 -5.59158
7.39 -5.59045
7.4 -5.58931
7.41 -5.58816
7.42 -5.587
7.43 -5.58583
7.44 -5.58465
7.45 -5.58346
7.46 -5.58227
7.47 -5.58106
7.48 -5.57985
7.49 -5.57863
7.5 -5.57739
7.51 -5.57615
7.52 -5.5749
7.53 -5.57364
7.54 -5.57237
7.55 -5.57109
7.56 -5.5698
7.57 -5.5685
7.58 -5.56719
7.59 -5.56588
7.6 -5.56455
7.61 -5.56322
7.62 -5.56187
7.63 -5.56052
7.64 -5.55915
7.65 -5.55778
7.66 -5.5564
7.67 -5.55501
7.68 -5.55361
7.69 -5.5522
7.7 -5.55078
7.71 -5.54936
7.72 -5.54792
7.73 -5.54648
7.74 -5.54503
7.75 -5.54357
7.76 -5.5421
7.77 -5.54062
7.78 -5.53913
7.79 -5.53764
7.8 -5.53614
7.81 -5.53463
7.82 -5.53312
7.83 -5.5316
7.84 -5.53007
7.85 -5.52853
7.86 -5.52699
7.87 -5.52544
7.88 -5.52388
7.89 -5.52232
7.9 -5.52075
7.91 -5.51918
7.92 -5.5176
7.93 -5.51602
7.94 -5.51443
7.95 -5.51284
7.96 -5.51124
7.97 -5.50964
7.98 -5.50804
7.99 -5.50643
8 -5.50483
8.01 -5.50321
8.02 -5.5016
8.03 -5.49999
8.04 -5.49837
8.05 -5.49675
8.06 -5.49514
8.07 -5.49352
8.08 -5.49191
8.09 -5.49029
8.1 -5.48868
8.11 -5.48707
8.12 -5.48546
8.13 -5.48385
8.14 -5.48225
8.15 -5.48065
8.16 -5.47905
8.17 -5.47747
8.18 -5.47588
8.19 -5.4743
8.2 -5.47273
8.21 -5.47117
8.22 -5.46962
8.23 -5.46807
8.24 -5.46653
8.25 -5.46501
8.26 -5.46349
8.27 -5.46199
8.28 -5.46049
8.29 -5.45901
8.3 -5.45755
8.31 -5.4561
8.32 -5.45466
8.33 -5.45324
8.34 -5.45183
8.35 -5.45044
8.36 -5.44907
8.37 -5.44772
8.38 -5.44639
8.39 -5.44507
8.4 -5.44378
8.41 -5.44251
8.42 -5.44127
8.43 -5.44004
8.44 -5.43885
8.45 -5.43767
8.46 -5.43653
8.47 -5.43541
8.48 -5.43431
8.49 -5.43325
8.5 -5.43222
8.51 -5.43121
8.52 -5.43024
8.53 -5.4293
8.54 -5.42839
8.55 -5.42752
8.56 -5.42669
8.57 -5.42588
8.58 -5.42512
8.59 -5.42439
8.6 -5.42371
8.61 -5.42306
8.62 -5.42245
8.63 -5.42189
8.64 -5.42137
8.65 -5.42089
8.66 -5.42045
8.67 -5.42006
8.68 -5.41972
8.69 -5.41942
8.7 -5.41918
8.71 -5.41898
8.72 -5.41883
8.73 -5.41873
8.74 -5.41869
8.75 -5.4187
8.76 -5.41876
8.77 -5.41888
8.78 -5.41905
8.79 -5.41928
8.8 -5.41957
8.81 -5.41991
8.82 -5.42032
8.83 -5.42078
8.84 -5.42131
8.85 -5.4219
8.86 -5.42255
8.87 -5.42326
8.88 -5.42404
8.89 -5.42489
8.9 -5.4258
8.91 -5.42677
8.92 -5.42782
8.93 -5.42893
8.94 -5.43012
8.95 -5.43137
8.96 -5.4327
8.97 -5.43409
8.98 -5.43556
8.99 -5.4371
9 -5.43872
9.01 -5.44041
9.02 -5.44217
9.03 -5.44401
9.04 -5.44593
9.05 -5.44792
9.06 -5.44999
9.07 -5.45214
9.08 -5.45437
9.09 -5.45668
9.1 -5.45906
9.11 -5.46153
9.12 -5.46408
9.13 -5.4667
9.14 -5.46941
9.15 -5.4722
9.16 -5.47508
9.17 -5.47803
9.18 -5.48107
9.19 -5.48419
9.2 -5.48739
9.21 -5.49068
9.22 -5.49405
9.23 -5.49751
9.24 -5.50104
9.25 -5.50467
9.26 -5.50837
9.27 -5.51217
9.28 -5.51604
9.29 -5.52
9.3 -5.52405
9.31 -5.52817
9.32 -5.53239
9.33 -5.53668
9.34 -5.54107
9.35 -5.54553
9.36 -5.55008
9.37 -5.55471
9.38 -5.55943
9.39 -5.56423
9.4 -5.56911
9.41 -5.57407
9.42 -5.57912
9.43 -5.58424
9.44 -5.58945
9.45 -5.59474
9.46 -5.60011
9.47 -5.60556
9.48 -5.61109
9.49 -5.6167
9.5 -5.62238
9.51 -5.62815
9.52 -5.63399
9.53 -5.63991
9.54 -5.6459
9.55 -5.65197
9.56 -5.65811
9.57 -5.66433
9.58 -5.67062
9.59 -5.67698
9.6 -5.68342
9.61 -5.68992
9.62 -5.6965
9.63 -5.70315
9.64 -5.70986
9.65 -5.71664
9.66 -5.72349
9.67 -5.7304
9.68 -5.73738
9.69 -5.74442
9.7 -5.75153
9.71 -5.7587
9.72 -5.76592
9.73 -5.77321
9.74 -5.78056
9.75 -5.78797
9.76 -5.79544
9.77 -5.80296
9.78 -5.81053
9.79 -5.81817
9.8 -5.82585
9.81 -5.83359
9.82 -5.84138
9.83 -5.84922
9.84 -5.85711
9.85 -5.86504
9.86 -5.87303
9.87 -5.88106
9.88 -5.88914
9.89 -5.89726
9.9 -5.90543
9.91 -5.91364
9.92 -5.92189
9.93 -5.93018
9.94 -5.93851
9.95 -5.94687
9.96 -5.95528
9.97 -5.96372
9.98 -5.9722
9.99 -5.98071
10 -5.98926
10.001 -10
