0 5
0.01 4.28936
0.02 4.2908
0.03 4.29225
0.04 4.2937
0.05 4.29517
0.06 4.29664
0.07 4.29812
0.08 4.29961
0.09 4.30111
0.1 4.30262
0.11 4.30414
0.12 4.30567
0.13 4.3072
0.14 4.30875
0.15 4.3103
0.16 4.31187
0.17 4.31344
0.18 4.31503
0.19 4.31662
0.2 4.31822
0.21 4.31983
0.22 4.32146
0.23 4.32309
0.24 4.32473
0.25 4.32638
0.26 4.32805
0.27 4.32972
0.28 4.3314
0.29 4.3331
0.3 4.3348
0.31 4.33652
0.32 4.33824
0.33 4.33998
0.34 4.34173
0.35 4.34348
0.36 4.34525
0.37 4.34704
0.38 4.34883
0.39 4.35063
0.4 4.35245
0.41 4.35428
0.42 4.35611
0.43 4.35797
0.44 4.35983
0.45 4.3617
0.46 4.36359
0.47 4.36549
0.48 4.3674
0.49 4.36933
0.5 4.37127
0.51 4.37322
0.52 4.37518
0.53 4.37716
0.54 4.37915
0.55 4.38115
0.56 4.38317
0.57 4.3852
0.58 4.38724
0.59 4.3893
0.6 4.39137
0.61 4.39346
0.62 4.39556
0.63 4.39767
0.64 4.3998
0.65 4.40194
0.66 4.4041
0.67 4.40628
0.68 4.40847
0.69 4.41067
0.7 4.41289
0.71 4.41513
0.72 4.41738
0.73 4.41965
0.74 4.42193
0.75 4.42423
0.76 4.42655
0.77 4.42889
0.78 4.43124
0.79 4.43361
0.8 4.43599
0.81 4.43839
0.82 4.44081
0.83 4.44325
0.84 4.44571
0.85 4.44819
0.86 4.45068
0.87 4.45319
0.88 4.45572
0.89 4.45827
0.9 4.46084
0.91 4.46343
0.92 4.46604
0.93 4.46867
0.94 4.47132
0.95 4.47399
0.96 4.47668
0.97 4.47939
0.98 4.48212
0.99 4.48487
1 4.48765
1.01 4.49044
1.02 4.49326
1.03 4.4961
1.04 4.49897
1.05 4.50185
1.06 4.50476
1.07 4.50769
1.08 4.51065
1.09 4.51363
1.1 4.51663
1.11 4.51966
1.12 4.52271
1.13 4.52579
1.14 4.52889
1.15 4.53202
1.16 4.53517
1.17 4.53835
1.18 4.54156
1.19 4.54479
1.2 4.54805
1.21 4.55133
1.22 4.55464
1.23 4.55798
1.24 4.56135
1.25 4.56474
1.26 4.56816
1.27 4.57161
1.28 4.57509
1.29 4.5786
1.3 4.58214
1.31 4.58571
1.32 4.5893
1.33 4.59293
1.34 4.59659
1.35 4.60027
1.36 4.60399
1.37 4.60774
1.38 4.61152
1.39 4.61533
1.4 4.61917
1.41 4.62305
1.42 4.62696
1.43 4.6309
1.44 4.63487
1.45 4.63887
1.46 4.64291
1.47 4.64698
1.48 4.65108
1.49 4.65522
1.5 4.65939
1.51 4.66359
1.52 4.66783
1.53 4.6721
1.54 4.67641
1.55 4.68075
1.56 4.68512
1.57 4.68953
1.58 4.69398
1.59 4.69846
1.6 4.70297
1.61 4.70752
1.62 4.7121
1.63 4.71672
1.64 4.72137
1.65 4.72606
1.66 4.73078
1.67 4.73554
1.68 4.74034
1.69 4.74516
1.7 4.75003
1.71 4.75492
1.72 4.75986
1.73 4.76482
1.74 4.76982
1.75 4.77486
1.76 4.77993
1.77 4.78503
1.78 4.79017
1.79 4.79534
1.8 4.80054
1.81 4.80578
1.82 4.81104
1.83 4.81635
1.84 4.82168
1.85 4.82704
1.86 4.83244
1.87 4.83787
1.88 4.84332
1.89 4.84881
1.9 4.85433
1.91 4.85987
1.92 4.86545
1.93 4.87105
1.94 4.87668
1.95 4.88234
1.96 4.88802
1.97 4.89373
1.98 4.89947
1.99 4.90523
2 4.91101
2.01 4.91682
2.02 4.92265
2.03 4.9285
2.04 4.93437
2.05 4.94026
2.06 4.94618
2.07 4.95211
2.08 4.95805
2.09 4.96402
2.1 4.97
2.11 4.976
2.12 4.98201
2.13 4.98804
2.14 4.99408
2.15 5.00013
2.16 5.00619
2.17 5.01226
2.18 5.01834
2.19 5.02443
2.2 5.03052
2.21 5.03662
2.22 5.04273
2.23 5.04884
2.24 5.05496
2.25 5.06107
2.26 5.06719
2.27 5.07331
2.28 5.07943
2.29 5.08554
2.3 5.09166
2.31 5.09776
2.32 5.10387
2.33 5.10997
2.34 5.11606
2.35 5.12215
2.36 5.12822
2.37 5.13429
2.38 5.14035
2.39 5.14639
2.4 5.15243
2.41 5.15845
2.42 5.16446
2.43 5.17045
2.44 5.17642
2.45 5.18238
2.46 5.18833
2.47 5.19425
2.48 5.20015
2.49 5.20604
2.5 5.21191
2.51 5.21775
2.52 5.22357
2.53 5.22937
2.54 5.23514
2.55 5.2409
2.56 5.24662
2.57 5.25232
2.58 5.258
2.59 5.26365
2.6 5.26927
2.61 5.27486
2.62 5.28043
2.63 5.28597
2.64 5.29147
2.65 5.29695
2.66 5.3024
2.67 5.30782
2.68 5.3132
2.69 5.31856
2.7 5.32388
2.71 5.32917
2.72 5.33443
2.73 5.33966
2.74 5.34485
2.75 5.35001
2.76 5.35514
2.77 5.36023
2.78 5.36529
2.79 5.37031
2.8 5.3753
2.81 5.38026
2.82 5.38518
2.83 5.39007
2.84 5.39492
2.85 5.39973
2.86 5.40451
2.87 5.40926
2.88 5.41397
2.89 5.41864
2.9 5.42328
2.91 5.42789
2.92 5.43246
2.93 5.43699
2.94 5.44149
2.95 5.44595
2.96 5.45038
2.97 5.45477
2.98 5.45912
2.99 5.46344
3 5.46773
3.01 5.47198
3.02 5.4762
3.03 5.48038
3.04 5.48453
3.05 5.48864
3.06 5.49272
3.07 5.49676
3.08 5.50077
3.09 5.50475
3.1 5.50869
3.11 5.5126
3.12 5.51647
3.13 5.52031
3.14 5.52412
3.15 5.52789
3.16 5.53164
3.17 5.53535
3.18 5.53902
3.19 5.54267
3.2 5.54628
3.21 5.54986
3.22 5.55341
3.23 5.55693
3.24 5.56042
3.25 5.56387
3.26 5.5673
3.27 5.57069
3.28 5.57406
3.29 5.57739
3.3 5.5807
3.31 5.58397
3.32 5.58722
3.33 5.59043
3.34 5.59362
3.35 5.59678
3.36 5.59991
3.37 5.60301
3.38 5.60609
3.39 5.60913
3.4 5.61215
3.41 5.61515
3.42 5.61811
3.43 5.62105
3.44 5.62396
3.45 5.62685
3.46 5.62971
3.47 5.63254
3.48 5.63535
3.49 5.63813
3.5 5.64089
3.51 5.64362
3.52 5.64633
3.53 5.64901
3.54 5.65167
3.55 5.65431
3.56 5.65692
3.57 5.65951
3.58 5.66208
3.59 5.66462
3.6 5.66714
3.61 5.66964
3.62 5.67211
3.63 5.67456
3.64 5.67699
3.65 5.6794
3.66 5.68179
3.67 5.68416
3.68 5.6865
3.69 5.68883
3.7 5.69113
3.71 5.69342
3.72 5.69568
3.73 5.69792
3.74 5.70015
3.75 5.70235
3.76 5.70454
3.77 5.7067
3.78 5.70885
3.79 5.71098
3.8 5.71309
3.81 5.71518
3.82 5.71725
3.83 5.71931
3.84 5.72135
3.85 5.72337
3.86 5.72537
3.87 5.72736
3.88 5.72932
3.89 5.73128
3.9 5.73321
3.91 5.73513
3.92 5.73703
3.93 5.73892
3.94 5.74079
3.95 5.74264
3.96 5.74448
3.97 5.74631
3.98 5.74811
3.99 5.74991
4 5.75169
4.01 5.75345
4.02 5.7552
4.03 5.75693
4.04 5.75865
4.05 5.76036
4.06 5.76205
4.07 5.76373
4.08 5.76539
4.09 5.76704
4.1 5.76868
4.11 5.7703
4.12 5.77192
4.13 5.77351
4.14 5.7751
4.15 5.77667
4.16 5.77823
4.17 5.77978
4.18 5.78131
4.19 5.78284
4.2 5.78435
4.21 5.78585
4.22 5.78734
4.23 5.78881
4.24 5.79028
4.25 5.79173
4.26 5.79317
4.27 5.7946
4.28 5.79602
4.29 5.79743
4.3 5.79883
4.31 5.80022
4.32 5.80159
4.33 5.80296
4.34 5.80432
4.35 5.80566
4.36 5.807
4.37 5.80832
4.38 5.80964
4.39 5.81095
4.4 5.81224
4.41 5.81353
4.42 5.81481
4.43 5.81608
4.44 5.81733
4.45 5.81858
4.46 5.81983
4.47 5.82106
4.48 5.82228
4.49 5.82349
4.5 5.8247
4.51 5.8259
4.52 5.82709
4.53 5.82827
4.54 5.82944
4.55 5.8306
4.56 5.83176
4.57 5.8329
4.58 5.83404
4.59 5.83518
4.6 5.8363
4.61 5.83742
4.62 5.83852
4.63 5.83963
4.64 5.84072
4.65 5.8418
4.66 5.84288
4.67 5.84396
4.68 5.84502
4.69 5.84608
4.7 5.84713
4.71 5.84817
4.72 5.84921
4.73 5.85024
4.74 5.85126
4.75 5.85228
4.76 5.85329
4.77 5.85429
4.78 5.85529
4.79 5.85628
4.8 5.85726
4.81 5.85824
4.82 5.85921
4.83 5.86018
4.84 5.86114
4.85 5.86209
4.86 5.86304
4.87 5.86398
4.88 5.86491
4.89 5.86584
4.9 5.86677
4.91 5.86769
4.92 5.8686
4.93 5.86951
4.94 5.87041
4.95 5.87131
4.96 5.8722
4.97 5.87308
4.98 5.87397
4.99 5.87484
5 5.87571
5.01 5.87658
5.02 5.87744
5.03 5.87829
5.04 5.87914
5.05 5.87999
5.06 5.88083
5.07 5.88167
5.08 5.8825
5.09 5.88332
5.1 5.88414
5.11 5.88496
5.12 5.88577
5.13 5.88658
5.14 5.88739
5.15 5.88819
5.16 5.88898
5.17 5.88977
5.18 5.89056
5.19 5.89134
5.2 5.89212
5.21 5.89289
5.22 5.89366
5.23 5.89443
5.24 5.89519
5.25 5.89594
5.26 5.8967
5.27 5.89745
5.28 5.89819
5.29 5.89893
5.3 5.89967
5.31 5.90041
5.32 5.90114
5.33 5.90186
5.34 5.90259
5.35 5.9033
5.36 5.90402
5.37 5.90473
5.38 5.90544
5.39 5.90615
5.4 5.90685
5.41 5.90755
5.42 5.90824
5.43 5.90893
5.44 5.90962
5.45 5.91031
5.46 5.91099
5.47 5.91167
5.48 5.91234
5.49 5.91301
5.5 5.91368
5.51 5.91435
5.52 5.91501
5.53 5.91567
5.54 5.91633
5.55 5.91698
5.56 5.91763
5.57 5.91828
5.58 5.91893
5.59 5.91957
5.6 5.92021
5.61 5.92085
5.62 5.92148
5.63 5.92211
5.64 5.92274
5.65 5.92337
5.66 5.92399
5.67 5.92461
5.68 5.92523
5.69 5.92585
5.7 5.92646
5.71 5.92707
5.72 5.92768
5.73 5.92829
5.74 5.92889
5.75 5.92949
5.76 5.93009
5.77 5.93069
5.78 5.93128
5.79 5.93188
5.8 5.93247
5.81 5.93305
5.82 5.93364
5.83 5.93422
5.84 5.93481
5.85 5.93539
5.86 5.93596
5.87 5.93654
5.88 5.93711
5.89 5.93768
5.9 5.93825
5.91 5.93882
5.92 5.93939
5.93 5.93995
5.94 5.94052
5.95 5.94108
5.96 5.94164
5.97 5.94219
5.98 5.94275
5.99 5.9433
6 5.94386
6.01 5.94441
6.02 5.94496
6.03 5.94551
6.04 5.94605
6.05 5.9466
6.06 5.94714
6.07 5.94769
6.08 5.94823
6.09 5.94877
6.1 5.94931
6.11 5.94984
6.12 5.95038
6.13 5.95091
6.14 5.95145
6.15 5.95198
6.16 5.95251
6.17 5.95304
6.18 5.95357
6.19 5.9541
6.2 5.95463
6.21 5.95516
6.22 5.95568
6.23 5.95621
6.24 5.95674
6.25 5.95726
6.26 5.95778
6.27 5.9583
6.28 5.95883
6.29 5.95935
6.3 5.95987
6.31 5.96039
6.32 5.96091
6.33 5.96143
6.34 5.96195
6.35 5.96247
6.36 5.96298
6.37 5.9635
6.38 5.96402
6.39 5.96454
6.4 5.96505
6.41 5.96557
6.42 5.96609
6.43 5.96661
6.44 5.96712
6.45 5.96764
6.46 5.96816
6.47 5.96867
6.48 5.96919
6.49 5.96971
6.5 5.97023
6.51 5.97075
6.52 5.97126
6.53 5.97178
6.54 5.9723
6.55 5.97282
6.56 5.97334
6.57 5.97386
6.58 5.97438
6.59 5.97491
6.6 5.97543
6.61 5.97595
6.62 5.97648
6.63 5.977
6.64 5.97753
6.65 5.97806
6.66 5.97858
6.67 5.97911
6.68 5.97964
6.69 5.98017
6.7 5.98071
6.71 5.98124
6.72 5.98177
6.73 5.98231
6.74 5.98285
6.75 5.98339
6.76 5.98393
6.77 5.98447
6.78 5.98501
6.79 5.98556
6.8 5.9861
6.81 5.98665
6.82 5.9872
6.83 5.98775
6.84 5.98831
6.85 5.98886
6.86 5.98942
6.87 5.98998
6.88 5.99054
6.89 5.9911
6.9 5.99167
6.91 5.99224
6.92 5.99281
6.93 5.99338
6.94 5.99395
6.95 5.99453
6.96 5.99511
6.97 5.99569
6.98 5.99628
6.99 5.99686
7 5.99745
7.01 5.99805
7.02 5.99864
7.03 5.99924
7.04 5.99984
7.05 6.00044
7.06 6.00105
7.07 6.00165
7.08 6.00227
7.09 6.00288
7.1 6.0035
7.11 6.00412
7.12 6.00474
7.13 6.00537
7.14 6.006
7.15 6.00663
7.16 6.00727
7.17 6.00791
7.18 6.00855
7.19 6.0092
7.2 6.00985
7.21 6.0105
7.22 6.01116
7.23 6.01182
7.24 6.01248
7.25 6.01315
7.26 6.01382
7.27 6.01449
7.28 6.01517
7.29 6.01585
7.3 6.01653
7.31 6.01722
7.32 6.01791
7.33 6.0186
7.34 6.0193
7.35 6.02
7.36 6.02071
7.37 6.02142
7.38 6.02213
7.39 6.02285
7.4 6.02357
7.41 6.02429
7.42 6.02502
7.43 6.02575
7.44 6.02648
7.45 6.02722
7.46 6.02796
7.47 6.0287
7.48 6.02945
7.49 6.0302
7.5 6.03095
7.51 6.03171
7.52 6.03247
7.53 6.03324
7.54 6.034
7.55 6.03477
7.56 6.03554
7.57 6.03632
7.58 6.0371
7.59 6.03788
7.6 6.03866
7.61 6.03945
7.62 6.04024
7.63 6.04103
7.64 6.04182
7.65 6.04261
7.66 6.04341
7.67 6.04421
7.68 6.04501
7.69 6.04581
7.7 6.04662
7.71 6.04742
7.72 6.04823
7.73 6.04904
7.74 6.04985
7.75 6.05066
7.76 6.05147
7.77 6.05228
7.78 6.05309
7.79 6.0539
7.8 6.05471
7.81 6.05552
7.82 6.05633
7.83 6.05714
7.84 6.05794
7.85 6.05875
7.86 6.05955
7.87 6.06036
7.88 6.06116
7.89 6.06196
7.9 6.06275
7.91 6.06355
7.92 6.06433
7.93 6.06512
7.94 6.0659
7.95 6.06668
7.96 6.06746
7.97 6.06822
7.98 6.06899
7.99 6.06975
8 6.0705
8.01 6.07124
8.02 6.07198
8.03 6.07272
8.04 6.07344
8.05 6.07416
8.06 6.07487
8.07 6.07557
8.08 6.07626
8.09 6.07694
8.1 6.07761
8.11 6.07827
8.12 6.07892
8.13 6.07956
8.14 6.08019
8.15 6.0808
8.16 6.0814
8.17 6.08199
8.18 6.08256
8.19 6.08312
8.2 6.08366
8.21 6.08419
8.22 6.0847
8.23 6.0852
8.24 6.08567
8.25 6.08613
8.26 6.08657
8.27 6.08699
8.28 6.08739
8.29 6.08777
8.3 6.08813
8.31 6.08847
8.32 6.08878
8.33 6.08907
8.34 6.08934
8.35 6.08958
8.36 6.0898
8.37 6.08999
8.38 6.09015
8.39 6.09029
8.4 6.0904
8.41 6.09047
8.42 6.09052
8.43 6.09054
8.44 6.09053
8.45 6.09049
8.46 6.09041
8.47 6.0903
8.48 6.09015
8.49 6.08997
8.5 6.08975
8.51 6.0895
8.52 6.08921
8.53 6.08888
8.54 6.08851
8.55 6.08811
8.56 6.08766
8.57 6.08717
8.58 6.08664
8.59 6.08606
8.6 6.08544
8.61 6.08478
8.62 6.08407
8.63 6.08331
8.64 6.08251
8.65 6.08165
8.66 6.08075
8.67 6.0798
8.68 6.0788
8.69 6.07775
8.7 6.07664
8.71 6.07548
8.72 6.07427
8.73 6.07301
8.74 6.07168
8.75 6.07031
8.76 6.06887
8.77 6.06738
8.78 6.06583
8.79 6.06422
8.8 6.06255
8.81 6.06082
8.82 6.05902
8.83 6.05717
8.84 6.05525
8.85 6.05327
8.86 6.05122
8.87 6.04911
8.88 6.04693
8.89 6.04469
8.9 6.04238
8.91 6.04
8.92 6.03755
8.93 6.03504
8.94 6.03245
8.95 6.0298
8.96 6.02707
8.97 6.02427
8.98 6.02141
8.99 6.01847
9 6.01545
9.01 6.01237
9.02 6.00921
9.03 6.00597
9.04 6.00267
9.05 5.99929
9.06 5.99583
9.07 5.9923
9.08 5.98869
9.09 5.98501
9.1 5.98125
9.11 5.97742
9.12 5.97351
9.13 5.96952
9.14 5.96546
9.15 5.96132
9.16 5.9571
9.17 5.95281
9.18 5.94844
9.19 5.944
9.2 5.93948
9.21 5.93488
9.22 5.93021
9.23 5.92547
9.24 5.92064
9.25 5.91575
9.26 5.91078
9.27 5.90573
9.28 5.90061
9.29 5.89542
9.3 5.89015
9.31 5.88482
9.32 5.87941
9.33 5.87393
9.34 5.86837
9.35 5.86275
9.36 5.85706
9.37 5.85131
9.38 5.84548
9.39 5.83959
9.4 5.83363
9.41 5.82761
9.42 5.82152
9.43 5.81537
9.44 5.80916
9.45 5.80289
9.46 5.79656
9.47 5.79017
9.48 5.78372
9.49 5.77722
9.5 5.77066
9.51 5.76405
9.52 5.75738
9.53 5.75066
9.54 5.74389
9.55 5.73708
9.56 5.73022
9.57 5.72331
9.58 5.71635
9.59 5.70935
9.6 5.70232
9.61 5.69524
9.62 5.68812
9.63 5.68096
9.64 5.67377
9.65 5.66655
9.66 5.65929
9.67 5.652
9.68 5.64468
9.69 5.63733
9.7 5.62995
9.71 5.62256
9.72 5.61513
9.73 5.60769
9.74 5.60022
9.75 5.59273
9.76 5.58523
9.77 5.57771
9.78 5.57018
9.79 5.56263
9.8 5.55508
9.81 5.54751
9.82 5.53993
9.83 5.53235
9.84 5.52476
9.85 5.51717
9.86 5.50957
9.87 5.50198
9.88 5.49438
9.89 5.48679
9.9 5.47919
9.91 5.47161
9.92 5.46402
9.93 5.45645
9.94 5.44888
9.95 5.44132
9.96 5.43378
9.97 5.42624
9.98 5.41872
9.99 5.41121
10 5.40371
10.001 5
