0 -10
0.01 -8.05588
0.02 -8.04865
0.03 -8.04137
0.04 -8.03403
0.05 -8.02663
0.06 -8.01917
0.07 -8.01165
0.08 -8.00407
0.09 -7.99643
0.1 -7.98872
0.11 -7.98094
0.12 -7.9731
0.13 -7.96519
0.14 -7.9572
0.15 -7.94915
0.16 -7.94102
0.17 -7.93281
0.18 -7.92453
0.19 -7.91617
0.2 -7.90773
0.21 -7.89921
0.22 -7.8906
0.23 -7.88191
0.24 -7.87314
0.25 -7.86427
0.26 -7.85532
0.27 -7.84627
0.28 -7.83713
0.29 -7.8279
0.3 -7.81857
0.31 -7.80914
0.32 -7.79961
0.33 -7.78998
0.34 -7.78024
0.35 -7.7704
0.36 -7.76046
0.37 -7.7504
0.38 -7.74024
0.39 -7.72996
0.4 -7.71957
0.41 -7.70906
0.42 -7.69844
0.43 -7.6877
0.44 -7.67684
0.45 -7.66585
0.46 -7.65475
0.47 -7.64352
0.48 -7.63216
0.49 -7.62068
0.5 -7.60907
0.51 -7.59733
0.52 -7.58546
0.53 -7.57346
0.54 -7.56132
0.55 -7.54906
0.56 -7.53665
0.57 -7.52412
0.58 -7.51144
0.59 -7.49864
0.6 -7.48569
0.61 -7.47261
0.62 -7.45939
0.63 -7.44603
0.64 -7.43254
0.65 -7.41891
0.66 -7.40514
0.67 -7.39124
0.68 -7.3772
0.69 -7.36303
0.7 -7.34872
0.71 -7.33428
0.72 -7.31971
0.73 -7.30501
0.74 -7.29018
0.75 -7.27522
0.76 -7.26014
0.77 -7.24494
0.78 -7.22961
0.79 -7.21417
0.8 -7.19861
0.81 -7.18294
0.82 -7.16716
0.83 -7.15127
0.84 -7.13529
0.85 -7.1192
0.86 -7.10302
0.87 -7.08675
0.88 -7.07039
0.89 -7.05395
0.9 -7.03743
0.91 -7.02084
0.92 -7.00418
0.93 -6.98746
0.94 -6.97069
0.95 -6.95386
0.96 -6.93699
0.97 -6.92008
0.98 -6.90313
0.99 -6.88616
1 -6.86917
1.01 -6.85216
1.02 -6.83515
1.03 -6.81813
1.04 -6.80112
1.05 -6.78413
1.06 -6.76715
1.07 -6.7502
1.08 -6.73328
1.09 -6.7164
1.1 -6.69957
1.11 -6.6828
1.12 -6.66609
1.13 -6.64944
1.14 -6.63287
1.15 -6.61639
1.16 -6.59999
1.17 -6.58369
1.18 -6.56749
1.19 -6.5514
1.2 -6.53543
1.21 -6.51958
1.22 -6.50386
1.23 -6.48827
1.24 -6.47282
1.25 -6.45752
1.26 -6.44236
1.27 -6.42736
1.28 -6.41253
1.29 -6.39786
1.3 -6.38336
1.31 -6.36903
1.32 -6.35488
1.33 -6.34091
1.34 -6.32713
1.35 -6.31353
1.36 -6.30013
1.37 -6.28692
1.38 -6.27391
1.39 -6.2611
1.4 -6.24848
1.41 -6.23607
1.42 -6.22387
1.43 -6.21186
1.44 -6.20007
1.45 -6.18848
1.46 -6.17709
1.47 -6.16592
1.48 -6.15495
1.49 -6.14418
1.5 -6.13363
1.51 -6.12328
1.52 -6.11313
1.53 -6.10319
1.54 -6.09345
1.55 -6.08391
1.56 -6.07457
1.57 -6.06543
1.58 -6.05649
1.59 -6.04774
1.6 -6.03918
1.61 -6.03082
1.62 -6.02264
1.63 -6.01465
1.64 -6.00684
1.65 -5.99921
1.66 -5.99176
1.67 -5.98449
1.68 -5.97738
1.69 -5.97045
1.7 -5.96369
1.71 -5.95709
1.72 -5.95066
1.73 -5.94438
1.74 -5.93826
1.75 -5.93229
1.76 -5.92647
1.77 -5.92081
1.78 -5.91528
1.79 -5.9099
1.8 -5.90465
1.81 -5.89954
1.82 -5.89457
1.83 -5.88972
1.84 -5.885
1.85 -5.88041
1.86 -5.87593
1.87 -5.87158
1.88 -5.86734
1.89 -5.86322
1.9 -5.85921
1.91 -5.8553
1.92 -5.8515
1.93 -5.84781
1.94 -5.84421
1.95 -5.84071
1.96 -5.83731
1.97 -5.83401
1.98 -5.83079
1.99 -5.82766
2 -5.82462
2.01 -5.82166
2.02 -5.81879
2.03 -5.81599
2.04 -5.81327
2.05 -5.81063
2.06 -5.80806
2.07 -5.80557
2.08 -5.80314
2.09 -5.80078
2.1 -5.79849
2.11 -5.79627
2.12 -5.7941
2.13 -5.792
2.14 -5.78995
2.15 -5.78797
2.16 -5.78604
2.17 -5.78416
2.18 -5.78234
2.19 -5.78057
2.2 -5.77885
2.21 -5.77718
2.22 -5.77555
2.23 -5.77397
2.24 -5.77244
2.25 -5.77095
2.26 -5.7695
2.27 -5.76809
2.28 -5.76672
2.29 -5.7654
2.3 -5.7641
2.31 -5.76285
2.32 -5.76163
2.33 -5.76044
2.34 -5.75929
2.35 -5.75817
2.36 -5.75708
2.37 -5.75603
2.38 -5.755
2.39 -5.754
2.4 -5.75303
2.41 -5.75208
2.42 -5.75116
2.43 -5.75027
2.44 -5.7494
2.45 -5.74856
2.46 -5.74774
2.47 -5.74694
2.48 -5.74616
2.49 -5.7454
2.5 -5.74467
2.51 -5.74395
2.52 -5.74326
2.53 -5.74258
2.54 -5.74192
2.55 -5.74127
2.56 -5.74065
2.57 -5.74004
2.58 -5.73944
2.59 -5.73887
2.6 -5.7383
2.61 -5.73775
2.62 -5.73722
2.63 -5.73669
2.64 -5.73619
2.65 -5.73569
2.66 -5.7352
2.67 -5.73473
2.68 -5.73427
2.69 -5.73382
2.7 -5.73338
2.71 -5.73295
2.72 -5.73253
2.73 -5.73212
2.74 -5.73171
2.75 -5.73132
2.76 -5.73094
2.77 -5.73056
2.78 -5.73019
2.79 -5.72983
2.8 -5.72948
2.81 -5.72913
2.82 -5.72879
2.83 -5.72846
2.84 -5.72813
2.85 -5.72781
2.86 -5.7275
2.87 -5.72719
2.88 -5.72688
2.89 -5.72658
2.9 -5.72629
2.91 -5.726
2.92 -5.72571
2.93 -5.72543
2.94 -5.72516
2.95 -5.72488
2.96 -5.72461
2.97 -5.72435
2.98 -5.72409
2.99 -5.72383
3 -5.72357
3.01 -5.72332
3.02 -5.72307
3.03 -5.72282
3.04 -5.72258
3.05 -5.72233
3.06 -5.72209
3.07 -5.72185
3.08 -5.72162
3.09 -5.72138
3.1 -5.72115
3.11 -5.72092
3.12 -5.72069
3.13 -5.72046
3.14 -5.72023
3.15 -5.72
3.16 -5.71978
3.17 -5.71956
3.18 -5.71933
3.19 -5.71911
3.2 -5.71889
3.21 -5.71866
3.22 -5.71844
3.23 -5.71822
3.24 -5.718
3.25 -5.71778
3.26 -5.71756
3.27 -5.71734
3.28 -5.71712
3.29 -5.7169
3.3 -5.71668
3.31 -5.71646
3.32 -5.71624
3.33 -5.71602
3.34 -5.7158
3.35 -5.71558
3.36 -5.71536
3.37 -5.71513
3.38 -5.71491
3.39 -5.71469
3.4 -5.71446
3.41 -5.71424
3.42 -5.71401
3.43 -5.71379
3.44 -5.71356
3.45 -5.71333
3.46 -5.7131
3.47 -5.71287
3.48 -5.71264
3.49 -5.71241
3.5 -5.71217
3.51 -5.71194
3.52 -5.7117
3.53 -5.71147
3.54 -5.71123
3.55 -5.71099
3.56 -5.71075
3.57 -5.71051
3.58 -5.71026
3.59 -5.71002
3.6 -5.70977
3.61 -5.70953
3.62 -5.70928
3.63 -5.70903
3.64 -5.70878
3.65 -5.70852
3.66 -5.70827
3.67 -5.70801
3.68 -5.70775
3.69 -5.70749
3.7 -5.70723
3.71 -5.70697
3.72 -5.70671
3.73 -5.70644
3.74 -5.70617
3.75 -5.70591
3.76 -5.70563
3.77 -5.70536
3.78 -5.70509
3.79 -5.70481
3.8 -5.70453
3.81 -5.70426
3.82 -5.70397
3.83 -5.70369
3.84 -5.70341
3.85 -5.70312
3.86 -5.70283
3.87 -5.70254
3.88 -5.70225
3.89 -5.70196
3.9 -5.70166
3.91 -5.70137
3.92 -5.70107
3.93 -5.70077
3.94 -5.70047
3.95 -5.70016
3.96 -5.69986
3.97 -5.69955
3.98 -5.69924
3.99 -5.69893
4 -5.69862
4.01 -5.6983
4.02 -5.69798
4.03 -5.69767
4.04 -5.69735
4.05 -5.69702
4.06 -5.6967
4.07 -5.69638
4.08 -5.69605
4.09 -5.69572
4.1 -5.69539
4.11 -5.69506
4.12 -5.69472
4.13 -5.69439
4.14 -5.69405
4.15 -5.69371
4.16 -5.69337
4.17 -5.69302
4.18 -5.69268
4.19 -5.69233
4.2 -5.69198
4.21 -5.69163
4.22 -5.69128
4.23 -5.69093
4.24 -5.69057
4.25 -5.69022
4.26 -5.68986
4.27 -5.6895
4.28 -5.68914
4.29 -5.68877
4.3 -5.68841
4.31 -5.68804
4.32 -5.68767
4.33 -5.6873
4.34 -5.68693
4.35 -5.68656
4.36 -5.68618
4.37 -5.68581
4.38 -5.68543
4.39 -5.68505
4.4 -5.68467
4.41 -5.68429
4.42 -5.6839
4.43 -5.68352
4.44 -5.68313
4.45 -5.68274
4.46 -5.68235
4.47 -5.68196
4.48 -5.68157
4.49 -5.68118
4.5 -5.68078
4.51 -5.68039
4.52 -5.67999
4.53 -5.67959
4.54 -5.67919
4.55 -5.67879
4.56 -5.67838
4.57 -5.67798
4.58 -5.67757
4.59 -5.67717
4.6 -5.67676
4.61 -5.67635
4.62 -5.67594
4.63 -5.67553
4.64 -5.67512
4.65 -5.6747
4.66 -5.67429
4.67 -5.67387
4.68 -5.67345
4.69 -5.67304
4.7 -5.67262
4.71 -5.6722
4.72 -5.67178
4.73 -5.67135
4.74 -5.67093
4.75 -5.67051
4.76 -5.67008
4.77 -5.66965
4.78 -5.66923
4.79 -5.6688
4.8 -5.66837
4.81 -5.66794
4.82 -5.66751
4.83 -5.66708
4.84 -5.66665
4.85 -5.66621
4.86 -5.66578
4.87 -5.66534
4.88 -5.66491
4.89 -5.66447
4.9 -5.66403
4.91 -5.6636
4.92 -5.66316
4.93 -5.66272
4.94 -5.66228
4.95 -5.66184
4.96 -5.66139
4.97 -5.66095
4.98 -5.66051
4.99 -5.66006
5 -5.65962
5.01 -5.65917
5.02 -5.65872
5.03 -5.65828
5.04 -5.65783
5.05 -5.65738
5.06 -5.65693
5.07 -5.65648
5.08 -5.65603
5.09 -5.65557
5.1 -5.65512
5.11 -5.65467
5.12 -5.65421
5.13 -5.65376
5.14 -5.6533
5.15 -5.65284
5.16 -5.65238
5.17 -5.65192
5.18 -5.65146
5.19 -5.651
5.2 -5.65054
5.21 -5.65008
5.22 -5.64961
5.23 -5.64915
5.24 -5.64868
5.25 -5.64821
5.26 -5.64774
5.27 -5.64727
5.28 -5.6468
5.29 -5.64633
5.3 -5.64585
5.31 -5.64537
5.32 -5.6449
5.33 -5.64442
5.34 -5.64394
5.35 -5.64345
5.36 -5.64297
5.37 -5.64248
5.38 -5.642
5.39 -5.64151
5.4 -5.64102
5.41 -5.64052
5.42 -5.64003
5.43 -5.63953
5.44 -5.63903
5.45 -5.63853
5.46 -5.63802
5.47 -5.63752
5.48 -5.63701
5.49 -5.6365
5.5 -5.63598
5.51 -5.63546
5.52 -5.63494
5.53 -5.63442
5.54 -5.6339
5.55 -5.63337
5.56 -5.63283
5.57 -5.6323
5.58 -5.63176
5.59 -5.63122
5.6 -5.63067
5.61 -5.63012
5.62 -5.62957
5.63 -5.62901
5.64 -5.62845
5.65 -5.62788
5.66 -5.62731
5.67 -5.62674
5.68 -5.62616
5.69 -5.62558
5.7 -5.62499
5.71 -5.6244
5.72 -5.6238
5.73 -5.6232
5.74 -5.62259
5.75 -5.62198
5.76 -5.62136
5.77 -5.62074
5.78 -5.62011
5.79 -5.61947
5.8 -5.61883
5.81 -5.61818
5.82 -5.61753
5.83 -5.61687
5.84 -5.61621
5.85 -5.61553
5.86 -5.61486
5.87 -5.61417
5.88 -5.61348
5.89 -5.61278
5.9 -5.61207
5.91 -5.61136
5.92 -5.61064
5.93 -5.60991
5.94 -5.60917
5.95 -5.60843
5.96 -5.60768
5.97 -5.60692
5.98 -5.60615
5.99 -5.60537
6 -5.60459
6.01 -5.60379
6.02 -5.60299
6.03 -5.60218
6.04 -5.60136
6.05 -5.60054
6.06 -5.5997
6.07 -5.59885
6.08 -5.598
6.09 -5.59713
6.1 -5.59626
6.11 -5.59537
6.12 -5.59448
6.13 -5.59358
6.14 -5.59267
6.15 -5.59174
6.16 -5.59081
6.17 -5.58987
6.18 -5.58892
6.19 -5.58795
6.2 -5.58698
6.21 -5.586
6.22 -5.58501
6.23 -5.584
6.24 -5.58299
6.25 -5.58197
6.26 -5.58093
6.27 -5.57989
6.28 -5.57883
6.29 -5.57777
6.3 -5.57669
6.31 -5.57561
6.32 -5.57451
6.33 -5.5734
6.34 -5.57228
6.35 -5.57116
6.36 -5.57002
6.37 -5.56887
6.38 -5.56771
6.39 -5.56655
6.4 -5.56537
6.41 -5.56418
6.42 -5.56298
6.43 -5.56177
6.44 -5.56056
6.45 -5.55933
6.46 -5.5581
6.47 -5.55685
6.48 -5.5556
6.49 -5.55433
6.5 -5.55306
6.51 -5.55178
6.52 -5.5505
6.53 -5.5492
6.54 -5.5479
6.55 -5.54659
6.56 -5.54527
6.57 -5.54394
6.58 -5.54261
6.59 -5.54127
6.6 -5.53992
6.61 -5.53857
6.62 -5.53722
6.63 -5.53586
6.64 -5.53449
6.65 -5.53312
6.66 -5.53174
6.67 -5.53036
6.68 -5.52898
6.69 -5.5276
6.7 -5.52621
6.71 -5.52482
6.72 -5.52343
6.73 -5.52204
6.74 -5.52065
6.75 -5.51925
6.76 -5.51786
6.77 -5.51647
6.78 -5.51508
6.79 -5.5137
6.8 -5.51231
6.81 -5.51093
6.82 -5.50956
6.83 -5.50818
6.84 -5.50682
6.85 -5.50546
6.86 -5.50411
6.87 -5.50276
6.88 -5.50142
6.89 -5.50009
6.9 -5.49877
6.91 -5.49747
6.92 -5.49617
6.93 -5.49488
6.94 -5.49361
6.95 -5.49235
6.96 -5.49111
6.97 -5.48988
6.98 -5.48867
6.99 -5.48747
7 -5.48629
7.01 -5.48513
7.02 -5.484
7.03 -5.48288
7.04 -5.48178
7.05 -5.48071
7.06 -5.47966
7.07 -5.47863
7.08 -5.47763
7.09 -5.47666
7.1 -5.47571
7.11 -5.4748
7.12 -5.47391
7.13 -5.47305
7.14 -5.47223
7.15 -5.47144
7.16 -5.47068
7.17 -5.46996
7.18 -5.46927
7.19 -5.46862
7.2 -5.46801
7.21 -5.46744
7.22 -5.4669
7.23 -5.46641
7.24 -5.46597
7.25 -5.46556
7.26 -5.4652
7.27 -5.46489
7.28 -5.46462
7.29 -5.4644
7.3 -5.46424
7.31 -5.46412
7.32 -5.46405
7.33 -5.46403
7.34 -5.46407
7.35 -5.46417
7.36 -5.46432
7.37 -5.46452
7.38 -5.46478
7.39 -5.46511
7.4 -5.46549
7.41 -5.46593
7.42 -5.46644
7.43 -5.467
7.44 -5.46764
7.45 -5.46833
7.46 -5.46909
7.47 -5.46992
7.48 -5.47082
7.49 -5.47178
7.5 -5.47282
7.51 -5.47392
7.52 -5.4751
7.53 -5.47634
7.54 -5.47766
7.55 -5.47906
7.56 -5.48053
7.57 -5.48207
7.58 -5.48369
7.59 -5.48538
7.6 -5.48715
7.61 -5.489
7.62 -5.49093
7.63 -5.49293
7.64 -5.49502
7.65 -5.49718
7.66 -5.49942
7.67 -5.50175
7.68 -5.50415
7.69 -5.50664
7.7 -5.50921
7.71 -5.51186
7.72 -5.51459
7.73 -5.51741
7.74 -5.52031
7.75 -5.52329
7.76 -5.52635
7.77 -5.5295
7.78 -5.53273
7.79 -5.53604
7.8 -5.53943
7.81 -5.54291
7.82 -5.54647
7.83 -5.55011
7.84 -5.55384
7.85 -5.55765
7.86 -5.56153
7.87 -5.56551
7.88 -5.56956
7.89 -5.57369
7.9 -5.5779
7.91 -5.58219
7.92 -5.58656
7.93 -5.59102
7.94 -5.59554
7.95 -5.60015
7.96 -5.60483
7.97 -5.60959
7.98 -5.61442
7.99 -5.61933
8 -5.62432
8.01 -5.62937
8.02 -5.6345
8.03 -5.6397
8.04 -5.64497
8.05 -5.6503
8.06 -5.65571
8.07 -5.66118
8.08 -5.66672
8.09 -5.67233
8.1 -5.67799
8.11 -5.68372
8.12 -5.68952
8.13 -5.69537
8.14 -5.70128
8.15 -5.70725
8.16 -5.71328
8.17 -5.71936
8.18 -5.72549
8.19 -5.73168
8.2 -5.73792
8.21 -5.74421
8.22 -5.75055
8.23 -5.75693
8.24 -5.76336
8.25 -5.76984
8.26 -5.77636
8.27 -5.78292
8.28 -5.78952
8.29 -5.79616
8.3 -5.80283
8.31 -5.80954
8.32 -5.81629
8.33 -5.82307
8.34 -5.82988
8.35 -5.83673
8.36 -5.8436
8.37 -5.8505
8.38 -5.85742
8.39 -5.86437
8.4 -5.87134
8.41 -5.87834
8.42 -5.88535
8.43 -5.89239
8.44 -5.89944
8.45 -5.90651
8.46 -5.91359
8.47 -5.92069
8.48 -5.9278
8.49 -5.93493
8.5 -5.94206
8.51 -5.9492
8.52 -5.95635
8.53 -5.96351
8.54 -5.97067
8.55 -5.97783
8.56 -5.985
8.57 -5.99217
8.58 -5.99934
8.59 -6.00651
8.6 -6.01368
8.61 -6.02085
8.62 -6.02801
8.63 -6.03517
8.64 -6.04233
8.65 -6.04948
8.66 -6.05662
8.67 -6.06375
8.68 -6.07088
8.69 -6.07799
8.7 -6.08509
8.71 -6.09219
8.72 -6.09927
8.73 -6.10633
8.74 -6.11339
8.75 -6.12043
8.76 -6.12745
8.77 -6.13446
8.78 -6.14145
8.79 -6.14843
8.8 -6.15539
8.81 -6.16232
8.82 -6.16925
8.83 -6.17615
8.84 -6.18303
8.85 -6.18989
8.86 -6.19673
8.87 -6.20355
8.88 -6.21035
8.89 -6.21712
8.9 -6.22387
8.91 -6.2306
8.92 -6.23731
8.93 -6.24399
8.94 -6.25065
8.95 -6.25728
8.96 -6.26389
8.97 -6.27048
8.98 -6.27704
8.99 -6.28357
9 -6.29008
9.01 -6.29656
9.02 -6.30301
9.03 -6.30944
9.04 -6.31585
9.05 -6.32222
9.06 -6.32857
9.07 -6.33489
9.08 -6.34119
9.09 -6.34746
9.1 -6.3537
9.11 -6.35991
9.12 -6.36609
9.13 -6.37225
9.14 -6.37838
9.15 -6.38448
9.16 -6.39055
9.17 -6.3966
9.18 -6.40261
9.19 -6.4086
9.2 -6.41456
9.21 -6.4205
9.22 -6.4264
9.23 -6.43228
9.24 -6.43812
9.25 -6.44394
9.26 -6.44973
9.27 -6.4555
9.28 -6.46123
9.29 -6.46694
9.3 -6.47262
9.31 -6.47827
9.32 -6.48389
9.33 -6.48949
9.34 -6.49506
9.35 -6.5006
9.36 -6.50611
9.37 -6.51159
9.38 -6.51705
9.39 -6.52248
9.4 -6.52788
9.41 -6.53326
9.42 -6.5386
9.43 -6.54392
9.44 -6.54922
9.45 -6.55448
9.46 -6.55972
9.47 -6.56493
9.48 -6.57012
9.49 -6.57528
9.5 -6.58041
9.51 -6.58552
9.52 -6.5906
9.53 -6.59565
9.54 -6.60068
9.55 -6.60568
9.56 -6.61066
9.57 -6.61561
9.58 -6.62053
9.59 -6.62543
9.6 -6.6303
9.61 -6.63515
9.62 -6.63998
9.63 -6.64478
9.64 -6.64955
9.65 -6.6543
9.66 -6.65902
9.67 -6.66372
9.68 -6.6684
9.69 -6.67305
9.7 -6.67768
9.71 -6.68228
9.72 -6.68686
9.73 -6.69142
9.74 -6.69595
9.75 -6.70046
9.76 -6.70494
9.77 -6.70941
9.78 -6.71385
9.79 -6.71826
9.8 -6.72266
9.81 -6.72703
9.82 -6.73138
9.83 -6.7357
9.84 -6.74
9.85 -6.74429
9.86 -6.74855
9.87 -6.75278
9.88 -6.757
9.89 -6.76119
9.9 -6.76536
9.91 -6.76952
9.92 -6.77364
9.93 -6.77775
9.94 -6.78184
9.95 -6.78591
9.96 -6.78995
9.97 -6.79398
9.98 -6.79798
9.99 -6.80197
10 -6.80593
10.001 -10
