0 5
0.01 4.13452
0.02 4.13668
0.03 4.13886
0.04 4.14108
0.05 4.14332
0.06 4.1456
0.07 4.1479
0.08 4.15023
0.09 4.1526
0.1 4.155
0.11 4.15743
0.12 4.15989
0.13 4.16239
0.14 4.16492
0.15 4.16748
0.16 4.17009
0.17 4.17272
0.18 4.1754
0.19 4.17811
0.2 4.18085
0.21 4.18364
0.22 4.18647
0.23 4.18934
0.24 4.19224
0.25 4.19519
0.26 4.19819
0.27 4.20122
0.28 4.2043
0.29 4.20743
0.3 4.2106
0.31 4.21382
0.32 4.21709
0.33 4.22041
0.34 4.22378
0.35 4.2272
0.36 4.23067
0.37 4.2342
0.38 4.23778
0.39 4.24141
0.4 4.24511
0.41 4.24886
0.42 4.25267
0.43 4.25654
0.44 4.26048
0.45 4.26448
0.46 4.26854
0.47 4.27267
0.48 4.27687
0.49 4.28113
0.5 4.28547
0.51 4.28988
0.52 4.29436
0.53 4.29892
0.54 4.30356
0.55 4.30827
0.56 4.31306
0.57 4.31793
0.58 4.32289
0.59 4.32793
0.6 4.33306
0.61 4.33827
0.62 4.34358
0.63 4.34897
0.64 4.35446
0.65 4.36004
0.66 4.36571
0.67 4.37149
0.68 4.37736
0.69 4.38333
0.7 4.3894
0.71 4.39558
0.72 4.40186
0.73 4.40825
0.74 4.41474
0.75 4.42135
0.76 4.42806
0.77 4.43488
0.78 4.44182
0.79 4.44886
0.8 4.45603
0.81 4.4633
0.82 4.47069
0.83 4.4782
0.84 4.48582
0.85 4.49356
0.86 4.50142
0.87 4.50939
0.88 4.51749
0.89 4.52569
0.9 4.53402
0.91 4.54246
0.92 4.55102
0.93 4.55969
0.94 4.56848
0.95 4.57737
0.96 4.58638
0.97 4.5955
0.98 4.60473
0.99 4.61406
1 4.6235
1.01 4.63304
1.02 4.64268
1.03 4.65242
1.04 4.66225
1.05 4.67217
1.06 4.68217
1.07 4.69227
1.08 4.70244
1.09 4.71269
1.1 4.72301
1.11 4.7334
1.12 4.74385
1.13 4.75436
1.14 4.76493
1.15 4.77555
1.16 4.78621
1.17 4.79691
1.18 4.80765
1.19 4.81842
1.2 4.82921
1.21 4.84003
1.22 4.85085
1.23 4.86169
1.24 4.87253
1.25 4.88337
1.26 4.8942
1.27 4.90502
1.28 4.91582
1.29 4.9266
1.3 4.93735
1.31 4.94807
1.32 4.95875
1.33 4.96939
1.34 4.97998
1.35 4.99052
1.36 5.001
1.37 5.01142
1.38 5.02178
1.39 5.03207
1.4 5.04229
1.41 5.05243
1.42 5.06249
1.43 5.07248
1.44 5.08237
1.45 5.09218
1.46 5.1019
1.47 5.11152
1.48 5.12105
1.49 5.13048
1.5 5.13981
1.51 5.14903
1.52 5.15816
1.53 5.16718
1.54 5.1761
1.55 5.1849
1.56 5.1936
1.57 5.2022
1.58 5.21068
1.59 5.21905
1.6 5.22732
1.61 5.23547
1.62 5.24351
1.63 5.25145
1.64 5.25927
1.65 5.26698
1.66 5.27458
1.67 5.28208
1.68 5.28946
1.69 5.29674
1.7 5.30391
1.71 5.31097
1.72 5.31793
1.73 5.32478
1.74 5.33153
1.75 5.33818
1.76 5.34472
1.77 5.35116
1.78 5.3575
1.79 5.36375
1.8 5.36989
1.81 5.37594
1.82 5.3819
1.83 5.38776
1.84 5.39353
1.85 5.39921
1.86 5.40479
1.87 5.41029
1.88 5.4157
1.89 5.42103
1.9 5.42627
1.91 5.43143
1.92 5.4365
1.93 5.4415
1.94 5.44641
1.95 5.45125
1.96 5.456
1.97 5.46069
1.98 5.4653
1.99 5.46983
2 5.4743
2.01 5.47869
2.02 5.48302
2.03 5.48727
2.04 5.49146
2.05 5.49559
2.06 5.49964
2.07 5.50364
2.08 5.50757
2.09 5.51145
2.1 5.51526
2.11 5.51901
2.12 5.52271
2.13 5.52635
2.14 5.52993
2.15 5.53346
2.16 5.53693
2.17 5.54036
2.18 5.54373
2.19 5.54705
2.2 5.55032
2.21 5.55354
2.22 5.55672
2.23 5.55984
2.24 5.56292
2.25 5.56596
2.26 5.56895
2.27 5.5719
2.28 5.57481
2.29 5.57767
2.3 5.58049
2.31 5.58328
2.32 5.58602
2.33 5.58873
2.34 5.59139
2.35 5.59402
2.36 5.59661
2.37 5.59917
2.38 5.60169
2.39 5.60418
2.4 5.60664
2.41 5.60906
2.42 5.61145
2.43 5.6138
2.44 5.61613
2.45 5.61842
2.46 5.62069
2.47 5.62292
2.48 5.62513
2.49 5.62731
2.5 5.62946
2.51 5.63158
2.52 5.63367
2.53 5.63574
2.54 5.63779
2.55 5.63981
2.56 5.6418
2.57 5.64377
2.58 5.64571
2.59 5.64764
2.6 5.64954
2.61 5.65141
2.62 5.65327
2.63 5.6551
2.64 5.65691
2.65 5.6587
2.66 5.66047
2.67 5.66223
2.68 5.66396
2.69 5.66567
2.7 5.66736
2.71 5.66904
2.72 5.67069
2.73 5.67233
2.74 5.67395
2.75 5.67555
2.76 5.67714
2.77 5.67871
2.78 5.68026
2.79 5.6818
2.8 5.68333
2.81 5.68483
2.82 5.68633
2.83 5.6878
2.84 5.68927
2.85 5.69071
2.86 5.69215
2.87 5.69357
2.88 5.69498
2.89 5.69637
2.9 5.69776
2.91 5.69913
2.92 5.70048
2.93 5.70183
2.94 5.70316
2.95 5.70448
2.96 5.70579
2.97 5.70709
2.98 5.70838
2.99 5.70966
3 5.71093
3.01 5.71218
3.02 5.71343
3.03 5.71466
3.04 5.71589
3.05 5.71711
3.06 5.71832
3.07 5.71951
3.08 5.7207
3.09 5.72188
3.1 5.72306
3.11 5.72422
3.12 5.72537
3.13 5.72652
3.14 5.72766
3.15 5.72879
3.16 5.72991
3.17 5.73103
3.18 5.73214
3.19 5.73324
3.2 5.73433
3.21 5.73542
3.22 5.7365
3.23 5.73757
3.24 5.73864
3.25 5.7397
3.26 5.74075
3.27 5.7418
3.28 5.74284
3.29 5.74388
3.3 5.74491
3.31 5.74593
3.32 5.74695
3.33 5.74796
3.34 5.74897
3.35 5.74998
3.36 5.75097
3.37 5.75197
3.38 5.75295
3.39 5.75394
3.4 5.75491
3.41 5.75589
3.42 5.75686
3.43 5.75782
3.44 5.75878
3.45 5.75974
3.46 5.76069
3.47 5.76163
3.48 5.76258
3.49 5.76352
3.5 5.76445
3.51 5.76539
3.52 5.76631
3.53 5.76724
3.54 5.76816
3.55 5.76908
3.56 5.76999
3.57 5.7709
3.58 5.77181
3.59 5.77271
3.6 5.77361
3.61 5.77451
3.62 5.77541
3.63 5.7763
3.64 5.77719
3.65 5.77807
3.66 5.77896
3.67 5.77984
3.68 5.78072
3.69 5.78159
3.7 5.78246
3.71 5.78333
3.72 5.7842
3.73 5.78507
3.74 5.78593
3.75 5.78679
3.76 5.78765
3.77 5.78851
3.78 5.78936
3.79 5.79021
3.8 5.79106
3.81 5.79191
3.82 5.79275
3.83 5.7936
3.84 5.79444
3.85 5.79528
3.86 5.79612
3.87 5.79695
3.88 5.79779
3.89 5.79862
3.9 5.79945
3.91 5.80028
3.92 5.80111
3.93 5.80193
3.94 5.80276
3.95 5.80358
3.96 5.8044
3.97 5.80522
3.98 5.80603
3.99 5.80685
4 5.80766
4.01 5.80848
4.02 5.80929
4.03 5.8101
4.04 5.81091
4.05 5.81172
4.06 5.81252
4.07 5.81333
4.08 5.81413
4.09 5.81493
4.1 5.81573
4.11 5.81653
4.12 5.81733
4.13 5.81813
4.14 5.81892
4.15 5.81972
4.16 5.82051
4.17 5.8213
4.18 5.82209
4.19 5.82288
4.2 5.82367
4.21 5.82446
4.22 5.82524
4.23 5.82603
4.24 5.82681
4.25 5.82759
4.26 5.82838
4.27 5.82916
4.28 5.82994
4.29 5.83071
4.3 5.83149
4.31 5.83227
4.32 5.83304
4.33 5.83382
4.34 5.83459
4.35 5.83536
4.36 5.83613
4.37 5.8369
4.38 5.83767
4.39 5.83844
4.4 5.8392
4.41 5.83997
4.42 5.84073
4.43 5.8415
4.44 5.84226
4.45 5.84302
4.46 5.84378
4.47 5.84454
4.48 5.8453
4.49 5.84606
4.5 5.84681
4.51 5.84757
4.52 5.84832
4.53 5.84908
4.54 5.84983
4.55 5.85058
4.56 5.85133
4.57 5.85208
4.58 5.85283
4.59 5.85358
4.6 5.85433
4.61 5.85507
4.62 5.85582
4.63 5.85656
4.64 5.8573
4.65 5.85804
4.66 5.85879
4.67 5.85953
4.68 5.86027
4.69 5.861
4.7 5.86174
4.71 5.86248
4.72 5.86321
4.73 5.86395
4.74 5.86468
4.75 5.86542
4.76 5.86615
4.77 5.86688
4.78 5.86761
4.79 5.86834
4.8 5.86907
4.81 5.8698
4.82 5.87052
4.83 5.87125
4.84 5.87197
4.85 5.8727
4.86 5.87342
4.87 5.87415
4.88 5.87487
4.89 5.87559
4.9 5.87631
4.91 5.87703
4.92 5.87775
4.93 5.87847
4.94 5.87919
4.95 5.87991
4.96 5.88062
4.97 5.88134
4.98 5.88206
4.99 5.88277
5 5.88349
5.01 5.8842
5.02 5.88492
5.03 5.88563
5.04 5.88634
5.05 5.88706
5.06 5.88777
5.07 5.88848
5.08 5.88919
5.09 5.8899
5.1 5.89061
5.11 5.89133
5.12 5.89204
5.13 5.89275
5.14 5.89346
5.15 5.89417
5.16 5.89488
5.17 5.89559
5.18 5.8963
5.19 5.89701
5.2 5.89772
5.21 5.89843
5.22 5.89914
5.23 5.89985
5.24 5.90056
5.25 5.90128
5.26 5.90199
5.27 5.9027
5.28 5.90341
5.29 5.90413
5.3 5.90484
5.31 5.90555
5.32 5.90627
5.33 5.90699
5.34 5.9077
5.35 5.90842
5.36 5.90914
5.37 5.90986
5.38 5.91058
5.39 5.9113
5.4 5.91202
5.41 5.91275
5.42 5.91347
5.43 5.9142
5.44 5.91493
5.45 5.91566
5.46 5.91639
5.47 5.91712
5.48 5.91785
5.49 5.91859
5.5 5.91933
5.51 5.92007
5.52 5.92081
5.53 5.92155
5.54 5.9223
5.55 5.92304
5.56 5.92379
5.57 5.92455
5.58 5.9253
5.59 5.92606
5.6 5.92682
5.61 5.92758
5.62 5.92834
5.63 5.92911
5.64 5.92988
5.65 5.93066
5.66 5.93143
5.67 5.93221
5.68 5.93299
5.69 5.93378
5.7 5.93457
5.71 5.93536
5.72 5.93616
5.73 5.93696
5.74 5.93776
5.75 5.93857
5.76 5.93938
5.77 5.9402
5.78 5.94102
5.79 5.94184
5.8 5.94267
5.81 5.9435
5.82 5.94434
5.83 5.94518
5.84 5.94603
5.85 5.94688
5.86 5.94773
5.87 5.94859
5.88 5.94946
5.89 5.95033
5.9 5.9512
5.91 5.95208
5.92 5.95297
5.93 5.95386
5.94 5.95475
5.95 5.95565
5.96 5.95656
5.97 5.95747
5.98 5.95839
5.99 5.95931
6 5.96024
6.01 5.96118
6.02 5.96212
6.03 5.96306
6.04 5.96402
6.05 5.96498
6.06 5.96594
6.07 5.96691
6.08 5.96789
6.09 5.96887
6.1 5.96986
6.11 5.97086
6.12 5.97186
6.13 5.97287
6.14 5.97388
6.15 5.9749
6.16 5.97593
6.17 5.97697
6.18 5.97801
6.19 5.97905
6.2 5.98011
6.21 5.98117
6.22 5.98224
6.23 5.98331
6.24 5.98439
6.25 5.98547
6.26 5.98657
6.27 5.98766
6.28 5.98877
6.29 5.98988
6.3 5.991
6.31 5.99212
6.32 5.99325
6.33 5.99439
6.34 5.99553
6.35 5.99668
6.36 5.99783
6.37 5.99899
6.38 6.00015
6.39 6.00132
6.4 6.0025
6.41 6.00368
6.42 6.00486
6.43 6.00605
6.44 6.00725
6.45 6.00845
6.46 6.00965
6.47 6.01086
6.48 6.01207
6.49 6.01329
6.5 6.01451
6.51 6.01573
6.52 6.01696
6.53 6.01819
6.54 6.01942
6.55 6.02065
6.56 6.02189
6.57 6.02312
6.58 6.02436
6.59 6.0256
6.6 6.02685
6.61 6.02809
6.62 6.02933
6.63 6.03057
6.64 6.03181
6.65 6.03305
6.66 6.03429
6.67 6.03553
6.68 6.03676
6.69 6.03799
6.7 6.03922
6.71 6.04044
6.72 6.04166
6.73 6.04288
6.74 6.04409
6.75 6.04529
6.76 6.04649
6.77 6.04768
6.78 6.04887
6.79 6.05004
6.8 6.05121
6.81 6.05237
6.82 6.05351
6.83 6.05465
6.84 6.05577
6.85 6.05689
6.86 6.05799
6.87 6.05907
6.88 6.06015
6.89 6.0612
6.9 6.06224
6.91 6.06327
6.92 6.06428
6.93 6.06526
6.94 6.06623
6.95 6.06718
6.96 6.06811
6.97 6.06902
6.98 6.0699
6.99 6.07076
7 6.0716
7.01 6.07241
7.02 6.07319
7.03 6.07395
7.04 6.07468
7.05 6.07538
7.06 6.07604
7.07 6.07668
7.08 6.07728
7.09 6.07785
7.1 6.07839
7.11 6.07889
7.12 6.07935
7.13 6.07978
7.14 6.08016
7.15 6.08051
7.16 6.08081
7.17 6.08107
7.18 6.08129
7.19 6.08147
7.2 6.08159
7.21 6.08167
7.22 6.08171
7.23 6.08169
7.24 6.08162
7.25 6.0815
7.26 6.08133
7.27 6.0811
7.28 6.08082
7.29 6.08048
7.3 6.08009
7.31 6.07963
7.32 6.07912
7.33 6.07854
7.34 6.0779
7.35 6.0772
7.36 6.07644
7.37 6.0756
7.38 6.07471
7.39 6.07374
7.4 6.0727
7.41 6.0716
7.42 6.07042
7.43 6.06917
7.44 6.06785
7.45 6.06645
7.46 6.06498
7.47 6.06343
7.48 6.06181
7.49 6.0601
7.5 6.05832
7.51 6.05646
7.52 6.05451
7.53 6.05248
7.54 6.05038
7.55 6.04818
7.56 6.04591
7.57 6.04354
7.58 6.0411
7.59 6.03856
7.6 6.03594
7.61 6.03324
7.62 6.03044
7.63 6.02755
7.64 6.02458
7.65 6.02152
7.66 6.01836
7.67 6.01512
7.68 6.01178
7.69 6.00836
7.7 6.00484
7.71 6.00123
7.72 5.99753
7.73 5.99374
7.74 5.98985
7.75 5.98588
7.76 5.98181
7.77 5.97765
7.78 5.9734
7.79 5.96906
7.8 5.96463
7.81 5.9601
7.82 5.95549
7.83 5.95078
7.84 5.94599
7.85 5.9411
7.86 5.93613
7.87 5.93107
7.88 5.92593
7.89 5.92069
7.9 5.91537
7.91 5.90997
7.92 5.90448
7.93 5.89891
7.94 5.89325
7.95 5.88752
7.96 5.8817
7.97 5.87581
7.98 5.86984
7.99 5.86379
8 5.85766
8.01 5.85146
8.02 5.84519
8.03 5.83885
8.04 5.83244
8.05 5.82596
8.06 5.81941
8.07 5.8128
8.08 5.80612
8.09 5.79938
8.1 5.79258
8.11 5.78572
8.12 5.77881
8.13 5.77184
8.14 5.76481
8.15 5.75774
8.16 5.75061
8.17 5.74344
8.18 5.73622
8.19 5.72896
8.2 5.72165
8.21 5.71431
8.22 5.70692
8.23 5.6995
8.24 5.69204
8.25 5.68456
8.26 5.67704
8.27 5.66949
8.28 5.66192
8.29 5.65432
8.3 5.6467
8.31 5.63906
8.32 5.6314
8.33 5.62372
8.34 5.61603
8.35 5.60832
8.36 5.60061
8.37 5.59288
8.38 5.58515
8.39 5.57741
8.4 5.56967
8.41 5.56193
8.42 5.55419
8.43 5.54645
8.44 5.53871
8.45 5.53098
8.46 5.52326
8.47 5.51554
8.48 5.50784
8.49 5.50014
8.5 5.49247
8.51 5.4848
8.52 5.47716
8.53 5.46953
8.54 5.46192
8.55 5.45433
8.56 5.44677
8.57 5.43923
8.58 5.43171
8.59 5.42422
8.6 5.41676
8.61 5.40933
8.62 5.40193
8.63 5.39456
8.64 5.38722
8.65 5.37992
8.66 5.37265
8.67 5.36541
8.68 5.35821
8.69 5.35105
8.7 5.34393
8.71 5.33684
8.72 5.3298
8.73 5.3228
8.74 5.31584
8.75 5.30892
8.76 5.30204
8.77 5.2952
8.78 5.28841
8.79 5.28167
8.8 5.27497
8.81 5.26831
8.82 5.26171
8.83 5.25514
8.84 5.24863
8.85 5.24216
8.86 5.23574
8.87 5.22936
8.88 5.22304
8.89 5.21676
8.9 5.21053
8.91 5.20436
8.92 5.19823
8.93 5.19214
8.94 5.18611
8.95 5.18013
8.96 5.1742
8.97 5.16831
8.98 5.16248
8.99 5.1567
9 5.15096
9.01 5.14528
9.02 5.13964
9.03 5.13406
9.04 5.12852
9.05 5.12304
9.06 5.1176
9.07 5.11221
9.08 5.10687
9.09 5.10158
9.1 5.09634
9.11 5.09115
9.12 5.086
9.13 5.08091
9.14 5.07586
9.15 5.07086
9.16 5.0659
9.17 5.061
9.18 5.05614
9.19 5.05133
9.2 5.04656
9.21 5.04184
9.22 5.03717
9.23 5.03254
9.24 5.02796
9.25 5.02342
9.26 5.01893
9.27 5.01448
9.28 5.01007
9.29 5.00571
9.3 5.0014
9.31 4.99712
9.32 4.99289
9.33 4.9887
9.34 4.98455
9.35 4.98045
9.36 4.97639
9.37 4.97236
9.38 4.96838
9.39 4.96444
9.4 4.96054
9.41 4.95667
9.42 4.95285
9.43 4.94906
9.44 4.94532
9.45 4.94161
9.46 4.93794
9.47 4.93431
9.48 4.93071
9.49 4.92715
9.5 4.92363
9.51 4.92014
9.52 4.91669
9.53 4.91327
9.54 4.90989
9.55 4.90654
9.56 4.90323
9.57 4.89995
9.58 4.8967
9.59 4.89349
9.6 4.89031
9.61 4.88716
9.62 4.88404
9.63 4.88096
9.64 4.8779
9.65 4.87488
9.66 4.87189
9.67 4.86893
9.68 4.866
9.69 4.86309
9.7 4.86022
9.71 4.85738
9.72 4.85456
9.73 4.85177
9.74 4.84901
9.75 4.84628
9.76 4.84358
9.77 4.8409
9.78 4.83825
9.79 4.83562
9.8 4.83303
9.81 4.83045
9.82 4.82791
9.83 4.82539
9.84 4.82289
9.85 4.82042
9.86 4.81797
9.87 4.81554
9.88 4.81314
9.89 4.81077
9.9 4.80841
9.91 4.80608
9.92 4.80377
9.93 4.80149
9.94 4.79923
9.95 4.79698
9.96 4.79476
9.97 4.79256
9.98 4.79039
9.99 4.78823
10 4.78609
10.001 5
