0 0
0.01 -0.0225194
0.02 -0.0228573
0.03 -0.0231626
0.04 -0.0234348
0.05 -0.0236733
0.06 -0.0238777
0.07 -0.0240475
0.08 -0.0241821
0.09 -0.024281
0.1 -0.0243438
0.11 -0.0243699
0.12 -0.0243588
0.13 -0.0243099
0.14 -0.0242229
0.15 -0.0240972
0.16 -0.0239322
0.17 -0.0237275
0.18 -0.0234827
0.19 -0.0231971
0.2 -0.0228704
0.21 -0.022502
0.22 -0.0220915
0.23 -0.0216385
0.24 -0.0211424
0.25 -0.0206028
0.26 -0.0200194
0.27 -0.0193916
0.28 -0.0187192
0.29 -0.0180016
0.3 -0.0172385
0.31 -0.0164295
0.32 -0.0155744
0.33 -0.0146727
0.34 -0.0137242
0.35 -0.0127285
0.36 -0.0116855
0.37 -0.0105947
0.38 -0.00945617
0.39 -0.00826952
0.4 -0.00703464
0.41 -0.00575138
0.42 -0.00441962
0.43 -0.00303929
0.44 -0.00161033
0.45 -0.000132724
0.46 0.00139351
0.47 0.00296831
0.48 0.00459159
0.49 0.00626323
0.5 0.00798303
0.51 0.0097508
0.52 0.0115663
0.53 0.0134292
0.54 0.0153391
0.55 0.0172957
0.56 0.0192984
0.57 0.0213469
0.58 0.0234406
0.59 0.0255788
0.6 0.027761
0.61 0.0299863
0.62 0.0322541
0.63 0.0345635
0.64 0.0369137
0.65 0.0393037
0.66 0.0417325
0.67 0.0441991
0.68 0.0467024
0.69 0.0492412
0.7 0.0518144
0.71 0.0544206
0.72 0.0570585
0.73 0.0597268
0.74 0.0624241
0.75 0.0651487
0.76 0.0678994
0.77 0.0706743
0.78 0.073472
0.79 0.0762908
0.8 0.0791291
0.81 0.0819849
0.82 0.0848567
0.83 0.0877426
0.84 0.0906409
0.85 0.0935496
0.86 0.0964669
0.87 0.0993911
0.88 0.10232
0.89 0.105252
0.9 0.108186
0.91 0.111119
0.92 0.114049
0.93 0.116975
0.94 0.119895
0.95 0.122808
0.96 0.125711
0.97 0.128603
0.98 0.131483
0.99 0.134348
1 0.137197
1.01 0.14003
1.02 0.142844
1.03 0.145639
1.04 0.148412
1.05 0.151164
1.06 0.153894
1.07 0.156599
1.08 0.15928
1.09 0.161935
1.1 0.164565
1.11 0.167169
1.12 0.169746
1.13 0.172296
1.14 0.174819
1.15 0.177315
1.16 0.179783
1.17 0.182225
1.18 0.18464
1.19 0.187029
1.2 0.189391
1.21 0.191729
1.22 0.194041
1.23 0.196329
1.24 0.198594
1.25 0.200837
1.26 0.203057
1.27 0.205258
1.28 0.207438
1.29 0.2096
1.3 0.211744
1.31 0.213872
1.32 0.215985
1.33 0.218084
1.34 0.22017
1.35 0.222245
1.36 0.22431
1.37 0.226365
1.38 0.228413
1.39 0.230454
1.4 0.23249
1.41 0.234522
1.42 0.23655
1.43 0.238578
1.44 0.240604
1.45 0.242631
1.46 0.24466
1.47 0.246691
1.48 0.248726
1.49 0.250766
1.5 0.252811
1.51 0.254863
1.52 0.256922
1.53 0.258988
1.54 0.261064
1.55 0.26315
1.56 0.265245
1.57 0.267352
1.58 0.26947
1.59 0.271599
1.6 0.273742
1.61 0.275897
1.62 0.278065
1.63 0.280248
1.64 0.282444
1.65 0.284654
1.66 0.286879
1.67 0.289119
1.68 0.291373
1.69 0.293643
1.7 0.295928
1.71 0.298228
1.72 0.300543
1.73 0.302874
1.74 0.30522
1.75 0.307581
1.76 0.309957
1.77 0.312348
1.78 0.314755
1.79 0.317176
1.8 0.319611
1.81 0.322062
1.82 0.324526
1.83 0.327005
1.84 0.329497
1.85 0.332003
1.86 0.334522
1.87 0.337054
1.88 0.339599
1.89 0.342157
1.9 0.344727
1.91 0.347308
1.92 0.349901
1.93 0.352506
1.94 0.355121
1.95 0.357747
1.96 0.360382
1.97 0.363028
1.98 0.365683
1.99 0.368348
2 0.371021
2.01 0.373702
2.02 0.376392
2.03 0.37909
2.04 0.381794
2.05 0.384506
2.06 0.387225
2.07 0.389949
2.08 0.39268
2.09 0.395416
2.1 0.398158
2.11 0.400905
2.12 0.403656
2.13 0.406412
2.14 0.409171
2.15 0.411935
2.16 0.414701
2.17 0.417471
2.18 0.420244
2.19 0.423019
2.2 0.425796
2.21 0.428575
2.22 0.431356
2.23 0.434139
2.24 0.436922
2.25 0.439707
2.26 0.442492
2.27 0.445277
2.28 0.448063
2.29 0.450849
2.3 0.453635
2.31 0.45642
2.32 0.459205
2.33 0.461989
2.34 0.464773
2.35 0.467555
2.36 0.470336
2.37 0.473115
2.38 0.475893
2.39 0.47867
2.4 0.481444
2.41 0.484217
2.42 0.486988
2.43 0.489756
2.44 0.492522
2.45 0.495287
2.46 0.498048
2.47 0.500808
2.48 0.503564
2.49 0.506318
2.5 0.50907
2.51 0.511819
2.52 0.514565
2.53 0.517309
2.54 0.520049
2.55 0.522787
2.56 0.525522
2.57 0.528255
2.58 0.530984
2.59 0.533711
2.6 0.536435
2.61 0.539156
2.62 0.541874
2.63 0.54459
2.64 0.547303
2.65 0.550013
2.66 0.552721
2.67 0.555426
2.68 0.558128
2.69 0.560828
2.7 0.563526
2.71 0.566221
2.72 0.568915
2.73 0.571606
2.74 0.574294
2.75 0.576981
2.76 0.579666
2.77 0.582349
2.78 0.58503
2.79 0.58771
2.8 0.590388
2.81 0.593065
2.82 0.59574
2.83 0.598414
2.84 0.601087
2.85 0.603759
2.86 0.60643
2.87 0.6091
2.88 0.611769
2.89 0.614439
2.9 0.617107
2.91 0.619776
2.92 0.622444
2.93 0.625113
2.94 0.627781
2.95 0.63045
2.96 0.63312
2.97 0.63579
2.98 0.63846
2.99 0.641132
3 0.643805
3.01 0.646479
3.02 0.649154
3.03 0.651831
3.04 0.654509
3.05 0.65719
3.06 0.659872
3.07 0.662557
3.08 0.665243
3.09 0.667933
3.1 0.670625
3.11 0.67332
3.12 0.676018
3.13 0.678719
3.14 0.681423
3.15 0.684131
3.16 0.686843
3.17 0.689558
3.18 0.692278
3.19 0.695002
3.2 0.69773
3.21 0.700463
3.22 0.7032
3.23 0.705943
3.24 0.70869
3.25 0.711443
3.26 0.714202
3.27 0.716966
3.28 0.719736
3.29 0.722511
3.3 0.725294
3.31 0.728082
3.32 0.730877
3.33 0.733679
3.34 0.736488
3.35 0.739304
3.36 0.742127
3.37 0.744958
3.38 0.747796
3.39 0.750643
3.4 0.753497
3.41 0.75636
3.42 0.759231
3.43 0.762111
3.44 0.764999
3.45 0.767897
3.46 0.770804
3.47 0.77372
3.48 0.776646
3.49 0.779581
3.5 0.782527
3.51 0.785482
3.52 0.788448
3.53 0.791424
3.54 0.794412
3.55 0.79741
3.56 0.800419
3.57 0.803439
3.58 0.806471
3.59 0.809514
3.6 0.812569
3.61 0.815636
3.62 0.818716
3.63 0.821807
3.64 0.824912
3.65 0.828029
3.66 0.831159
3.67 0.834302
3.68 0.837458
3.69 0.840628
3.7 0.843812
3.71 0.847009
3.72 0.850221
3.73 0.853447
3.74 0.856687
3.75 0.859941
3.76 0.863211
3.77 0.866495
3.78 0.869795
3.79 0.87311
3.8 0.87644
3.81 0.879786
3.82 0.883148
3.83 0.886526
3.84 0.88992
3.85 0.893331
3.86 0.896758
3.87 0.900202
3.88 0.903663
3.89 0.907141
3.9 0.910636
3.91 0.914148
3.92 0.917679
3.93 0.921227
3.94 0.924793
3.95 0.928377
3.96 0.931979
3.97 0.9356
3.98 0.939239
3.99 0.942898
4 0.946575
4.01 0.950271
4.02 0.953987
4.03 0.957722
4.04 0.961477
4.05 0.965251
4.06 0.969045
4.07 0.97286
4.08 0.976695
4.09 0.98055
4.1 0.984425
4.11 0.988322
4.12 0.992239
4.13 0.996177
4.14 1.00014
4.15 1.00412
4.16 1.00812
4.17 1.01214
4.18 1.01619
4.19 1.02026
4.2 1.02434
4.21 1.02846
4.22 1.03259
4.23 1.03675
4.24 1.04092
4.25 1.04513
4.26 1.04935
4.27 1.0536
4.28 1.05787
4.29 1.06216
4.3 1.06648
4.31 1.07082
4.32 1.07518
4.33 1.07957
4.34 1.08398
4.35 1.08841
4.36 1.09287
4.37 1.09735
4.38 1.10186
4.39 1.10639
4.4 1.11094
4.41 1.11552
4.42 1.12012
4.43 1.12475
4.44 1.12941
4.45 1.13408
4.46 1.13879
4.47 1.14351
4.48 1.14826
4.49 1.15304
4.5 1.15784
4.51 1.16267
4.52 1.16752
4.53 1.1724
4.54 1.1773
4.55 1.18223
4.56 1.18718
4.57 1.19216
4.58 1.19716
4.59 1.20219
4.6 1.20725
4.61 1.21233
4.62 1.21743
4.63 1.22256
4.64 1.22772
4.65 1.2329
4.66 1.2381
4.67 1.24334
4.68 1.24859
4.69 1.25388
4.7 1.25918
4.71 1.26452
4.72 1.26988
4.73 1.27526
4.74 1.28067
4.75 1.2861
4.76 1.29156
4.77 1.29705
4.78 1.30255
4.79 1.30809
4.8 1.31365
4.81 1.31923
4.82 1.32484
4.83 1.33047
4.84 1.33613
4.85 1.34181
4.86 1.34751
4.87 1.35324
4.88 1.359
4.89 1.36477
4.9 1.37057
4.91 1.3764
4.92 1.38225
4.93 1.38812
4.94 1.39401
4.95 1.39993
4.96 1.40587
4.97 1.41184
4.98 1.41782
4.99 1.42383
5 1.42986
5.01 1.43592
5.02 1.44199
5.03 1.44809
5.04 1.45421
5.05 1.46035
5.06 1.46651
5.07 1.47269
5.08 1.47889
5.09 1.48512
5.1 1.49136
5.11 1.49763
5.12 1.50391
5.13 1.51022
5.14 1.51654
5.15 1.52288
5.16 1.52925
5.17 1.53563
5.18 1.54203
5.19 1.54845
5.2 1.55489
5.21 1.56134
5.22 1.56781
5.23 1.57431
5.24 1.58081
5.25 1.58734
5.26 1.59388
5.27 1.60044
5.28 1.60702
5.29 1.61361
5.3 1.62022
5.31 1.62685
5.32 1.63349
5.33 1.64014
5.34 1.64681
5.35 1.6535
5.36 1.6602
5.37 1.66692
5.38 1.67365
5.39 1.6804
5.4 1.68716
5.41 1.69393
5.42 1.70072
5.43 1.70752
5.44 1.71433
5.45 1.72116
5.46 1.728
5.47 1.73486
5.48 1.74172
5.49 1.7486
5.5 1.75549
5.51 1.7624
5.52 1.76932
5.53 1.77625
5.54 1.78319
5.55 1.79014
5.56 1.79711
5.57 1.80409
5.58 1.81108
5.59 1.81808
5.6 1.82509
5.61 1.83211
5.62 1.83915
5.63 1.8462
5.64 1.85326
5.65 1.86033
5.66 1.86741
5.67 1.87451
5.68 1.88161
5.69 1.88873
5.7 1.89586
5.71 1.903
5.72 1.91016
5.73 1.91732
5.74 1.9245
5.75 1.93169
5.76 1.93889
5.77 1.94611
5.78 1.95333
5.79 1.96057
5.8 1.96782
5.81 1.97509
5.82 1.98237
5.83 1.98966
5.84 1.99696
5.85 2.00428
5.86 2.01161
5.87 2.01896
5.88 2.02632
5.89 2.0337
5.9 2.04109
5.91 2.04849
5.92 2.05592
5.93 2.06335
5.94 2.07081
5.95 2.07828
5.96 2.08576
5.97 2.09326
5.98 2.10079
5.99 2.10832
6 2.11588
6.01 2.12346
6.02 2.13105
6.03 2.13866
6.04 2.1463
6.05 2.15395
6.06 2.16162
6.07 2.16931
6.08 2.17703
6.09 2.18477
6.1 2.19253
6.11 2.20031
6.12 2.20811
6.13 2.21594
6.14 2.22379
6.15 2.23167
6.16 2.23957
6.17 2.2475
6.18 2.25545
6.19 2.26343
6.2 2.27143
6.21 2.27947
6.22 2.28753
6.23 2.29562
6.24 2.30373
6.25 2.31188
6.26 2.32006
6.27 2.32826
6.28 2.3365
6.29 2.34477
6.3 2.35307
6.31 2.3614
6.32 2.36977
6.33 2.37816
6.34 2.3866
6.35 2.39506
6.36 2.40356
6.37 2.4121
6.38 2.42067
6.39 2.42927
6.4 2.43791
6.41 2.44659
6.42 2.45531
6.43 2.46406
6.44 2.47285
6.45 2.48168
6.46 2.49055
6.47 2.49946
6.48 2.50841
6.49 2.51739
6.5 2.52642
6.51 2.53549
6.52 2.54459
6.53 2.55374
6.54 2.56293
6.55 2.57217
6.56 2.58144
6.57 2.59076
6.58 2.60011
6.59 2.60951
6.6 2.61896
6.61 2.62844
6.62 2.63797
6.63 2.64754
6.64 2.65716
6.65 2.66682
6.66 2.67652
6.67 2.68626
6.68 2.69605
6.69 2.70588
6.7 2.71576
6.71 2.72568
6.72 2.73564
6.73 2.74564
6.74 2.75569
6.75 2.76578
6.76 2.77591
6.77 2.78609
6.78 2.79631
6.79 2.80657
6.8 2.81687
6.81 2.82721
6.82 2.8376
6.83 2.84802
6.84 2.85849
6.85 2.86899
6.86 2.87954
6.87 2.89012
6.88 2.90074
6.89 2.91141
6.9 2.9221
6.91 2.93284
6.92 2.94361
6.93 2.95442
6.94 2.96527
6.95 2.97614
6.96 2.98706
6.97 2.998
6.98 3.00898
6.99 3.01999
7 3.03103
7.01 3.0421
7.02 3.0532
7.03 3.06433
7.04 3.07549
7.05 3.08667
7.06 3.09788
7.07 3.10912
7.08 3.12038
7.09 3.13166
7.1 3.14296
7.11 3.15429
7.12 3.16563
7.13 3.177
7.14 3.18838
7.15 3.19978
7.16 3.21119
7.17 3.22262
7.18 3.23407
7.19 3.24552
7.2 3.25699
7.21 3.26847
7.22 3.27996
7.23 3.29145
7.24 3.30295
7.25 3.31446
7.26 3.32598
7.27 3.33749
7.28 3.34901
7.29 3.36053
7.3 3.37205
7.31 3.38357
7.32 3.39509
7.33 3.4066
7.34 3.41811
7.35 3.42961
7.36 3.4411
7.37 3.45259
7.38 3.46407
7.39 3.47554
7.4 3.48699
7.41 3.49844
7.42 3.50987
7.43 3.52128
7.44 3.53268
7.45 3.54406
7.46 3.55543
7.47 3.56677
7.48 3.5781
7.49 3.5894
7.5 3.60068
7.51 3.61194
7.52 3.62317
7.53 3.63438
7.54 3.64556
7.55 3.65672
7.56 3.66785
7.57 3.67895
7.58 3.69002
7.59 3.70105
7.6 3.71206
7.61 3.72304
7.62 3.73398
7.63 3.74489
7.64 3.75576
7.65 3.7666
7.66 3.7774
7.67 3.78816
7.68 3.79889
7.69 3.80958
7.7 3.82022
7.71 3.83083
7.72 3.8414
7.73 3.85193
7.74 3.86241
7.75 3.87286
7.76 3.88326
7.77 3.89361
7.78 3.90393
7.79 3.91419
7.8 3.92441
7.81 3.93459
7.82 3.94472
7.83 3.9548
7.84 3.96484
7.85 3.97482
7.86 3.98476
7.87 3.99465
7.88 4.00449
7.89 4.01428
7.9 4.02402
7.91 4.03371
7.92 4.04334
7.93 4.05293
7.94 4.06246
7.95 4.07194
7.96 4.08136
7.97 4.09073
7.98 4.10005
7.99 4.10931
8 4.11852
8.01 4.12767
8.02 4.13677
8.03 4.1458
8.04 4.15479
8.05 4.16371
8.06 4.17258
8.07 4.18139
8.08 4.19014
8.09 4.19883
8.1 4.20746
8.11 4.21604
8.12 4.22455
8.13 4.233
8.14 4.24139
8.15 4.24972
8.16 4.25799
8.17 4.26619
8.18 4.27434
8.19 4.28242
8.2 4.29043
8.21 4.29839
8.22 4.30627
8.23 4.3141
8.24 4.32186
8.25 4.32956
8.26 4.33718
8.27 4.34475
8.28 4.35225
8.29 4.35968
8.3 4.36704
8.31 4.37434
8.32 4.38157
8.33 4.38874
8.34 4.39583
8.35 4.40286
8.36 4.40982
8.37 4.41671
8.38 4.42354
8.39 4.43029
8.4 4.43697
8.41 4.44359
8.42 4.45014
8.43 4.45661
8.44 4.46302
8.45 4.46936
8.46 4.47562
8.47 4.48182
8.48 4.48795
8.49 4.49401
8.5 4.49999
8.51 4.50591
8.52 4.51176
8.53 4.51753
8.54 4.52324
8.55 4.52888
8.56 4.53444
8.57 4.53994
8.58 4.54536
8.59 4.55072
8.6 4.556
8.61 4.56122
8.62 4.56637
8.63 4.57144
8.64 4.57645
8.65 4.58139
8.66 4.58626
8.67 4.59106
8.68 4.59579
8.69 4.60046
8.7 4.60505
8.71 4.60958
8.72 4.61404
8.73 4.61843
8.74 4.62276
8.75 4.62702
8.76 4.63121
8.77 4.63534
8.78 4.6394
8.79 4.6434
8.8 4.64733
8.81 4.6512
8.82 4.655
8.83 4.65874
8.84 4.66241
8.85 4.66603
8.86 4.66958
8.87 4.67306
8.88 4.67649
8.89 4.67986
8.9 4.68316
8.91 4.6864
8.92 4.68959
8.93 4.69271
8.94 4.69578
8.95 4.69879
8.96 4.70174
8.97 4.70463
8.98 4.70747
8.99 4.71024
9 4.71297
9.01 4.71564
9.02 4.71825
9.03 4.72081
9.04 4.72331
9.05 4.72577
9.06 4.72816
9.07 4.73051
9.08 4.73281
9.09 4.73505
9.1 4.73725
9.11 4.73939
9.12 4.74148
9.13 4.74353
9.14 4.74553
9.15 4.74748
9.16 4.74938
9.17 4.75123
9.18 4.75304
9.19 4.7548
9.2 4.75652
9.21 4.7582
9.22 4.75983
9.23 4.76141
9.24 4.76295
9.25 4.76445
9.26 4.76591
9.27 4.76733
9.28 4.76871
9.29 4.77004
9.3 4.77134
9.31 4.77259
9.32 4.77381
9.33 4.77499
9.34 4.77613
9.35 4.77724
9.36 4.7783
9.37 4.77933
9.38 4.78033
9.39 4.78129
9.4 4.78222
9.41 4.78311
9.42 4.78396
9.43 4.78479
9.44 4.78558
9.45 4.78634
9.46 4.78706
9.47 4.78776
9.48 4.78842
9.49 4.78905
9.5 4.78966
9.51 4.79023
9.52 4.79078
9.53 4.79129
9.54 4.79178
9.55 4.79224
9.56 4.79267
9.57 4.79307
9.58 4.79345
9.59 4.7938
9.6 4.79413
9.61 4.79443
9.62 4.7947
9.63 4.79495
9.64 4.79518
9.65 4.79538
9.66 4.79556
9.67 4.79571
9.68 4.79584
9.69 4.79595
9.7 4.79604
9.71 4.79611
9.72 4.79615
9.73 4.79618
9.74 4.79618
9.75 4.79616
9.76 4.79613
9.77 4.79607
9.78 4.79599
9.79 4.7959
9.8 4.79578
9.81 4.79565
9.82 4.7955
9.83 4.79533
9.84 4.79515
9.85 4.79494
9.86 4.79472
9.87 4.79449
9.88 4.79423
9.89 4.79397
9.9 4.79368
9.91 4.79338
9.92 4.79307
9.93 4.79274
9.94 4.79239
9.95 4.79203
9.96 4.79166
9.97 4.79127
9.98 4.79087
9.99 4.79046
10 4.79003
10.001 0
