0 5
0.01 4.45605
0.02 4.45692
0.03 4.45779
0.04 4.45868
0.05 4.45957
0.06 4.46048
0.07 4.46139
0.08 4.46231
0.09 4.46324
0.1 4.46418
0.11 4.46512
0.12 4.46608
0.13 4.46704
0.14 4.46802
0.15 4.469
0.16 4.46999
0.17 4.471
0.18 4.47201
0.19 4.47303
0.2 4.47406
0.21 4.4751
0.22 4.47615
0.23 4.47721
0.24 4.47829
0.25 4.47937
0.26 4.48046
0.27 4.48156
0.28 4.48267
0.29 4.48379
0.3 4.48493
0.31 4.48607
0.32 4.48722
0.33 4.48839
0.34 4.48956
0.35 4.49075
0.36 4.49195
0.37 4.49316
0.38 4.49438
0.39 4.49561
0.4 4.49685
0.41 4.49811
0.42 4.49937
0.43 4.50065
0.44 4.50194
0.45 4.50324
0.46 4.50455
0.47 4.50588
0.48 4.50721
0.49 4.50856
0.5 4.50992
0.51 4.5113
0.52 4.51268
0.53 4.51408
0.54 4.51549
0.55 4.51691
0.56 4.51835
0.57 4.5198
0.58 4.52126
0.59 4.52273
0.6 4.52422
0.61 4.52572
0.62 4.52723
0.63 4.52876
0.64 4.5303
0.65 4.53185
0.66 4.53341
0.67 4.53499
0.68 4.53659
0.69 4.53819
0.7 4.53982
0.71 4.54145
0.72 4.5431
0.73 4.54476
0.74 4.54644
0.75 4.54813
0.76 4.54983
0.77 4.55155
0.78 4.55329
0.79 4.55504
0.8 4.5568
0.81 4.55858
0.82 4.56037
0.83 4.56218
0.84 4.564
0.85 4.56584
0.86 4.5677
0.87 4.56957
0.88 4.57145
0.89 4.57335
0.9 4.57527
0.91 4.5772
0.92 4.57915
0.93 4.58111
0.94 4.58309
0.95 4.58509
0.96 4.5871
0.97 4.58913
0.98 4.59118
0.99 4.59324
1 4.59532
1.01 4.59741
1.02 4.59953
1.03 4.60166
1.04 4.60381
1.05 4.60598
1.06 4.60816
1.07 4.61036
1.08 4.61259
1.09 4.61482
1.1 4.61708
1.11 4.61936
1.12 4.62165
1.13 4.62397
1.14 4.6263
1.15 4.62865
1.16 4.63103
1.17 4.63342
1.18 4.63583
1.19 4.63826
1.2 4.64072
1.21 4.64319
1.22 4.64568
1.23 4.6482
1.24 4.65074
1.25 4.65329
1.26 4.65587
1.27 4.65847
1.28 4.6611
1.29 4.66374
1.3 4.66641
1.31 4.6691
1.32 4.67182
1.33 4.67455
1.34 4.67731
1.35 4.6801
1.36 4.68291
1.37 4.68574
1.38 4.6886
1.39 4.69148
1.4 4.69439
1.41 4.69732
1.42 4.70028
1.43 4.70326
1.44 4.70627
1.45 4.70931
1.46 4.71237
1.47 4.71547
1.48 4.71858
1.49 4.72173
1.5 4.7249
1.51 4.7281
1.52 4.73133
1.53 4.73459
1.54 4.73787
1.55 4.74119
1.56 4.74453
1.57 4.74791
1.58 4.75131
1.59 4.75475
1.6 4.75821
1.61 4.76171
1.62 4.76523
1.63 4.76879
1.64 4.77238
1.65 4.776
1.66 4.77965
1.67 4.78333
1.68 4.78705
1.69 4.79079
1.7 4.79457
1.71 4.79838
1.72 4.80223
1.73 4.80611
1.74 4.81002
1.75 4.81396
1.76 4.81794
1.77 4.82195
1.78 4.82599
1.79 4.83007
1.8 4.83418
1.81 4.83832
1.82 4.8425
1.83 4.84671
1.84 4.85096
1.85 4.85524
1.86 4.85955
1.87 4.86389
1.88 4.86827
1.89 4.87268
1.9 4.87713
1.91 4.88161
1.92 4.88612
1.93 4.89066
1.94 4.89524
1.95 4.89985
1.96 4.90449
1.97 4.90916
1.98 4.91387
1.99 4.9186
2 4.92337
2.01 4.92816
2.02 4.93299
2.03 4.93785
2.04 4.94273
2.05 4.94764
2.06 4.95259
2.07 4.95756
2.08 4.96256
2.09 4.96758
2.1 4.97263
2.11 4.97771
2.12 4.98281
2.13 4.98793
2.14 4.99308
2.15 4.99825
2.16 5.00345
2.17 5.00866
2.18 5.0139
2.19 5.01916
2.2 5.02443
2.21 5.02973
2.22 5.03504
2.23 5.04037
2.24 5.04571
2.25 5.05107
2.26 5.05645
2.27 5.06183
2.28 5.06723
2.29 5.07264
2.3 5.07806
2.31 5.08349
2.32 5.08893
2.33 5.09438
2.34 5.09983
2.35 5.10529
2.36 5.11076
2.37 5.11622
2.38 5.12169
2.39 5.12716
2.4 5.13263
2.41 5.1381
2.42 5.14357
2.43 5.14904
2.44 5.1545
2.45 5.15996
2.46 5.16541
2.47 5.17086
2.48 5.1763
2.49 5.18173
2.5 5.18715
2.51 5.19256
2.52 5.19796
2.53 5.20335
2.54 5.20873
2.55 5.21409
2.56 5.21943
2.57 5.22476
2.58 5.23007
2.59 5.23537
2.6 5.24065
2.61 5.2459
2.62 5.25114
2.63 5.25636
2.64 5.26156
2.65 5.26673
2.66 5.27188
2.67 5.27701
2.68 5.28211
2.69 5.28719
2.7 5.29225
2.71 5.29727
2.72 5.30227
2.73 5.30725
2.74 5.31219
2.75 5.31711
2.76 5.322
2.77 5.32686
2.78 5.33169
2.79 5.33649
2.8 5.34126
2.81 5.346
2.82 5.35071
2.83 5.35539
2.84 5.36003
2.85 5.36464
2.86 5.36923
2.87 5.37377
2.88 5.37829
2.89 5.38277
2.9 5.38722
2.91 5.39164
2.92 5.39602
2.93 5.40037
2.94 5.40469
2.95 5.40897
2.96 5.41322
2.97 5.41744
2.98 5.42162
2.99 5.42576
3 5.42988
3.01 5.43396
3.02 5.438
3.03 5.44201
3.04 5.44599
3.05 5.44994
3.06 5.45385
3.07 5.45772
3.08 5.46157
3.09 5.46538
3.1 5.46916
3.11 5.4729
3.12 5.47661
3.13 5.48029
3.14 5.48393
3.15 5.48755
3.16 5.49113
3.17 5.49468
3.18 5.4982
3.19 5.50168
3.2 5.50513
3.21 5.50856
3.22 5.51195
3.23 5.51531
3.24 5.51864
3.25 5.52194
3.26 5.52521
3.27 5.52845
3.28 5.53166
3.29 5.53484
3.3 5.53799
3.31 5.54112
3.32 5.54421
3.33 5.54728
3.34 5.55031
3.35 5.55332
3.36 5.55631
3.37 5.55926
3.38 5.56219
3.39 5.56509
3.4 5.56797
3.41 5.57082
3.42 5.57364
3.43 5.57644
3.44 5.57921
3.45 5.58196
3.46 5.58468
3.47 5.58738
3.48 5.59005
3.49 5.5927
3.5 5.59533
3.51 5.59793
3.52 5.60051
3.53 5.60307
3.54 5.6056
3.55 5.60811
3.56 5.6106
3.57 5.61307
3.58 5.61552
3.59 5.61794
3.6 5.62035
3.61 5.62273
3.62 5.6251
3.63 5.62744
3.64 5.62977
3.65 5.63207
3.66 5.63436
3.67 5.63662
3.68 5.63887
3.69 5.6411
3.7 5.64331
3.71 5.6455
3.72 5.64767
3.73 5.64983
3.74 5.65197
3.75 5.65409
3.76 5.6562
3.77 5.65829
3.78 5.66036
3.79 5.66242
3.8 5.66446
3.81 5.66648
3.82 5.66849
3.83 5.67049
3.84 5.67247
3.85 5.67443
3.86 5.67638
3.87 5.67832
3.88 5.68024
3.89 5.68214
3.9 5.68404
3.91 5.68592
3.92 5.68779
3.93 5.68964
3.94 5.69148
3.95 5.69331
3.96 5.69512
3.97 5.69693
3.98 5.69872
3.99 5.7005
4 5.70226
4.01 5.70402
4.02 5.70576
4.03 5.7075
4.04 5.70922
4.05 5.71093
4.06 5.71263
4.07 5.71432
4.08 5.716
4.09 5.71767
4.1 5.71933
4.11 5.72098
4.12 5.72262
4.13 5.72425
4.14 5.72587
4.15 5.72749
4.16 5.72909
4.17 5.73068
4.18 5.73227
4.19 5.73385
4.2 5.73542
4.21 5.73698
4.22 5.73853
4.23 5.74007
4.24 5.74161
4.25 5.74314
4.26 5.74466
4.27 5.74617
4.28 5.74768
4.29 5.74918
4.3 5.75067
4.31 5.75216
4.32 5.75364
4.33 5.75511
4.34 5.75657
4.35 5.75803
4.36 5.75949
4.37 5.76093
4.38 5.76237
4.39 5.76381
4.4 5.76524
4.41 5.76666
4.42 5.76808
4.43 5.76949
4.44 5.7709
4.45 5.7723
4.46 5.7737
4.47 5.77509
4.48 5.77648
4.49 5.77786
4.5 5.77924
4.51 5.78061
4.52 5.78198
4.53 5.78334
4.54 5.7847
4.55 5.78606
4.56 5.78741
4.57 5.78876
4.58 5.7901
4.59 5.79144
4.6 5.79278
4.61 5.79411
4.62 5.79544
4.63 5.79677
4.64 5.79809
4.65 5.79941
4.66 5.80073
4.67 5.80204
4.68 5.80335
4.69 5.80466
4.7 5.80596
4.71 5.80726
4.72 5.80856
4.73 5.80986
4.74 5.81115
4.75 5.81244
4.76 5.81373
4.77 5.81502
4.78 5.81631
4.79 5.81759
4.8 5.81887
4.81 5.82015
4.82 5.82142
4.83 5.8227
4.84 5.82397
4.85 5.82524
4.86 5.82651
4.87 5.82778
4.88 5.82905
4.89 5.83031
4.9 5.83158
4.91 5.83284
4.92 5.8341
4.93 5.83536
4.94 5.83662
4.95 5.83788
4.96 5.83914
4.97 5.84039
4.98 5.84165
4.99 5.8429
5 5.84415
5.01 5.84541
5.02 5.84666
5.03 5.84791
5.04 5.84916
5.05 5.85041
5.06 5.85166
5.07 5.85291
5.08 5.85416
5.09 5.85541
5.1 5.85666
5.11 5.85791
5.12 5.85916
5.13 5.86041
5.14 5.86166
5.15 5.8629
5.16 5.86415
5.17 5.8654
5.18 5.86665
5.19 5.8679
5.2 5.86915
5.21 5.8704
5.22 5.87165
5.23 5.8729
5.24 5.87415
5.25 5.8754
5.26 5.87665
5.27 5.87791
5.28 5.87916
5.29 5.88041
5.3 5.88167
5.31 5.88292
5.32 5.88418
5.33 5.88543
5.34 5.88669
5.35 5.88795
5.36 5.88921
5.37 5.89047
5.38 5.89173
5.39 5.89299
5.4 5.89426
5.41 5.89552
5.42 5.89679
5.43 5.89805
5.44 5.89932
5.45 5.90059
5.46 5.90186
5.47 5.90313
5.48 5.90441
5.49 5.90568
5.5 5.90696
5.51 5.90824
5.52 5.90951
5.53 5.9108
5.54 5.91208
5.55 5.91336
5.56 5.91465
5.57 5.91593
5.58 5.91722
5.59 5.91851
5.6 5.9198
5.61 5.9211
5.62 5.92239
5.63 5.92369
5.64 5.92499
5.65 5.92629
5.66 5.92759
5.67 5.9289
5.68 5.93021
5.69 5.93152
5.7 5.93283
5.71 5.93414
5.72 5.93546
5.73 5.93677
5.74 5.93809
5.75 5.93941
5.76 5.94074
5.77 5.94206
5.78 5.94339
5.79 5.94472
5.8 5.94606
5.81 5.94739
5.82 5.94873
5.83 5.95007
5.84 5.95141
5.85 5.95276
5.86 5.9541
5.87 5.95545
5.88 5.9568
5.89 5.95816
5.9 5.95952
5.91 5.96088
5.92 5.96224
5.93 5.96361
5.94 5.96497
5.95 5.96634
5.96 5.96772
5.97 5.96909
5.98 5.97047
5.99 5.97186
6 5.97324
6.01 5.97463
6.02 5.97602
6.03 5.97741
6.04 5.97881
6.05 5.98021
6.06 5.98161
6.07 5.98302
6.08 5.98442
6.09 5.98584
6.1 5.98725
6.11 5.98867
6.12 5.99009
6.13 5.99151
6.14 5.99294
6.15 5.99437
6.16 5.99581
6.17 5.99725
6.18 5.99869
6.19 6.00013
6.2 6.00158
6.21 6.00303
6.22 6.00449
6.23 6.00595
6.24 6.00741
6.25 6.00887
6.26 6.01034
6.27 6.01182
6.28 6.0133
6.29 6.01478
6.3 6.01626
6.31 6.01775
6.32 6.01925
6.33 6.02075
6.34 6.02225
6.35 6.02375
6.36 6.02527
6.37 6.02678
6.38 6.0283
6.39 6.02982
6.4 6.03135
6.41 6.03289
6.42 6.03443
6.43 6.03597
6.44 6.03752
6.45 6.03907
6.46 6.04063
6.47 6.04219
6.48 6.04376
6.49 6.04534
6.5 6.04692
6.51 6.0485
6.52 6.05009
6.53 6.05169
6.54 6.05329
6.55 6.0549
6.56 6.05652
6.57 6.05814
6.58 6.05977
6.59 6.06141
6.6 6.06305
6.61 6.0647
6.62 6.06636
6.63 6.06802
6.64 6.06969
6.65 6.07137
6.66 6.07306
6.67 6.07475
6.68 6.07646
6.69 6.07817
6.7 6.07989
6.71 6.08162
6.72 6.08335
6.73 6.0851
6.74 6.08686
6.75 6.08862
6.76 6.0904
6.77 6.09218
6.78 6.09398
6.79 6.09578
6.8 6.0976
6.81 6.09942
6.82 6.10126
6.83 6.10311
6.84 6.10496
6.85 6.10684
6.86 6.10872
6.87 6.11061
6.88 6.11252
6.89 6.11443
6.9 6.11636
6.91 6.11831
6.92 6.12026
6.93 6.12223
6.94 6.12421
6.95 6.1262
6.96 6.12821
6.97 6.13023
6.98 6.13226
6.99 6.13431
7 6.13637
7.01 6.13845
7.02 6.14053
7.03 6.14264
7.04 6.14475
7.05 6.14688
7.06 6.14902
7.07 6.15118
7.08 6.15335
7.09 6.15553
7.1 6.15773
7.11 6.15994
7.12 6.16216
7.13 6.1644
7.14 6.16665
7.15 6.16891
7.16 6.17118
7.17 6.17347
7.18 6.17576
7.19 6.17807
7.2 6.18039
7.21 6.18272
7.22 6.18505
7.23 6.1874
7.24 6.18975
7.25 6.19211
7.26 6.19448
7.27 6.19686
7.28 6.19924
7.29 6.20162
7.3 6.20401
7.31 6.2064
7.32 6.20879
7.33 6.21118
7.34 6.21357
7.35 6.21595
7.36 6.21834
7.37 6.22072
7.38 6.22309
7.39 6.22545
7.4 6.22781
7.41 6.23015
7.42 6.23248
7.43 6.23479
7.44 6.23709
7.45 6.23937
7.46 6.24163
7.47 6.24387
7.48 6.24608
7.49 6.24827
7.5 6.25042
7.51 6.25255
7.52 6.25463
7.53 6.25669
7.54 6.2587
7.55 6.26067
7.56 6.2626
7.57 6.26448
7.58 6.26631
7.59 6.26809
7.6 6.26981
7.61 6.27147
7.62 6.27307
7.63 6.2746
7.64 6.27607
7.65 6.27747
7.66 6.27879
7.67 6.28003
7.68 6.28119
7.69 6.28227
7.7 6.28326
7.71 6.28416
7.72 6.28496
7.73 6.28567
7.74 6.28628
7.75 6.28678
7.76 6.28718
7.77 6.28746
7.78 6.28763
7.79 6.28769
7.8 6.28762
7.81 6.28744
7.82 6.28712
7.83 6.28668
7.84 6.2861
7.85 6.28539
7.86 6.28454
7.87 6.28356
7.88 6.28243
7.89 6.28115
7.9 6.27973
7.91 6.27816
7.92 6.27643
7.93 6.27456
7.94 6.27252
7.95 6.27034
7.96 6.26799
7.97 6.26548
7.98 6.26281
7.99 6.25998
8 6.25699
8.01 6.25383
8.02 6.25051
8.03 6.24702
8.04 6.24337
8.05 6.23956
8.06 6.23558
8.07 6.23144
8.08 6.22713
8.09 6.22266
8.1 6.21804
8.11 6.21324
8.12 6.2083
8.13 6.20319
8.14 6.19793
8.15 6.19251
8.16 6.18694
8.17 6.18122
8.18 6.17536
8.19 6.16935
8.2 6.1632
8.21 6.15691
8.22 6.15048
8.23 6.14392
8.24 6.13723
8.25 6.13042
8.26 6.12348
8.27 6.11642
8.28 6.10925
8.29 6.10197
8.3 6.09458
8.31 6.08709
8.32 6.07949
8.33 6.07181
8.34 6.06403
8.35 6.05616
8.36 6.04821
8.37 6.04019
8.38 6.03209
8.39 6.02392
8.4 6.01569
8.41 6.00739
8.42 5.99904
8.43 5.99064
8.44 5.98219
8.45 5.9737
8.46 5.96516
8.47 5.9566
8.48 5.948
8.49 5.93937
8.5 5.93072
8.51 5.92205
8.52 5.91337
8.53 5.90468
8.54 5.89597
8.55 5.88727
8.56 5.87856
8.57 5.86986
8.58 5.86116
8.59 5.85247
8.6 5.8438
8.61 5.83514
8.62 5.8265
8.63 5.81788
8.64 5.80929
8.65 5.80072
8.66 5.79218
8.67 5.78368
8.68 5.77521
8.69 5.76678
8.7 5.75838
8.71 5.75003
8.72 5.74172
8.73 5.73345
8.74 5.72524
8.75 5.71707
8.76 5.70895
8.77 5.70088
8.78 5.69287
8.79 5.68491
8.8 5.677
8.81 5.66916
8.82 5.66137
8.83 5.65364
8.84 5.64597
8.85 5.63836
8.86 5.63082
8.87 5.62333
8.88 5.61591
8.89 5.60856
8.9 5.60127
8.91 5.59404
8.92 5.58688
8.93 5.57979
8.94 5.57276
8.95 5.5658
8.96 5.5589
8.97 5.55208
8.98 5.54532
8.99 5.53863
9 5.532
9.01 5.52544
9.02 5.51895
9.03 5.51253
9.04 5.50617
9.05 5.49989
9.06 5.49366
9.07 5.48751
9.08 5.48142
9.09 5.4754
9.1 5.46944
9.11 5.46355
9.12 5.45773
9.13 5.45197
9.14 5.44627
9.15 5.44064
9.16 5.43508
9.17 5.42958
9.18 5.42414
9.19 5.41876
9.2 5.41344
9.21 5.40819
9.22 5.403
9.23 5.39787
9.24 5.3928
9.25 5.38779
9.26 5.38283
9.27 5.37794
9.28 5.3731
9.29 5.36833
9.3 5.3636
9.31 5.35894
9.32 5.35433
9.33 5.34978
9.34 5.34528
9.35 5.34083
9.36 5.33644
9.37 5.3321
9.38 5.32781
9.39 5.32358
9.4 5.3194
9.41 5.31526
9.42 5.31118
9.43 5.30714
9.44 5.30316
9.45 5.29922
9.46 5.29533
9.47 5.29149
9.48 5.28769
9.49 5.28394
9.5 5.28023
9.51 5.27657
9.52 5.27295
9.53 5.26938
9.54 5.26585
9.55 5.26236
9.56 5.25891
9.57 5.2555
9.58 5.25214
9.59 5.24881
9.6 5.24553
9.61 5.24228
9.62 5.23907
9.63 5.2359
9.64 5.23276
9.65 5.22967
9.66 5.22661
9.67 5.22358
9.68 5.22059
9.69 5.21764
9.7 5.21472
9.71 5.21183
9.72 5.20898
9.73 5.20616
9.74 5.20337
9.75 5.20061
9.76 5.19789
9.77 5.19519
9.78 5.19253
9.79 5.18989
9.8 5.18729
9.81 5.18472
9.82 5.18217
9.83 5.17965
9.84 5.17716
9.85 5.1747
9.86 5.17226
9.87 5.16985
9.88 5.16747
9.89 5.16511
9.9 5.16278
9.91 5.16047
9.92 5.15819
9.93 5.15593
9.94 5.1537
9.95 5.15149
9.96 5.1493
9.97 5.14714
9.98 5.145
9.99 5.14288
10 5.14078
10.001 5
