0 0
0.01 0.287814
0.02 0.286197
0.03 0.284578
0.04 0.282956
0.05 0.281331
0.06 0.279704
0.07 0.278074
0.08 0.276442
0.09 0.274808
0.1 0.273172
0.11 0.271534
0.12 0.269893
0.13 0.268251
0.14 0.266607
0.15 0.264962
0.16 0.263315
0.17 0.261667
0.18 0.260017
0.19 0.258366
0.2 0.256715
0.21 0.255062
0.22 0.253409
0.23 0.251755
0.24 0.250101
0.25 0.248447
0.26 0.246792
0.27 0.245137
0.28 0.243482
0.29 0.241828
0.3 0.240174
0.31 0.238521
0.32 0.236868
0.33 0.235216
0.34 0.233566
0.35 0.231916
0.36 0.230268
0.37 0.228622
0.38 0.226977
0.39 0.225335
0.4 0.223694
0.41 0.222056
0.42 0.22042
0.43 0.218787
0.44 0.217157
0.45 0.21553
0.46 0.213906
0.47 0.212286
0.48 0.210669
0.49 0.209057
0.5 0.207448
0.51 0.205844
0.52 0.204244
0.53 0.20265
0.54 0.20106
0.55 0.199475
0.56 0.197896
0.57 0.196323
0.58 0.194755
0.59 0.193194
0.6 0.191639
0.61 0.190091
0.62 0.18855
0.63 0.187016
0.64 0.185489
0.65 0.18397
0.66 0.182459
0.67 0.180957
0.68 0.179462
0.69 0.177977
0.7 0.1765
0.71 0.175033
0.72 0.173575
0.73 0.172127
0.74 0.170689
0.75 0.169262
0.76 0.167845
0.77 0.166439
0.78 0.165044
0.79 0.163661
0.8 0.16229
0.81 0.160931
0.82 0.159584
0.83 0.15825
0.84 0.156929
0.85 0.155621
0.86 0.154327
0.87 0.153046
0.88 0.15178
0.89 0.150529
0.9 0.149292
0.91 0.14807
0.92 0.146864
0.93 0.145673
0.94 0.144498
0.95 0.14334
0.96 0.142199
0.97 0.141074
0.98 0.139966
0.99 0.138877
1 0.137805
1.01 0.136751
1.02 0.135715
1.03 0.134699
1.04 0.133702
1.05 0.132724
1.06 0.131765
1.07 0.130827
1.08 0.129909
1.09 0.129012
1.1 0.128135
1.11 0.12728
1.12 0.126446
1.13 0.125635
1.14 0.124845
1.15 0.124077
1.16 0.123333
1.17 0.122611
1.18 0.121913
1.19 0.121238
1.2 0.120587
1.21 0.11996
1.22 0.119357
1.23 0.118779
1.24 0.118226
1.25 0.117698
1.26 0.117195
1.27 0.116718
1.28 0.116267
1.29 0.115842
1.3 0.115443
1.31 0.115071
1.32 0.114726
1.33 0.114408
1.34 0.114117
1.35 0.113854
1.36 0.113618
1.37 0.11341
1.38 0.11323
1.39 0.113079
1.4 0.112956
1.41 0.112861
1.42 0.112795
1.43 0.112758
1.44 0.11275
1.45 0.112771
1.46 0.112822
1.47 0.112902
1.48 0.113011
1.49 0.11315
1.5 0.113319
1.51 0.113518
1.52 0.113746
1.53 0.114005
1.54 0.114293
1.55 0.114612
1.56 0.11496
1.57 0.115339
1.58 0.115747
1.59 0.116186
1.6 0.116655
1.61 0.117154
1.62 0.117683
1.63 0.118242
1.64 0.118831
1.65 0.11945
1.66 0.120099
1.67 0.120777
1.68 0.121485
1.69 0.122223
1.7 0.122989
1.71 0.123786
1.72 0.124611
1.73 0.125465
1.74 0.126347
1.75 0.127259
1.76 0.128198
1.77 0.129166
1.78 0.130161
1.79 0.131185
1.8 0.132235
1.81 0.133313
1.82 0.134417
1.83 0.135548
1.84 0.136706
1.85 0.137889
1.86 0.139098
1.87 0.140332
1.88 0.141591
1.89 0.142875
1.9 0.144183
1.91 0.145515
1.92 0.14687
1.93 0.148248
1.94 0.149649
1.95 0.151072
1.96 0.152517
1.97 0.153983
1.98 0.15547
1.99 0.156978
2 0.158506
2.01 0.160053
2.02 0.161619
2.03 0.163204
2.04 0.164807
2.05 0.166428
2.06 0.168066
2.07 0.16972
2.08 0.171391
2.09 0.173077
2.1 0.174779
2.11 0.176495
2.12 0.178226
2.13 0.17997
2.14 0.181727
2.15 0.183497
2.16 0.185279
2.17 0.187073
2.18 0.188879
2.19 0.190695
2.2 0.192521
2.21 0.194357
2.22 0.196202
2.23 0.198056
2.24 0.199919
2.25 0.201789
2.26 0.203667
2.27 0.205553
2.28 0.207444
2.29 0.209342
2.3 0.211246
2.31 0.213155
2.32 0.215069
2.33 0.216988
2.34 0.21891
2.35 0.220837
2.36 0.222768
2.37 0.224701
2.38 0.226637
2.39 0.228576
2.4 0.230517
2.41 0.23246
2.42 0.234405
2.43 0.236351
2.44 0.238298
2.45 0.240247
2.46 0.242195
2.47 0.244144
2.48 0.246094
2.49 0.248043
2.5 0.249992
2.51 0.251941
2.52 0.25389
2.53 0.255837
2.54 0.257784
2.55 0.25973
2.56 0.261675
2.57 0.263619
2.58 0.265561
2.59 0.267502
2.6 0.269442
2.61 0.27138
2.62 0.273316
2.63 0.275251
2.64 0.277184
2.65 0.279115
2.66 0.281045
2.67 0.282973
2.68 0.284899
2.69 0.286823
2.7 0.288746
2.71 0.290666
2.72 0.292585
2.73 0.294502
2.74 0.296418
2.75 0.298331
2.76 0.300243
2.77 0.302154
2.78 0.304062
2.79 0.305969
2.8 0.307875
2.81 0.309779
2.82 0.311681
2.83 0.313582
2.84 0.315482
2.85 0.317381
2.86 0.319278
2.87 0.321174
2.88 0.323069
2.89 0.324964
2.9 0.326857
2.91 0.328749
2.92 0.33064
2.93 0.332531
2.94 0.334421
2.95 0.33631
2.96 0.338198
2.97 0.340087
2.98 0.341974
2.99 0.343862
3 0.345749
3.01 0.347635
3.02 0.349522
3.03 0.351408
3.04 0.353295
3.05 0.355181
3.06 0.357067
3.07 0.358954
3.08 0.360841
3.09 0.362728
3.1 0.364615
3.11 0.366502
3.12 0.36839
3.13 0.370278
3.14 0.372167
3.15 0.374057
3.16 0.375947
3.17 0.377837
3.18 0.379728
3.19 0.38162
3.2 0.383513
3.21 0.385407
3.22 0.387301
3.23 0.389196
3.24 0.391093
3.25 0.39299
3.26 0.394888
3.27 0.396787
3.28 0.398687
3.29 0.400589
3.3 0.402491
3.31 0.404395
3.32 0.406299
3.33 0.408206
3.34 0.410113
3.35 0.412021
3.36 0.413931
3.37 0.415843
3.38 0.417755
3.39 0.419669
3.4 0.421585
3.41 0.423502
3.42 0.42542
3.43 0.42734
3.44 0.429262
3.45 0.431185
3.46 0.433109
3.47 0.435036
3.48 0.436963
3.49 0.438893
3.5 0.440824
3.51 0.442757
3.52 0.444692
3.53 0.446629
3.54 0.448567
3.55 0.450508
3.56 0.45245
3.57 0.454394
3.58 0.45634
3.59 0.458288
3.6 0.460238
3.61 0.46219
3.62 0.464144
3.63 0.4661
3.64 0.468058
3.65 0.470019
3.66 0.471982
3.67 0.473947
3.68 0.475914
3.69 0.477884
3.7 0.479856
3.71 0.48183
3.72 0.483807
3.73 0.485786
3.74 0.487768
3.75 0.489753
3.76 0.49174
3.77 0.49373
3.78 0.495722
3.79 0.497718
3.8 0.499716
3.81 0.501717
3.82 0.503721
3.83 0.505728
3.84 0.507738
3.85 0.509751
3.86 0.511767
3.87 0.513787
3.88 0.51581
3.89 0.517836
3.9 0.519865
3.91 0.521898
3.92 0.523935
3.93 0.525975
3.94 0.528019
3.95 0.530067
3.96 0.532118
3.97 0.534173
3.98 0.536233
3.99 0.538296
4 0.540363
4.01 0.542435
4.02 0.544511
4.03 0.546591
4.04 0.548676
4.05 0.550765
4.06 0.552859
4.07 0.554957
4.08 0.55706
4.09 0.559168
4.1 0.561281
4.11 0.563399
4.12 0.565522
4.13 0.567651
4.14 0.569784
4.15 0.571924
4.16 0.574068
4.17 0.576218
4.18 0.578374
4.19 0.580536
4.2 0.582704
4.21 0.584877
4.22 0.587057
4.23 0.589243
4.24 0.591436
4.25 0.593634
4.26 0.59584
4.27 0.598052
4.28 0.600271
4.29 0.602496
4.3 0.604729
4.31 0.606969
4.32 0.609216
4.33 0.611471
4.34 0.613733
4.35 0.616002
4.36 0.61828
4.37 0.620565
4.38 0.622858
4.39 0.62516
4.4 0.627469
4.41 0.629787
4.42 0.632114
4.43 0.634449
4.44 0.636793
4.45 0.639146
4.46 0.641508
4.47 0.643879
4.48 0.646259
4.49 0.648649
4.5 0.651049
4.51 0.653458
4.52 0.655877
4.53 0.658307
4.54 0.660746
4.55 0.663196
4.56 0.665657
4.57 0.668128
4.58 0.67061
4.59 0.673103
4.6 0.675607
4.61 0.678122
4.62 0.680649
4.63 0.683187
4.64 0.685737
4.65 0.688299
4.66 0.690874
4.67 0.69346
4.68 0.696059
4.69 0.698671
4.7 0.701295
4.71 0.703933
4.72 0.706583
4.73 0.709247
4.74 0.711924
4.75 0.714615
4.76 0.71732
4.77 0.720039
4.78 0.722772
4.79 0.725519
4.8 0.728281
4.81 0.731058
4.82 0.73385
4.83 0.736657
4.84 0.739479
4.85 0.742317
4.86 0.74517
4.87 0.74804
4.88 0.750926
4.89 0.753828
4.9 0.756746
4.91 0.759681
4.92 0.762634
4.93 0.765603
4.94 0.76859
4.95 0.771594
4.96 0.774616
4.97 0.777656
4.98 0.780714
4.99 0.783791
5 0.786887
5.01 0.790001
5.02 0.793134
5.03 0.796287
5.04 0.799459
5.05 0.802651
5.06 0.805863
5.07 0.809095
5.08 0.812348
5.09 0.815622
5.1 0.818916
5.11 0.822231
5.12 0.825568
5.13 0.828927
5.14 0.832307
5.15 0.83571
5.16 0.839135
5.17 0.842582
5.18 0.846053
5.19 0.849546
5.2 0.853063
5.21 0.856604
5.22 0.860168
5.23 0.863757
5.24 0.86737
5.25 0.871007
5.26 0.87467
5.27 0.878358
5.28 0.882071
5.29 0.88581
5.3 0.889575
5.31 0.893366
5.32 0.897184
5.33 0.901028
5.34 0.9049
5.35 0.908798
5.36 0.912725
5.37 0.916679
5.38 0.920662
5.39 0.924673
5.4 0.928712
5.41 0.932781
5.42 0.936879
5.43 0.941006
5.44 0.945164
5.45 0.949351
5.46 0.953569
5.47 0.957818
5.48 0.962098
5.49 0.966408
5.5 0.970751
5.51 0.975125
5.52 0.979532
5.53 0.98397
5.54 0.988442
5.55 0.992947
5.56 0.997484
5.57 1.00206
5.58 1.00666
5.59 1.0113
5.6 1.01597
5.61 1.02068
5.62 1.02543
5.63 1.03021
5.64 1.03502
5.65 1.03987
5.66 1.04476
5.67 1.04968
5.68 1.05464
5.69 1.05963
5.7 1.06467
5.71 1.06974
5.72 1.07485
5.73 1.07999
5.74 1.08518
5.75 1.0904
5.76 1.09566
5.77 1.10096
5.78 1.1063
5.79 1.11168
5.8 1.1171
5.81 1.12256
5.82 1.12806
5.83 1.1336
5.84 1.13918
5.85 1.1448
5.86 1.15046
5.87 1.15617
5.88 1.16191
5.89 1.1677
5.9 1.17352
5.91 1.17939
5.92 1.1853
5.93 1.19126
5.94 1.19725
5.95 1.20329
5.96 1.20937
5.97 1.2155
5.98 1.22166
5.99 1.22787
6 1.23412
6.01 1.24042
6.02 1.24676
6.03 1.25314
6.04 1.25956
6.05 1.26603
6.06 1.27254
6.07 1.27909
6.08 1.28569
6.09 1.29233
6.1 1.29901
6.11 1.30574
6.12 1.31251
6.13 1.31932
6.14 1.32618
6.15 1.33308
6.16 1.34002
6.17 1.347
6.18 1.35403
6.19 1.3611
6.2 1.36821
6.21 1.37536
6.22 1.38255
6.23 1.38979
6.24 1.39707
6.25 1.40439
6.26 1.41175
6.27 1.41915
6.28 1.42659
6.29 1.43407
6.3 1.44159
6.31 1.44915
6.32 1.45675
6.33 1.46439
6.34 1.47207
6.35 1.47979
6.36 1.48754
6.37 1.49534
6.38 1.50317
6.39 1.51103
6.4 1.51894
6.41 1.52688
6.42 1.53486
6.43 1.54287
6.44 1.55092
6.45 1.55901
6.46 1.56713
6.47 1.57528
6.48 1.58347
6.49 1.5917
6.5 1.59995
6.51 1.60824
6.52 1.61657
6.53 1.62492
6.54 1.63331
6.55 1.64174
6.56 1.65019
6.57 1.65868
6.58 1.6672
6.59 1.67575
6.6 1.68433
6.61 1.69294
6.62 1.70159
6.63 1.71026
6.64 1.71897
6.65 1.72771
6.66 1.73648
6.67 1.74528
6.68 1.75411
6.69 1.76298
6.7 1.77187
6.71 1.7808
6.72 1.78976
6.73 1.79875
6.74 1.80778
6.75 1.81683
6.76 1.82592
6.77 1.83505
6.78 1.84421
6.79 1.8534
6.8 1.86263
6.81 1.8719
6.82 1.8812
6.83 1.89053
6.84 1.89991
6.85 1.90932
6.86 1.91878
6.87 1.92827
6.88 1.93781
6.89 1.94738
6.9 1.957
6.91 1.96666
6.92 1.97637
6.93 1.98612
6.94 1.99592
6.95 2.00577
6.96 2.01567
6.97 2.02562
6.98 2.03562
6.99 2.04567
7 2.05578
7.01 2.06594
7.02 2.07616
7.03 2.08643
7.04 2.09677
7.05 2.10717
7.06 2.11762
7.07 2.12815
7.08 2.13873
7.09 2.14939
7.1 2.16011
7.11 2.1709
7.12 2.18176
7.13 2.1927
7.14 2.2037
7.15 2.21479
7.16 2.22595
7.17 2.23718
7.18 2.2485
7.19 2.25989
7.2 2.27137
7.21 2.28293
7.22 2.29457
7.23 2.3063
7.24 2.31812
7.25 2.33002
7.26 2.34201
7.27 2.3541
7.28 2.36627
7.29 2.37853
7.3 2.39089
7.31 2.40334
7.32 2.41588
7.33 2.42851
7.34 2.44125
7.35 2.45407
7.36 2.467
7.37 2.48002
7.38 2.49313
7.39 2.50634
7.4 2.51965
7.41 2.53306
7.42 2.54656
7.43 2.56015
7.44 2.57385
7.45 2.58764
7.46 2.60152
7.47 2.6155
7.48 2.62957
7.49 2.64373
7.5 2.65799
7.51 2.67234
7.52 2.68677
7.53 2.7013
7.54 2.71591
7.55 2.73061
7.56 2.74539
7.57 2.76026
7.58 2.7752
7.59 2.79023
7.6 2.80533
7.61 2.8205
7.62 2.83575
7.63 2.85108
7.64 2.86646
7.65 2.88192
7.66 2.89744
7.67 2.91302
7.68 2.92866
7.69 2.94436
7.7 2.9601
7.71 2.9759
7.72 2.99175
7.73 3.00764
7.74 3.02358
7.75 3.03955
7.76 3.05556
7.77 3.0716
7.78 3.08767
7.79 3.10377
7.8 3.11989
7.81 3.13603
7.82 3.15218
7.83 3.16836
7.84 3.18454
7.85 3.20073
7.86 3.21692
7.87 3.23311
7.88 3.2493
7.89 3.26549
7.9 3.28166
7.91 3.29783
7.92 3.31398
7.93 3.3301
7.94 3.34621
7.95 3.36229
7.96 3.37834
7.97 3.39437
7.98 3.41035
7.99 3.4263
8 3.44221
8.01 3.45807
8.02 3.47388
8.03 3.48965
8.04 3.50536
8.05 3.52101
8.06 3.5366
8.07 3.55214
8.08 3.5676
8.09 3.583
8.1 3.59833
8.11 3.61358
8.12 3.62876
8.13 3.64385
8.14 3.65887
8.15 3.67379
8.16 3.68863
8.17 3.70338
8.18 3.71804
8.19 3.7326
8.2 3.74706
8.21 3.76142
8.22 3.77568
8.23 3.78983
8.24 3.80387
8.25 3.8178
8.26 3.83162
8.27 3.84532
8.28 3.85891
8.29 3.87237
8.3 3.88572
8.31 3.89893
8.32 3.91203
8.33 3.92499
8.34 3.93782
8.35 3.95052
8.36 3.96309
8.37 3.97552
8.38 3.98782
8.39 3.99997
8.4 4.01199
8.41 4.02386
8.42 4.03559
8.43 4.04718
8.44 4.05862
8.45 4.06991
8.46 4.08106
8.47 4.09206
8.48 4.1029
8.49 4.1136
8.5 4.12414
8.51 4.13453
8.52 4.14477
8.53 4.15486
8.54 4.16479
8.55 4.17457
8.56 4.1842
8.57 4.19367
8.58 4.20298
8.59 4.21214
8.6 4.22115
8.61 4.23
8.62 4.2387
8.63 4.24724
8.64 4.25563
8.65 4.26387
8.66 4.27195
8.67 4.27989
8.68 4.28766
8.69 4.29529
8.7 4.30277
8.71 4.3101
8.72 4.31728
8.73 4.32431
8.74 4.33119
8.75 4.33793
8.76 4.34452
8.77 4.35097
8.78 4.35727
8.79 4.36344
8.8 4.36946
8.81 4.37534
8.82 4.38108
8.83 4.38669
8.84 4.39216
8.85 4.39749
8.86 4.40269
8.87 4.40776
8.88 4.4127
8.89 4.41751
8.9 4.42219
8.91 4.42674
8.92 4.43117
8.93 4.43548
8.94 4.43966
8.95 4.44372
8.96 4.44767
8.97 4.45149
8.98 4.4552
8.99 4.45879
9 4.46227
9.01 4.46564
9.02 4.46889
9.03 4.47204
9.04 4.47508
9.05 4.47802
9.06 4.48085
9.07 4.48357
9.08 4.4862
9.09 4.48872
9.1 4.49115
9.11 4.49347
9.12 4.49571
9.13 4.49784
9.14 4.49989
9.15 4.50184
9.16 4.50371
9.17 4.50548
9.18 4.50717
9.19 4.50877
9.2 4.51029
9.21 4.51172
9.22 4.51307
9.23 4.51435
9.24 4.51554
9.25 4.51665
9.26 4.51769
9.27 4.51866
9.28 4.51955
9.29 4.52036
9.3 4.52111
9.31 4.52178
9.32 4.52239
9.33 4.52293
9.34 4.5234
9.35 4.52381
9.36 4.52415
9.37 4.52443
9.38 4.52465
9.39 4.52481
9.4 4.52491
9.41 4.52495
9.42 4.52493
9.43 4.52486
9.44 4.52473
9.45 4.52455
9.46 4.52432
9.47 4.52403
9.48 4.52369
9.49 4.5233
9.5 4.52287
9.51 4.52238
9.52 4.52185
9.53 4.52127
9.54 4.52065
9.55 4.51998
9.56 4.51927
9.57 4.51852
9.58 4.51773
9.59 4.51689
9.6 4.51602
9.61 4.5151
9.62 4.51415
9.63 4.51316
9.64 4.51214
9.65 4.51108
9.66 4.50998
9.67 4.50885
9.68 4.50768
9.69 4.50649
9.7 4.50526
9.71 4.504
9.72 4.50271
9.73 4.50139
9.74 4.50004
9.75 4.49866
9.76 4.49725
9.77 4.49582
9.78 4.49435
9.79 4.49287
9.8 4.49135
9.81 4.48982
9.82 4.48825
9.83 4.48667
9.84 4.48506
9.85 4.48343
9.86 4.48177
9.87 4.4801
9.88 4.4784
9.89 4.47668
9.9 4.47494
9.91 4.47319
9.92 4.47141
9.93 4.46961
9.94 4.4678
9.95 4.46597
9.96 4.46412
9.97 4.46225
9.98 4.46037
9.99 4.45847
10 4.45655
10.001 0
