0 -10
0.01 -8.28522
0.02 -8.28125
0.03 -8.27727
0.04 -8.27328
0.05 -8.26927
0.06 -8.26525
0.07 -8.26121
0.08 -8.25717
0.09 -8.25311
0.1 -8.24903
0.11 -8.24494
0.12 -8.24084
0.13 -8.23673
0.14 -8.2326
0.15 -8.22846
0.16 -8.2243
0.17 -8.22013
0.18 -8.21595
0.19 -8.21175
0.2 -8.20753
0.21 -8.20331
0.22 -8.19907
0.23 -8.19481
0.24 -8.19054
0.25 -8.18626
0.26 -8.18196
0.27 -8.17765
0.28 -8.17332
0.29 -8.16898
0.3 -8.16462
0.31 -8.16025
0.32 -8.15586
0.33 -8.15145
0.34 -8.14703
0.35 -8.1426
0.36 -8.13815
0.37 -8.13368
0.38 -8.1292
0.39 -8.1247
0.4 -8.12019
0.41 -8.11566
0.42 -8.11111
0.43 -8.10655
0.44 -8.10197
0.45 -8.09738
0.46 -8.09276
0.47 -8.08813
0.48 -8.08348
0.49 -8.07882
0.5 -8.07414
0.51 -8.06944
0.52 -8.06472
0.53 -8.05998
0.54 -8.05523
0.55 -8.05046
0.56 -8.04566
0.57 -8.04085
0.58 -8.03602
0.59 -8.03118
0.6 -8.02631
0.61 -8.02142
0.62 -8.01651
0.63 -8.01158
0.64 -8.00664
0.65 -8.00167
0.66 -7.99668
0.67 -7.99167
0.68 -7.98664
0.69 -7.98159
0.7 -7.97651
0.71 -7.97141
0.72 -7.96629
0.73 -7.96115
0.74 -7.95599
0.75 -7.9508
0.76 -7.94559
0.77 -7.94035
0.78 -7.9351
0.79 -7.92981
0.8 -7.9245
0.81 -7.91917
0.82 -7.91381
0.83 -7.90843
0.84 -7.90302
0.85 -7.89758
0.86 -7.89212
0.87 -7.88662
0.88 -7.88111
0.89 -7.87556
0.9 -7.86998
0.91 -7.86438
0.92 -7.85875
0.93 -7.85308
0.94 -7.84739
0.95 -7.84167
0.96 -7.83591
0.97 -7.83013
0.98 -7.82431
0.99 -7.81846
1 -7.81258
1.01 -7.80666
1.02 -7.80071
1.03 -7.79473
1.04 -7.78871
1.05 -7.78266
1.06 -7.77657
1.07 -7.77044
1.08 -7.76428
1.09 -7.75808
1.1 -7.75184
1.11 -7.74557
1.12 -7.73926
1.13 -7.7329
1.14 -7.72651
1.15 -7.72007
1.16 -7.7136
1.17 -7.70708
1.18 -7.70052
1.19 -7.69392
1.2 -7.68727
1.21 -7.68058
1.22 -7.67385
1.23 -7.66707
1.24 -7.66025
1.25 -7.65337
1.26 -7.64646
1.27 -7.63949
1.28 -7.63248
1.29 -7.62541
1.3 -7.6183
1.31 -7.61114
1.32 -7.60393
1.33 -7.59667
1.34 -7.58935
1.35 -7.58198
1.36 -7.57456
1.37 -7.56709
1.38 -7.55956
1.39 -7.55198
1.4 -7.54434
1.41 -7.53665
1.42 -7.5289
1.43 -7.5211
1.44 -7.51324
1.45 -7.50532
1.46 -7.49734
1.47 -7.4893
1.48 -7.48121
1.49 -7.47305
1.5 -7.46484
1.51 -7.45657
1.52 -7.44823
1.53 -7.43983
1.54 -7.43138
1.55 -7.42286
1.56 -7.41428
1.57 -7.40563
1.58 -7.39693
1.59 -7.38816
1.6 -7.37933
1.61 -7.37043
1.62 -7.36147
1.63 -7.35245
1.64 -7.34336
1.65 -7.33422
1.66 -7.325
1.67 -7.31573
1.68 -7.30639
1.69 -7.29698
1.7 -7.28752
1.71 -7.27799
1.72 -7.2684
1.73 -7.25874
1.74 -7.24902
1.75 -7.23924
1.76 -7.2294
1.77 -7.2195
1.78 -7.20954
1.79 -7.19951
1.8 -7.18943
1.81 -7.17929
1.82 -7.16909
1.83 -7.15883
1.84 -7.14851
1.85 -7.13814
1.86 -7.12771
1.87 -7.11723
1.88 -7.10669
1.89 -7.0961
1.9 -7.08546
1.91 -7.07477
1.92 -7.06403
1.93 -7.05325
1.94 -7.04241
1.95 -7.03153
1.96 -7.02061
1.97 -7.00964
1.98 -6.99863
1.99 -6.98759
2 -6.9765
2.01 -6.96538
2.02 -6.95422
2.03 -6.94303
2.04 -6.93181
2.05 -6.92056
2.06 -6.90928
2.07 -6.89798
2.08 -6.88665
2.09 -6.8753
2.1 -6.86393
2.11 -6.85254
2.12 -6.84114
2.13 -6.82972
2.14 -6.81829
2.15 -6.80686
2.16 -6.79541
2.17 -6.78396
2.18 -6.77251
2.19 -6.76106
2.2 -6.74961
2.21 -6.73816
2.22 -6.72672
2.23 -6.71529
2.24 -6.70387
2.25 -6.69247
2.26 -6.68108
2.27 -6.66971
2.28 -6.65836
2.29 -6.64703
2.3 -6.63573
2.31 -6.62445
2.32 -6.61321
2.33 -6.602
2.34 -6.59082
2.35 -6.57969
2.36 -6.56859
2.37 -6.55753
2.38 -6.54651
2.39 -6.53555
2.4 -6.52463
2.41 -6.51376
2.42 -6.50294
2.43 -6.49218
2.44 -6.48147
2.45 -6.47082
2.46 -6.46023
2.47 -6.44971
2.48 -6.43925
2.49 -6.42885
2.5 -6.41852
2.51 -6.40826
2.52 -6.39807
2.53 -6.38796
2.54 -6.37791
2.55 -6.36795
2.56 -6.35806
2.57 -6.34825
2.58 -6.33851
2.59 -6.32886
2.6 -6.31929
2.61 -6.3098
2.62 -6.3004
2.63 -6.29108
2.64 -6.28185
2.65 -6.2727
2.66 -6.26364
2.67 -6.25467
2.68 -6.24579
2.69 -6.237
2.7 -6.2283
2.71 -6.21969
2.72 -6.21117
2.73 -6.20274
2.74 -6.19441
2.75 -6.18616
2.76 -6.17801
2.77 -6.16995
2.78 -6.16199
2.79 -6.15412
2.8 -6.14634
2.81 -6.13865
2.82 -6.13106
2.83 -6.12355
2.84 -6.11614
2.85 -6.10883
2.86 -6.1016
2.87 -6.09447
2.88 -6.08743
2.89 -6.08048
2.9 -6.07362
2.91 -6.06685
2.92 -6.06017
2.93 -6.05359
2.94 -6.04708
2.95 -6.04067
2.96 -6.03435
2.97 -6.02811
2.98 -6.02196
2.99 -6.01589
3 -6.00991
3.01 -6.00402
3.02 -5.99821
3.03 -5.99248
3.04 -5.98683
3.05 -5.98127
3.06 -5.97578
3.07 -5.97038
3.08 -5.96505
3.09 -5.9598
3.1 -5.95463
3.11 -5.94954
3.12 -5.94452
3.13 -5.93958
3.14 -5.93471
3.15 -5.92991
3.16 -5.92518
3.17 -5.92053
3.18 -5.91595
3.19 -5.91143
3.2 -5.90699
3.21 -5.90261
3.22 -5.8983
3.23 -5.89405
3.24 -5.88987
3.25 -5.88575
3.26 -5.8817
3.27 -5.87771
3.28 -5.87377
3.29 -5.8699
3.3 -5.86609
3.31 -5.86234
3.32 -5.85864
3.33 -5.85501
3.34 -5.85142
3.35 -5.84789
3.36 -5.84442
3.37 -5.841
3.38 -5.83763
3.39 -5.83432
3.4 -5.83105
3.41 -5.82783
3.42 -5.82467
3.43 -5.82155
3.44 -5.81848
3.45 -5.81545
3.46 -5.81248
3.47 -5.80954
3.48 -5.80665
3.49 -5.80381
3.5 -5.80101
3.51 -5.79825
3.52 -5.79553
3.53 -5.79285
3.54 -5.79021
3.55 -5.78761
3.56 -5.78505
3.57 -5.78253
3.58 -5.78005
3.59 -5.7776
3.6 -5.77518
3.61 -5.77281
3.62 -5.77046
3.63 -5.76815
3.64 -5.76588
3.65 -5.76364
3.66 -5.76143
3.67 -5.75925
3.68 -5.7571
3.69 -5.75498
3.7 -5.75289
3.71 -5.75083
3.72 -5.7488
3.73 -5.7468
3.74 -5.74483
3.75 -5.74288
3.76 -5.74096
3.77 -5.73906
3.78 -5.7372
3.79 -5.73535
3.8 -5.73353
3.81 -5.73174
3.82 -5.72997
3.83 -5.72822
3.84 -5.7265
3.85 -5.72479
3.86 -5.72311
3.87 -5.72145
3.88 -5.71981
3.89 -5.7182
3.9 -5.7166
3.91 -5.71502
3.92 -5.71347
3.93 -5.71193
3.94 -5.71041
3.95 -5.70891
3.96 -5.70742
3.97 -5.70596
3.98 -5.70451
3.99 -5.70308
4 -5.70166
4.01 -5.70026
4.02 -5.69888
4.03 -5.69751
4.04 -5.69616
4.05 -5.69483
4.06 -5.6935
4.07 -5.6922
4.08 -5.6909
4.09 -5.68962
4.1 -5.68836
4.11 -5.6871
4.12 -5.68587
4.13 -5.68464
4.14 -5.68342
4.15 -5.68222
4.16 -5.68103
4.17 -5.67985
4.18 -5.67869
4.19 -5.67753
4.2 -5.67639
4.21 -5.67525
4.22 -5.67413
4.23 -5.67302
4.24 -5.67192
4.25 -5.67082
4.26 -5.66974
4.27 -5.66867
4.28 -5.6676
4.29 -5.66655
4.3 -5.6655
4.31 -5.66446
4.32 -5.66344
4.33 -5.66242
4.34 -5.6614
4.35 -5.6604
4.36 -5.6594
4.37 -5.65841
4.38 -5.65743
4.39 -5.65646
4.4 -5.65549
4.41 -5.65453
4.42 -5.65358
4.43 -5.65264
4.44 -5.6517
4.45 -5.65076
4.46 -5.64984
4.47 -5.64892
4.48 -5.648
4.49 -5.64709
4.5 -5.64619
4.51 -5.64529
4.52 -5.6444
4.53 -5.64352
4.54 -5.64264
4.55 -5.64176
4.56 -5.64089
4.57 -5.64002
4.58 -5.63916
4.59 -5.63831
4.6 -5.63745
4.61 -5.63661
4.62 -5.63576
4.63 -5.63493
4.64 -5.63409
4.65 -5.63326
4.66 -5.63243
4.67 -5.63161
4.68 -5.63079
4.69 -5.62998
4.7 -5.62916
4.71 -5.62836
4.72 -5.62755
4.73 -5.62675
4.74 -5.62595
4.75 -5.62516
4.76 -5.62436
4.77 -5.62357
4.78 -5.62279
4.79 -5.622
4.8 -5.62122
4.81 -5.62044
4.82 -5.61967
4.83 -5.6189
4.84 -5.61813
4.85 -5.61736
4.86 -5.61659
4.87 -5.61583
4.88 -5.61507
4.89 -5.61431
4.9 -5.61355
4.91 -5.61279
4.92 -5.61204
4.93 -5.61129
4.94 -5.61054
4.95 -5.60979
4.96 -5.60905
4.97 -5.6083
4.98 -5.60756
4.99 -5.60682
5 -5.60608
5.01 -5.60534
5.02 -5.6046
5.03 -5.60387
5.04 -5.60313
5.05 -5.6024
5.06 -5.60167
5.07 -5.60094
5.08 -5.60021
5.09 -5.59948
5.1 -5.59875
5.11 -5.59802
5.12 -5.5973
5.13 -5.59657
5.14 -5.59585
5.15 -5.59513
5.16 -5.59441
5.17 -5.59368
5.18 -5.59296
5.19 -5.59224
5.2 -5.59152
5.21 -5.59081
5.22 -5.59009
5.23 -5.58937
5.24 -5.58865
5.25 -5.58794
5.26 -5.58722
5.27 -5.5865
5.28 -5.58579
5.29 -5.58507
5.3 -5.58436
5.31 -5.58365
5.32 -5.58293
5.33 -5.58222
5.34 -5.5815
5.35 -5.58079
5.36 -5.58008
5.37 -5.57937
5.38 -5.57865
5.39 -5.57794
5.4 -5.57723
5.41 -5.57652
5.42 -5.5758
5.43 -5.57509
5.44 -5.57438
5.45 -5.57367
5.46 -5.57296
5.47 -5.57224
5.48 -5.57153
5.49 -5.57082
5.5 -5.57011
5.51 -5.5694
5.52 -5.56868
5.53 -5.56797
5.54 -5.56726
5.55 -5.56655
5.56 -5.56583
5.57 -5.56512
5.58 -5.56441
5.59 -5.5637
5.6 -5.56298
5.61 -5.56227
5.62 -5.56156
5.63 -5.56085
5.64 -5.56013
5.65 -5.55942
5.66 -5.55871
5.67 -5.55799
5.68 -5.55728
5.69 -5.55657
5.7 -5.55585
5.71 -5.55514
5.72 -5.55443
5.73 -5.55371
5.74 -5.553
5.75 -5.55228
5.76 -5.55157
5.77 -5.55086
5.78 -5.55014
5.79 -5.54943
5.8 -5.54872
5.81 -5.548
5.82 -5.54729
5.83 -5.54658
5.84 -5.54586
5.85 -5.54515
5.86 -5.54444
5.87 -5.54372
5.88 -5.54301
5.89 -5.5423
5.9 -5.54159
5.91 -5.54087
5.92 -5.54016
5.93 -5.53945
5.94 -5.53874
5.95 -5.53803
5.96 -5.53732
5.97 -5.53661
5.98 -5.5359
5.99 -5.53519
6 -5.53448
6.01 -5.53377
6.02 -5.53307
6.03 -5.53236
6.04 -5.53165
6.05 -5.53095
6.06 -5.53024
6.07 -5.52954
6.08 -5.52883
6.09 -5.52813
6.1 -5.52743
6.11 -5.52673
6.12 -5.52603
6.13 -5.52533
6.14 -5.52463
6.15 -5.52393
6.16 -5.52323
6.17 -5.52254
6.18 -5.52184
6.19 -5.52115
6.2 -5.52046
6.21 -5.51976
6.22 -5.51907
6.23 -5.51838
6.24 -5.51769
6.25 -5.517
6.26 -5.51632
6.27 -5.51563
6.28 -5.51495
6.29 -5.51426
6.3 -5.51358
6.31 -5.5129
6.32 -5.51222
6.33 -5.51154
6.34 -5.51086
6.35 -5.51018
6.36 -5.5095
6.37 -5.50882
6.38 -5.50815
6.39 -5.50747
6.4 -5.5068
6.41 -5.50612
6.42 -5.50545
6.43 -5.50478
6.44 -5.50411
6.45 -5.50344
6.46 -5.50276
6.47 -5.50209
6.48 -5.50142
6.49 -5.50075
6.5 -5.50008
6.51 -5.49941
6.52 -5.49874
6.53 -5.49807
6.54 -5.49739
6.55 -5.49672
6.56 -5.49605
6.57 -5.49537
6.58 -5.4947
6.59 -5.49402
6.6 -5.49334
6.61 -5.49266
6.62 -5.49198
6.63 -5.4913
6.64 -5.49061
6.65 -5.48993
6.66 -5.48924
6.67 -5.48854
6.68 -5.48785
6.69 -5.48715
6.7 -5.48645
6.71 -5.48575
6.72 -5.48504
6.73 -5.48433
6.74 -5.48361
6.75 -5.48289
6.76 -5.48217
6.77 -5.48144
6.78 -5.48071
6.79 -5.47997
6.8 -5.47923
6.81 -5.47848
6.82 -5.47773
6.83 -5.47697
6.84 -5.4762
6.85 -5.47543
6.86 -5.47465
6.87 -5.47387
6.88 -5.47308
6.89 -5.47228
6.9 -5.47147
6.91 -5.47066
6.92 -5.46984
6.93 -5.46901
6.94 -5.46817
6.95 -5.46733
6.96 -5.46648
6.97 -5.46562
6.98 -5.46475
6.99 -5.46388
7 -5.46299
7.01 -5.4621
7.02 -5.4612
7.03 -5.46029
7.04 -5.45937
7.05 -5.45845
7.06 -5.45751
7.07 -5.45657
7.08 -5.45562
7.09 -5.45467
7.1 -5.4537
7.11 -5.45273
7.12 -5.45175
7.13 -5.45076
7.14 -5.44977
7.15 -5.44877
7.16 -5.44776
7.17 -5.44675
7.18 -5.44573
7.19 -5.44471
7.2 -5.44369
7.21 -5.44266
7.22 -5.44163
7.23 -5.44059
7.24 -5.43955
7.25 -5.43852
7.26 -5.43748
7.27 -5.43644
7.28 -5.43541
7.29 -5.43437
7.3 -5.43334
7.31 -5.43232
7.32 -5.43129
7.33 -5.43028
7.34 -5.42927
7.35 -5.42828
7.36 -5.42729
7.37 -5.42632
7.38 -5.42535
7.39 -5.42441
7.4 -5.42347
7.41 -5.42256
7.42 -5.42166
7.43 -5.42079
7.44 -5.41994
7.45 -5.41911
7.46 -5.41831
7.47 -5.41754
7.48 -5.4168
7.49 -5.41609
7.5 -5.41542
7.51 -5.41478
7.52 -5.41418
7.53 -5.41363
7.54 -5.41311
7.55 -5.41264
7.56 -5.41223
7.57 -5.41186
7.58 -5.41154
7.59 -5.41128
7.6 -5.41108
7.61 -5.41094
7.62 -5.41087
7.63 -5.41086
7.64 -5.41092
7.65 -5.41106
7.66 -5.41126
7.67 -5.41155
7.68 -5.41192
7.69 -5.41237
7.7 -5.4129
7.71 -5.41353
7.72 -5.41425
7.73 -5.41506
7.74 -5.41597
7.75 -5.41698
7.76 -5.4181
7.77 -5.41932
7.78 -5.42065
7.79 -5.42209
7.8 -5.42365
7.81 -5.42532
7.82 -5.42712
7.83 -5.42903
7.84 -5.43107
7.85 -5.43324
7.86 -5.43554
7.87 -5.43797
7.88 -5.44054
7.89 -5.44324
7.9 -5.44608
7.91 -5.44907
7.92 -5.45219
7.93 -5.45546
7.94 -5.45888
7.95 -5.46244
7.96 -5.46615
7.97 -5.47002
7.98 -5.47403
7.99 -5.4782
8 -5.48252
8.01 -5.487
8.02 -5.49163
8.03 -5.49642
8.04 -5.50137
8.05 -5.50647
8.06 -5.51173
8.07 -5.51715
8.08 -5.52273
8.09 -5.52846
8.1 -5.53435
8.11 -5.54039
8.12 -5.54659
8.13 -5.55294
8.14 -5.55945
8.15 -5.56611
8.16 -5.57292
8.17 -5.57988
8.18 -5.58699
8.19 -5.59425
8.2 -5.60165
8.21 -5.60919
8.22 -5.61688
8.23 -5.6247
8.24 -5.63266
8.25 -5.64075
8.26 -5.64898
8.27 -5.65733
8.28 -5.66581
8.29 -5.67442
8.3 -5.68314
8.31 -5.69199
8.32 -5.70095
8.33 -5.71002
8.34 -5.7192
8.35 -5.72849
8.36 -5.73787
8.37 -5.74736
8.38 -5.75695
8.39 -5.76663
8.4 -5.77639
8.41 -5.78625
8.42 -5.79618
8.43 -5.8062
8.44 -5.81629
8.45 -5.82646
8.46 -5.8367
8.47 -5.847
8.48 -5.85736
8.49 -5.86779
8.5 -5.87827
8.51 -5.88881
8.52 -5.89939
8.53 -5.91003
8.54 -5.92071
8.55 -5.93142
8.56 -5.94218
8.57 -5.95297
8.58 -5.96379
8.59 -5.97465
8.6 -5.98553
8.61 -5.99643
8.62 -6.00735
8.63 -6.0183
8.64 -6.02926
8.65 -6.04023
8.66 -6.05121
8.67 -6.0622
8.68 -6.0732
8.69 -6.0842
8.7 -6.0952
8.71 -6.10621
8.72 -6.11721
8.73 -6.12821
8.74 -6.1392
8.75 -6.15018
8.76 -6.16115
8.77 -6.17211
8.78 -6.18306
8.79 -6.19399
8.8 -6.2049
8.81 -6.2158
8.82 -6.22668
8.83 -6.23753
8.84 -6.24837
8.85 -6.25918
8.86 -6.26996
8.87 -6.28072
8.88 -6.29146
8.89 -6.30216
8.9 -6.31283
8.91 -6.32348
8.92 -6.33409
8.93 -6.34467
8.94 -6.35522
8.95 -6.36573
8.96 -6.37621
8.97 -6.38666
8.98 -6.39706
8.99 -6.40743
9 -6.41777
9.01 -6.42806
9.02 -6.43832
9.03 -6.44853
9.04 -6.45871
9.05 -6.46885
9.06 -6.47894
9.07 -6.489
9.08 -6.49901
9.09 -6.50899
9.1 -6.51892
9.11 -6.5288
9.12 -6.53865
9.13 -6.54845
9.14 -6.55821
9.15 -6.56792
9.16 -6.57759
9.17 -6.58722
9.18 -6.5968
9.19 -6.60634
9.2 -6.61583
9.21 -6.62528
9.22 -6.63469
9.23 -6.64405
9.24 -6.65336
9.25 -6.66263
9.26 -6.67185
9.27 -6.68103
9.28 -6.69017
9.29 -6.69926
9.3 -6.7083
9.31 -6.7173
9.32 -6.72625
9.33 -6.73516
9.34 -6.74402
9.35 -6.75284
9.36 -6.76161
9.37 -6.77033
9.38 -6.77902
9.39 -6.78765
9.4 -6.79624
9.41 -6.80479
9.42 -6.81329
9.43 -6.82175
9.44 -6.83016
9.45 -6.83852
9.46 -6.84684
9.47 -6.85512
9.48 -6.86335
9.49 -6.87154
9.5 -6.87969
9.51 -6.88779
9.52 -6.89584
9.53 -6.90385
9.54 -6.91182
9.55 -6.91975
9.56 -6.92763
9.57 -6.93546
9.58 -6.94326
9.59 -6.95101
9.6 -6.95871
9.61 -6.96638
9.62 -6.974
9.63 -6.98158
9.64 -6.98911
9.65 -6.99661
9.66 -7.00406
9.67 -7.01147
9.68 -7.01884
9.69 -7.02616
9.7 -7.03345
9.71 -7.04069
9.72 -7.04789
9.73 -7.05505
9.74 -7.06217
9.75 -7.06925
9.76 -7.07628
9.77 -7.08328
9.78 -7.09024
9.79 -7.09715
9.8 -7.10403
9.81 -7.11087
9.82 -7.11766
9.83 -7.12442
9.84 -7.13114
9.85 -7.13782
9.86 -7.14446
9.87 -7.15106
9.88 -7.15762
9.89 -7.16415
9.9 -7.17064
9.91 -7.17708
9.92 -7.1835
9.93 -7.18987
9.94 -7.19621
9.95 -7.20251
9.96 -7.20877
9.97 -7.21499
9.98 -7.22118
9.99 -7.22734
10 -7.23345
10.001 -10
