0 0
0.01 0.160737
0.02 0.159952
0.03 0.159168
0.04 0.158384
0.05 0.157602
0.06 0.15682
0.07 0.156039
0.08 0.155259
0.09 0.154479
0.1 0.153701
0.11 0.152923
0.12 0.152146
0.13 0.151371
0.14 0.150596
0.15 0.149822
0.16 0.149049
0.17 0.148277
0.18 0.147506
0.19 0.146737
0.2 0.145968
0.21 0.145201
0.22 0.144435
0.23 0.143669
0.24 0.142906
0.25 0.142143
0.26 0.141382
0.27 0.140622
0.28 0.139863
0.29 0.139106
0.3 0.13835
0.31 0.137595
0.32 0.136842
0.33 0.136091
0.34 0.135341
0.35 0.134592
0.36 0.133845
0.37 0.1331
0.38 0.132357
0.39 0.131615
0.4 0.130875
0.41 0.130137
0.42 0.129401
0.43 0.128666
0.44 0.127934
0.45 0.127203
0.46 0.126475
0.47 0.125749
0.48 0.125025
0.49 0.124303
0.5 0.123583
0.51 0.122865
0.52 0.12215
0.53 0.121438
0.54 0.120727
0.55 0.12002
0.56 0.119315
0.57 0.118612
0.58 0.117913
0.59 0.117216
0.6 0.116522
0.61 0.115831
0.62 0.115143
0.63 0.114457
0.64 0.113776
0.65 0.113097
0.66 0.112422
0.67 0.11175
0.68 0.111081
0.69 0.110416
0.7 0.109755
0.71 0.109098
0.72 0.108444
0.73 0.107794
0.74 0.107149
0.75 0.106507
0.76 0.10587
0.77 0.105237
0.78 0.104609
0.79 0.103985
0.8 0.103365
0.81 0.102751
0.82 0.102142
0.83 0.101537
0.84 0.100938
0.85 0.100344
0.86 0.099755
0.87 0.0991719
0.88 0.0985945
0.89 0.0980229
0.9 0.0974573
0.91 0.0968979
0.92 0.0963446
0.93 0.0957978
0.94 0.0952576
0.95 0.0947241
0.96 0.0941974
0.97 0.0936779
0.98 0.0931655
0.99 0.0926606
1 0.0921632
1.01 0.0916736
1.02 0.0911919
1.03 0.0907183
1.04 0.090253
1.05 0.0897962
1.06 0.0893481
1.07 0.088909
1.08 0.0884789
1.09 0.0880581
1.1 0.0876468
1.11 0.0872453
1.12 0.0868537
1.13 0.0864723
1.14 0.0861013
1.15 0.0857409
1.16 0.0853914
1.17 0.0850529
1.18 0.0847258
1.19 0.0844103
1.2 0.0841066
1.21 0.0838149
1.22 0.0835356
1.23 0.0832689
1.24 0.0830151
1.25 0.0827743
1.26 0.0825469
1.27 0.0823332
1.28 0.0821334
1.29 0.0819478
1.3 0.0817767
1.31 0.0816203
1.32 0.081479
1.33 0.0813531
1.34 0.0812427
1.35 0.0811484
1.36 0.0810702
1.37 0.0810086
1.38 0.0809638
1.39 0.0809362
1.4 0.0809261
1.41 0.0809337
1.42 0.0809593
1.43 0.0810034
1.44 0.0810662
1.45 0.081148
1.46 0.0812492
1.47 0.0813701
1.48 0.0815109
1.49 0.0816721
1.5 0.081854
1.51 0.0820568
1.52 0.082281
1.53 0.0825268
1.54 0.0827946
1.55 0.0830847
1.56 0.0833974
1.57 0.0837331
1.58 0.084092
1.59 0.0844746
1.6 0.0848812
1.61 0.085312
1.62 0.0857675
1.63 0.0862479
1.64 0.0867535
1.65 0.0872847
1.66 0.0878419
1.67 0.0884252
1.68 0.0890351
1.69 0.0896719
1.7 0.0903358
1.71 0.0910271
1.72 0.0917463
1.73 0.0924935
1.74 0.093269
1.75 0.0940732
1.76 0.0949064
1.77 0.0957687
1.78 0.0966606
1.79 0.0975822
1.8 0.0985338
1.81 0.0995157
1.82 0.100528
1.83 0.101571
1.84 0.102646
1.85 0.103751
1.86 0.104888
1.87 0.106057
1.88 0.107257
1.89 0.10849
1.9 0.109755
1.91 0.111052
1.92 0.112382
1.93 0.113745
1.94 0.115141
1.95 0.116569
1.96 0.118031
1.97 0.119527
1.98 0.121056
1.99 0.122618
2 0.124214
2.01 0.125844
2.02 0.127508
2.03 0.129205
2.04 0.130936
2.05 0.132702
2.06 0.134501
2.07 0.136334
2.08 0.138202
2.09 0.140103
2.1 0.142038
2.11 0.144008
2.12 0.146011
2.13 0.148048
2.14 0.150119
2.15 0.152224
2.16 0.154362
2.17 0.156534
2.18 0.158739
2.19 0.160978
2.2 0.16325
2.21 0.165555
2.22 0.167894
2.23 0.170265
2.24 0.172668
2.25 0.175105
2.26 0.177574
2.27 0.180075
2.28 0.182608
2.29 0.185172
2.3 0.187769
2.31 0.190397
2.32 0.193056
2.33 0.195747
2.34 0.198468
2.35 0.20122
2.36 0.204002
2.37 0.206814
2.38 0.209657
2.39 0.212529
2.4 0.21543
2.41 0.218361
2.42 0.22132
2.43 0.224309
2.44 0.227326
2.45 0.230371
2.46 0.233444
2.47 0.236545
2.48 0.239673
2.49 0.242828
2.5 0.24601
2.51 0.249219
2.52 0.252454
2.53 0.255715
2.54 0.259001
2.55 0.262313
2.56 0.265651
2.57 0.269013
2.58 0.272399
2.59 0.27581
2.6 0.279245
2.61 0.282704
2.62 0.286185
2.63 0.28969
2.64 0.293218
2.65 0.296768
2.66 0.30034
2.67 0.303934
2.68 0.30755
2.69 0.311187
2.7 0.314845
2.71 0.318524
2.72 0.322223
2.73 0.325942
2.74 0.329682
2.75 0.333441
2.76 0.337219
2.77 0.341017
2.78 0.344834
2.79 0.348669
2.8 0.352523
2.81 0.356396
2.82 0.360287
2.83 0.364196
2.84 0.368123
2.85 0.372068
2.86 0.376031
2.87 0.380012
2.88 0.38401
2.89 0.388026
2.9 0.392059
2.91 0.39611
2.92 0.400179
2.93 0.404265
2.94 0.408368
2.95 0.41249
2.96 0.416629
2.97 0.420785
2.98 0.42496
2.99 0.429152
3 0.433363
3.01 0.437591
3.02 0.441838
3.03 0.446103
3.04 0.450386
3.05 0.454689
3.06 0.45901
3.07 0.463349
3.08 0.467708
3.09 0.472086
3.1 0.476483
3.11 0.4809
3.12 0.485336
3.13 0.489792
3.14 0.494268
3.15 0.498764
3.16 0.503279
3.17 0.507815
3.18 0.512371
3.19 0.516947
3.2 0.521543
3.21 0.52616
3.22 0.530797
3.23 0.535454
3.24 0.540132
3.25 0.54483
3.26 0.549549
3.27 0.554288
3.28 0.559047
3.29 0.563826
3.3 0.568625
3.31 0.573444
3.32 0.578283
3.33 0.583142
3.34 0.58802
3.35 0.592917
3.36 0.597834
3.37 0.60277
3.38 0.607724
3.39 0.612697
3.4 0.617688
3.41 0.622698
3.42 0.627725
3.43 0.632769
3.44 0.637831
3.45 0.64291
3.46 0.648005
3.47 0.653117
3.48 0.658244
3.49 0.663387
3.5 0.668546
3.51 0.67372
3.52 0.678908
3.53 0.68411
3.54 0.689327
3.55 0.694557
3.56 0.6998
3.57 0.705057
3.58 0.710325
3.59 0.715606
3.6 0.720899
3.61 0.726203
3.62 0.731519
3.63 0.736845
3.64 0.742182
3.65 0.747528
3.66 0.752885
3.67 0.758251
3.68 0.763626
3.69 0.76901
3.7 0.774402
3.71 0.779802
3.72 0.785211
3.73 0.790627
3.74 0.79605
3.75 0.80148
3.76 0.806917
3.77 0.81236
3.78 0.81781
3.79 0.823266
3.8 0.828727
3.81 0.834194
3.82 0.839666
3.83 0.845143
3.84 0.850625
3.85 0.856112
3.86 0.861603
3.87 0.867098
3.88 0.872598
3.89 0.878102
3.9 0.883609
3.91 0.88912
3.92 0.894635
3.93 0.900153
3.94 0.905675
3.95 0.9112
3.96 0.916728
3.97 0.922259
3.98 0.927793
3.99 0.93333
4 0.93887
4.01 0.944412
4.02 0.949958
4.03 0.955506
4.04 0.961056
4.05 0.96661
4.06 0.972166
4.07 0.977724
4.08 0.983286
4.09 0.98885
4.1 0.994416
4.11 0.999985
4.12 1.00556
4.13 1.01113
4.14 1.01671
4.15 1.02229
4.16 1.02787
4.17 1.03346
4.18 1.03905
4.19 1.04464
4.2 1.05023
4.21 1.05583
4.22 1.06143
4.23 1.06703
4.24 1.07264
4.25 1.07825
4.26 1.08387
4.27 1.08948
4.28 1.0951
4.29 1.10073
4.3 1.10636
4.31 1.11199
4.32 1.11762
4.33 1.12326
4.34 1.12891
4.35 1.13456
4.36 1.14021
4.37 1.14587
4.38 1.15153
4.39 1.15719
4.4 1.16286
4.41 1.16854
4.42 1.17422
4.43 1.1799
4.44 1.18559
4.45 1.19129
4.46 1.19699
4.47 1.20269
4.48 1.20841
4.49 1.21412
4.5 1.21984
4.51 1.22557
4.52 1.2313
4.53 1.23704
4.54 1.24279
4.55 1.24854
4.56 1.25429
4.57 1.26005
4.58 1.26582
4.59 1.2716
4.6 1.27738
4.61 1.28316
4.62 1.28896
4.63 1.29476
4.64 1.30056
4.65 1.30638
4.66 1.31219
4.67 1.31802
4.68 1.32385
4.69 1.32969
4.7 1.33554
4.71 1.34139
4.72 1.34725
4.73 1.35311
4.74 1.35898
4.75 1.36486
4.76 1.37075
4.77 1.37664
4.78 1.38254
4.79 1.38845
4.8 1.39436
4.81 1.40028
4.82 1.40621
4.83 1.41214
4.84 1.41808
4.85 1.42403
4.86 1.42998
4.87 1.43594
4.88 1.44191
4.89 1.44788
4.9 1.45386
4.91 1.45985
4.92 1.46585
4.93 1.47185
4.94 1.47786
4.95 1.48387
4.96 1.48989
4.97 1.49592
4.98 1.50195
4.99 1.508
5 1.51404
5.01 1.5201
5.02 1.52616
5.03 1.53223
5.04 1.5383
5.05 1.54438
5.06 1.55047
5.07 1.55656
5.08 1.56266
5.09 1.56877
5.1 1.57489
5.11 1.58101
5.12 1.58713
5.13 1.59327
5.14 1.59941
5.15 1.60556
5.16 1.61171
5.17 1.61787
5.18 1.62404
5.19 1.63021
5.2 1.6364
5.21 1.64258
5.22 1.64878
5.23 1.65498
5.24 1.66119
5.25 1.66741
5.26 1.67364
5.27 1.67987
5.28 1.68611
5.29 1.69236
5.3 1.69862
5.31 1.70489
5.32 1.71116
5.33 1.71744
5.34 1.72374
5.35 1.73004
5.36 1.73635
5.37 1.74267
5.38 1.749
5.39 1.75534
5.4 1.76169
5.41 1.76805
5.42 1.77442
5.43 1.7808
5.44 1.78719
5.45 1.7936
5.46 1.80001
5.47 1.80644
5.48 1.81289
5.49 1.81934
5.5 1.82581
5.51 1.83229
5.52 1.83879
5.53 1.8453
5.54 1.85183
5.55 1.85837
5.56 1.86493
5.57 1.87151
5.58 1.8781
5.59 1.88471
5.6 1.89134
5.61 1.89799
5.62 1.90466
5.63 1.91134
5.64 1.91805
5.65 1.92478
5.66 1.93152
5.67 1.93829
5.68 1.94509
5.69 1.9519
5.7 1.95874
5.71 1.96561
5.72 1.9725
5.73 1.97941
5.74 1.98635
5.75 1.99332
5.76 2.00032
5.77 2.00734
5.78 2.01439
5.79 2.02148
5.8 2.02859
5.81 2.03573
5.82 2.04291
5.83 2.05011
5.84 2.05735
5.85 2.06463
5.86 2.07194
5.87 2.07928
5.88 2.08666
5.89 2.09407
5.9 2.10152
5.91 2.10901
5.92 2.11654
5.93 2.12411
5.94 2.13171
5.95 2.13936
5.96 2.14705
5.97 2.15477
5.98 2.16255
5.99 2.17036
6 2.17821
6.01 2.18611
6.02 2.19406
6.03 2.20205
6.04 2.21008
6.05 2.21816
6.06 2.22629
6.07 2.23446
6.08 2.24268
6.09 2.25095
6.1 2.25927
6.11 2.26763
6.12 2.27605
6.13 2.28451
6.14 2.29302
6.15 2.30159
6.16 2.3102
6.17 2.31887
6.18 2.32758
6.19 2.33635
6.2 2.34516
6.21 2.35403
6.22 2.36295
6.23 2.37192
6.24 2.38094
6.25 2.39001
6.26 2.39914
6.27 2.40832
6.28 2.41754
6.29 2.42682
6.3 2.43615
6.31 2.44553
6.32 2.45497
6.33 2.46445
6.34 2.47398
6.35 2.48356
6.36 2.4932
6.37 2.50288
6.38 2.51261
6.39 2.52239
6.4 2.53222
6.41 2.54209
6.42 2.55201
6.43 2.56198
6.44 2.572
6.45 2.58205
6.46 2.59216
6.47 2.60231
6.48 2.6125
6.49 2.62273
6.5 2.633
6.51 2.64332
6.52 2.65368
6.53 2.66407
6.54 2.6745
6.55 2.68497
6.56 2.69548
6.57 2.70602
6.58 2.7166
6.59 2.72721
6.6 2.73785
6.61 2.74852
6.62 2.75922
6.63 2.76995
6.64 2.78071
6.65 2.7915
6.66 2.80231
6.67 2.81314
6.68 2.824
6.69 2.83488
6.7 2.84579
6.71 2.85671
6.72 2.86765
6.73 2.8786
6.74 2.88958
6.75 2.90056
6.76 2.91156
6.77 2.92258
6.78 2.9336
6.79 2.94463
6.8 2.95567
6.81 2.96672
6.82 2.97778
6.83 2.98883
6.84 2.9999
6.85 3.01096
6.86 3.02202
6.87 3.03309
6.88 3.04415
6.89 3.05521
6.9 3.06627
6.91 3.07732
6.92 3.08836
6.93 3.0994
6.94 3.11043
6.95 3.12144
6.96 3.13245
6.97 3.14345
6.98 3.15443
6.99 3.16539
7 3.17635
7.01 3.18728
7.02 3.1982
7.03 3.2091
7.04 3.21998
7.05 3.23084
7.06 3.24168
7.07 3.25249
7.08 3.26329
7.09 3.27405
7.1 3.2848
7.11 3.29551
7.12 3.3062
7.13 3.31687
7.14 3.3275
7.15 3.3381
7.16 3.34868
7.17 3.35922
7.18 3.36973
7.19 3.3802
7.2 3.39065
7.21 3.40105
7.22 3.41143
7.23 3.42176
7.24 3.43206
7.25 3.44233
7.26 3.45255
7.27 3.46273
7.28 3.47288
7.29 3.48298
7.3 3.49304
7.31 3.50306
7.32 3.51304
7.33 3.52297
7.34 3.53286
7.35 3.54271
7.36 3.5525
7.37 3.56225
7.38 3.57195
7.39 3.58161
7.4 3.59121
7.41 3.60077
7.42 3.61027
7.43 3.61972
7.44 3.62912
7.45 3.63847
7.46 3.64776
7.47 3.657
7.48 3.66618
7.49 3.67531
7.5 3.68438
7.51 3.69339
7.52 3.70234
7.53 3.71123
7.54 3.72006
7.55 3.72883
7.56 3.73753
7.57 3.74618
7.58 3.75476
7.59 3.76327
7.6 3.77172
7.61 3.7801
7.62 3.78841
7.63 3.79666
7.64 3.80483
7.65 3.81294
7.66 3.82098
7.67 3.82894
7.68 3.83683
7.69 3.84465
7.7 3.85239
7.71 3.86006
7.72 3.86765
7.73 3.87517
7.74 3.8826
7.75 3.88996
7.76 3.89724
7.77 3.90444
7.78 3.91156
7.79 3.9186
7.8 3.92556
7.81 3.93244
7.82 3.93923
7.83 3.94593
7.84 3.95256
7.85 3.9591
7.86 3.96555
7.87 3.97191
7.88 3.97819
7.89 3.98438
7.9 3.99049
7.91 3.9965
7.92 4.00243
7.93 4.00827
7.94 4.01402
7.95 4.01968
7.96 4.02524
7.97 4.03072
7.98 4.03611
7.99 4.0414
8 4.0466
8.01 4.05172
8.02 4.05674
8.03 4.06166
8.04 4.0665
8.05 4.07124
8.06 4.07589
8.07 4.08045
8.08 4.08491
8.09 4.08928
8.1 4.09356
8.11 4.09775
8.12 4.10184
8.13 4.10584
8.14 4.10975
8.15 4.11356
8.16 4.11728
8.17 4.12091
8.18 4.12445
8.19 4.12789
8.2 4.13125
8.21 4.13451
8.22 4.13768
8.23 4.14076
8.24 4.14375
8.25 4.14664
8.26 4.14945
8.27 4.15217
8.28 4.1548
8.29 4.15733
8.3 4.15978
8.31 4.16215
8.32 4.16442
8.33 4.1666
8.34 4.1687
8.35 4.17071
8.36 4.17264
8.37 4.17448
8.38 4.17623
8.39 4.1779
8.4 4.17949
8.41 4.18099
8.42 4.18241
8.43 4.18374
8.44 4.185
8.45 4.18617
8.46 4.18726
8.47 4.18827
8.48 4.1892
8.49 4.19006
8.5 4.19083
8.51 4.19153
8.52 4.19215
8.53 4.19269
8.54 4.19316
8.55 4.19355
8.56 4.19386
8.57 4.19411
8.58 4.19428
8.59 4.19438
8.6 4.1944
8.61 4.19436
8.62 4.19424
8.63 4.19406
8.64 4.1938
8.65 4.19348
8.66 4.19309
8.67 4.19263
8.68 4.19211
8.69 4.19152
8.7 4.19087
8.71 4.19015
8.72 4.18937
8.73 4.18853
8.74 4.18762
8.75 4.18666
8.76 4.18563
8.77 4.18455
8.78 4.1834
8.79 4.1822
8.8 4.18094
8.81 4.17963
8.82 4.17825
8.83 4.17683
8.84 4.17534
8.85 4.17381
8.86 4.17222
8.87 4.17058
8.88 4.16888
8.89 4.16714
8.9 4.16535
8.91 4.1635
8.92 4.16161
8.93 4.15967
8.94 4.15768
8.95 4.15565
8.96 4.15357
8.97 4.15144
8.98 4.14927
8.99 4.14705
9 4.1448
9.01 4.14249
9.02 4.14015
9.03 4.13777
9.04 4.13534
9.05 4.13288
9.06 4.13037
9.07 4.12783
9.08 4.12525
9.09 4.12263
9.1 4.11997
9.11 4.11728
9.12 4.11455
9.13 4.11178
9.14 4.10898
9.15 4.10615
9.16 4.10329
9.17 4.10039
9.18 4.09746
9.19 4.09449
9.2 4.0915
9.21 4.08847
9.22 4.08542
9.23 4.08233
9.24 4.07922
9.25 4.07608
9.26 4.07291
9.27 4.06971
9.28 4.06649
9.29 4.06324
9.3 4.05996
9.31 4.05666
9.32 4.05333
9.33 4.04998
9.34 4.0466
9.35 4.0432
9.36 4.03978
9.37 4.03633
9.38 4.03286
9.39 4.02937
9.4 4.02586
9.41 4.02233
9.42 4.01878
9.43 4.0152
9.44 4.01161
9.45 4.008
9.46 4.00436
9.47 4.00071
9.48 3.99704
9.49 3.99336
9.5 3.98965
9.51 3.98593
9.52 3.9822
9.53 3.97844
9.54 3.97467
9.55 3.97088
9.56 3.96708
9.57 3.96327
9.58 3.95943
9.59 3.95559
9.6 3.95173
9.61 3.94786
9.62 3.94397
9.63 3.94007
9.64 3.93616
9.65 3.93223
9.66 3.92829
9.67 3.92434
9.68 3.92038
9.69 3.91641
9.7 3.91243
9.71 3.90843
9.72 3.90443
9.73 3.90041
9.74 3.89639
9.75 3.89236
9.76 3.88831
9.77 3.88426
9.78 3.8802
9.79 3.87613
9.8 3.87205
9.81 3.86796
9.82 3.86386
9.83 3.85976
9.84 3.85565
9.85 3.85153
9.86 3.84741
9.87 3.84328
9.88 3.83914
9.89 3.835
9.9 3.83085
9.91 3.82669
9.92 3.82253
9.93 3.81837
9.94 3.81419
9.95 3.81002
9.96 3.80584
9.97 3.80165
9.98 3.79746
9.99 3.79327
10 3.78907
10.001 0
