0 5
0.01 4.15507
0.02 4.15622
0.03 4.15738
0.04 4.15854
0.05 4.15971
0.06 4.16089
0.07 4.16207
0.08 4.16326
0.09 4.16446
0.1 4.16567
0.11 4.16689
0.12 4.16811
0.13 4.16934
0.14 4.17058
0.15 4.17183
0.16 4.17308
0.17 4.17435
0.18 4.17562
0.19 4.1769
0.2 4.17819
0.21 4.17949
0.22 4.1808
0.23 4.18211
0.24 4.18344
0.25 4.18477
0.26 4.18612
0.27 4.18747
0.28 4.18883
0.29 4.1902
0.3 4.19158
0.31 4.19297
0.32 4.19437
0.33 4.19578
0.34 4.1972
0.35 4.19862
0.36 4.20006
0.37 4.20151
0.38 4.20297
0.39 4.20444
0.4 4.20592
0.41 4.20741
0.42 4.20891
0.43 4.21042
0.44 4.21194
0.45 4.21348
0.46 4.21502
0.47 4.21658
0.48 4.21814
0.49 4.21972
0.5 4.22131
0.51 4.22291
0.52 4.22452
0.53 4.22615
0.54 4.22779
0.55 4.22943
0.56 4.23109
0.57 4.23277
0.58 4.23445
0.59 4.23615
0.6 4.23786
0.61 4.23958
0.62 4.24132
0.63 4.24307
0.64 4.24483
0.65 4.2466
0.66 4.24839
0.67 4.25019
0.68 4.25201
0.69 4.25383
0.7 4.25568
0.71 4.25753
0.72 4.2594
0.73 4.26129
0.74 4.26319
0.75 4.2651
0.76 4.26703
0.77 4.26897
0.78 4.27093
0.79 4.2729
0.8 4.27489
0.81 4.27689
0.82 4.27891
0.83 4.28095
0.84 4.283
0.85 4.28506
0.86 4.28714
0.87 4.28924
0.88 4.29136
0.89 4.29349
0.9 4.29564
0.91 4.2978
0.92 4.29998
0.93 4.30218
0.94 4.3044
0.95 4.30663
0.96 4.30888
0.97 4.31115
0.98 4.31344
0.99 4.31574
1 4.31806
1.01 4.32041
1.02 4.32277
1.03 4.32515
1.04 4.32754
1.05 4.32996
1.06 4.3324
1.07 4.33486
1.08 4.33733
1.09 4.33983
1.1 4.34235
1.11 4.34489
1.12 4.34745
1.13 4.35003
1.14 4.35263
1.15 4.35525
1.16 4.35789
1.17 4.36056
1.18 4.36325
1.19 4.36596
1.2 4.36869
1.21 4.37145
1.22 4.37423
1.23 4.37703
1.24 4.37986
1.25 4.38271
1.26 4.38559
1.27 4.38849
1.28 4.39141
1.29 4.39436
1.3 4.39734
1.31 4.40034
1.32 4.40337
1.33 4.40642
1.34 4.4095
1.35 4.41261
1.36 4.41575
1.37 4.41891
1.38 4.42211
1.39 4.42533
1.4 4.42858
1.41 4.43186
1.42 4.43517
1.43 4.43851
1.44 4.44188
1.45 4.44528
1.46 4.44872
1.47 4.45218
1.48 4.45568
1.49 4.45921
1.5 4.46278
1.51 4.46638
1.52 4.47001
1.53 4.47368
1.54 4.47739
1.55 4.48113
1.56 4.48491
1.57 4.48872
1.58 4.49257
1.59 4.49647
1.6 4.5004
1.61 4.50437
1.62 4.50838
1.63 4.51243
1.64 4.51652
1.65 4.52065
1.66 4.52483
1.67 4.52905
1.68 4.53331
1.69 4.53762
1.7 4.54197
1.71 4.54638
1.72 4.55082
1.73 4.55532
1.74 4.55986
1.75 4.56445
1.76 4.56909
1.77 4.57378
1.78 4.57852
1.79 4.58332
1.8 4.58817
1.81 4.59307
1.82 4.59802
1.83 4.60303
1.84 4.60809
1.85 4.61321
1.86 4.61839
1.87 4.62363
1.88 4.62892
1.89 4.63428
1.9 4.63969
1.91 4.64517
1.92 4.6507
1.93 4.6563
1.94 4.66196
1.95 4.66769
1.96 4.67348
1.97 4.67933
1.98 4.68526
1.99 4.69124
2 4.6973
2.01 4.70342
2.02 4.70961
2.03 4.71587
2.04 4.7222
2.05 4.72859
2.06 4.73506
2.07 4.7416
2.08 4.74821
2.09 4.75489
2.1 4.76164
2.11 4.76846
2.12 4.77536
2.13 4.78233
2.14 4.78937
2.15 4.79648
2.16 4.80366
2.17 4.81092
2.18 4.81825
2.19 4.82565
2.2 4.83312
2.21 4.84066
2.22 4.84828
2.23 4.85596
2.24 4.86371
2.25 4.87154
2.26 4.87943
2.27 4.88739
2.28 4.89541
2.29 4.9035
2.3 4.91166
2.31 4.91988
2.32 4.92816
2.33 4.9365
2.34 4.94491
2.35 4.95337
2.36 4.96188
2.37 4.97046
2.38 4.97908
2.39 4.98776
2.4 4.99649
2.41 5.00526
2.42 5.01409
2.43 5.02295
2.44 5.03186
2.45 5.0408
2.46 5.04978
2.47 5.0588
2.48 5.06785
2.49 5.07693
2.5 5.08603
2.51 5.09516
2.52 5.10431
2.53 5.11348
2.54 5.12267
2.55 5.13187
2.56 5.14108
2.57 5.1503
2.58 5.15952
2.59 5.16875
2.6 5.17798
2.61 5.1872
2.62 5.19642
2.63 5.20563
2.64 5.21482
2.65 5.22401
2.66 5.23317
2.67 5.24232
2.68 5.25144
2.69 5.26054
2.7 5.26961
2.71 5.27865
2.72 5.28766
2.73 5.29664
2.74 5.30557
2.75 5.31447
2.76 5.32333
2.77 5.33214
2.78 5.3409
2.79 5.34962
2.8 5.35829
2.81 5.3669
2.82 5.37546
2.83 5.38397
2.84 5.39242
2.85 5.40081
2.86 5.40914
2.87 5.4174
2.88 5.42561
2.89 5.43375
2.9 5.44183
2.91 5.44983
2.92 5.45778
2.93 5.46565
2.94 5.47345
2.95 5.48118
2.96 5.48884
2.97 5.49643
2.98 5.50395
2.99 5.51139
3 5.51876
3.01 5.52606
3.02 5.53328
3.03 5.54043
3.04 5.5475
3.05 5.55449
3.06 5.56141
3.07 5.56826
3.08 5.57503
3.09 5.58172
3.1 5.58834
3.11 5.59488
3.12 5.60135
3.13 5.60774
3.14 5.61406
3.15 5.6203
3.16 5.62647
3.17 5.63257
3.18 5.63859
3.19 5.64453
3.2 5.65041
3.21 5.65621
3.22 5.66194
3.23 5.66759
3.24 5.67318
3.25 5.67869
3.26 5.68414
3.27 5.68951
3.28 5.69482
3.29 5.70006
3.3 5.70523
3.31 5.71033
3.32 5.71537
3.33 5.72034
3.34 5.72524
3.35 5.73008
3.36 5.73486
3.37 5.73958
3.38 5.74423
3.39 5.74882
3.4 5.75335
3.41 5.75782
3.42 5.76223
3.43 5.76658
3.44 5.77087
3.45 5.77511
3.46 5.77929
3.47 5.78341
3.48 5.78748
3.49 5.7915
3.5 5.79546
3.51 5.79937
3.52 5.80322
3.53 5.80703
3.54 5.81078
3.55 5.81449
3.56 5.81814
3.57 5.82175
3.58 5.82531
3.59 5.82882
3.6 5.83229
3.61 5.83571
3.62 5.83908
3.63 5.84241
3.64 5.8457
3.65 5.84895
3.66 5.85215
3.67 5.85531
3.68 5.85843
3.69 5.86151
3.7 5.86455
3.71 5.86755
3.72 5.87051
3.73 5.87344
3.74 5.87632
3.75 5.87917
3.76 5.88199
3.77 5.88477
3.78 5.88751
3.79 5.89022
3.8 5.89289
3.81 5.89554
3.82 5.89815
3.83 5.90072
3.84 5.90327
3.85 5.90578
3.86 5.90827
3.87 5.91072
3.88 5.91315
3.89 5.91554
3.9 5.91791
3.91 5.92024
3.92 5.92255
3.93 5.92484
3.94 5.92709
3.95 5.92932
3.96 5.93153
3.97 5.9337
3.98 5.93586
3.99 5.93798
4 5.94009
4.01 5.94217
4.02 5.94422
4.03 5.94626
4.04 5.94826
4.05 5.95025
4.06 5.95222
4.07 5.95416
4.08 5.95608
4.09 5.95798
4.1 5.95986
4.11 5.96172
4.12 5.96356
4.13 5.96538
4.14 5.96718
4.15 5.96896
4.16 5.97073
4.17 5.97247
4.18 5.97419
4.19 5.9759
4.2 5.97759
4.21 5.97926
4.22 5.98092
4.23 5.98256
4.24 5.98418
4.25 5.98578
4.26 5.98737
4.27 5.98895
4.28 5.99051
4.29 5.99205
4.3 5.99357
4.31 5.99509
4.32 5.99658
4.33 5.99807
4.34 5.99954
4.35 6.00099
4.36 6.00243
4.37 6.00386
4.38 6.00527
4.39 6.00667
4.4 6.00806
4.41 6.00944
4.42 6.0108
4.43 6.01215
4.44 6.01349
4.45 6.01481
4.46 6.01613
4.47 6.01743
4.48 6.01872
4.49 6.02
4.5 6.02127
4.51 6.02252
4.52 6.02377
4.53 6.025
4.54 6.02623
4.55 6.02744
4.56 6.02865
4.57 6.02984
4.58 6.03102
4.59 6.0322
4.6 6.03336
4.61 6.03452
4.62 6.03566
4.63 6.0368
4.64 6.03792
4.65 6.03904
4.66 6.04015
4.67 6.04125
4.68 6.04234
4.69 6.04343
4.7 6.0445
4.71 6.04557
4.72 6.04663
4.73 6.04768
4.74 6.04872
4.75 6.04976
4.76 6.05079
4.77 6.05181
4.78 6.05282
4.79 6.05383
4.8 6.05483
4.81 6.05582
4.82 6.05681
4.83 6.05779
4.84 6.05876
4.85 6.05973
4.86 6.06069
4.87 6.06164
4.88 6.06259
4.89 6.06353
4.9 6.06447
4.91 6.0654
4.92 6.06632
4.93 6.06724
4.94 6.06815
4.95 6.06906
4.96 6.06996
4.97 6.07086
4.98 6.07176
4.99 6.07265
5 6.07353
5.01 6.07441
5.02 6.07528
5.03 6.07616
5.04 6.07702
5.05 6.07789
5.06 6.07874
5.07 6.0796
5.08 6.08045
5.09 6.0813
5.1 6.08214
5.11 6.08298
5.12 6.08382
5.13 6.08466
5.14 6.08549
5.15 6.08632
5.16 6.08714
5.17 6.08797
5.18 6.08879
5.19 6.08961
5.2 6.09043
5.21 6.09124
5.22 6.09205
5.23 6.09286
5.24 6.09367
5.25 6.09448
5.26 6.09529
5.27 6.09609
5.28 6.09689
5.29 6.0977
5.3 6.0985
5.31 6.0993
5.32 6.1001
5.33 6.1009
5.34 6.1017
5.35 6.1025
5.36 6.10329
5.37 6.10409
5.38 6.10489
5.39 6.10569
5.4 6.10648
5.41 6.10728
5.42 6.10808
5.43 6.10888
5.44 6.10968
5.45 6.11048
5.46 6.11128
5.47 6.11209
5.48 6.11289
5.49 6.11369
5.5 6.1145
5.51 6.11531
5.52 6.11612
5.53 6.11693
5.54 6.11774
5.55 6.11855
5.56 6.11937
5.57 6.12018
5.58 6.121
5.59 6.12182
5.6 6.12265
5.61 6.12347
5.62 6.1243
5.63 6.12513
5.64 6.12596
5.65 6.1268
5.66 6.12763
5.67 6.12847
5.68 6.12931
5.69 6.13016
5.7 6.131
5.71 6.13185
5.72 6.13271
5.73 6.13356
5.74 6.13442
5.75 6.13528
5.76 6.13614
5.77 6.137
5.78 6.13787
5.79 6.13874
5.8 6.13961
5.81 6.14049
5.82 6.14136
5.83 6.14224
5.84 6.14312
5.85 6.14401
5.86 6.14489
5.87 6.14578
5.88 6.14667
5.89 6.14756
5.9 6.14845
5.91 6.14934
5.92 6.15024
5.93 6.15113
5.94 6.15203
5.95 6.15293
5.96 6.15383
5.97 6.15473
5.98 6.15562
5.99 6.15652
6 6.15742
6.01 6.15832
6.02 6.15922
6.03 6.16011
6.04 6.16101
6.05 6.1619
6.06 6.16279
6.07 6.16368
6.08 6.16457
6.09 6.16545
6.1 6.16633
6.11 6.16721
6.12 6.16808
6.13 6.16894
6.14 6.16981
6.15 6.17066
6.16 6.17151
6.17 6.17236
6.18 6.1732
6.19 6.17403
6.2 6.17485
6.21 6.17566
6.22 6.17647
6.23 6.17726
6.24 6.17805
6.25 6.17882
6.26 6.17958
6.27 6.18034
6.28 6.18107
6.29 6.1818
6.3 6.18251
6.31 6.1832
6.32 6.18388
6.33 6.18455
6.34 6.1852
6.35 6.18583
6.36 6.18644
6.37 6.18703
6.38 6.1876
6.39 6.18815
6.4 6.18868
6.41 6.18918
6.42 6.18967
6.43 6.19012
6.44 6.19056
6.45 6.19096
6.46 6.19134
6.47 6.19169
6.48 6.19201
6.49 6.1923
6.5 6.19256
6.51 6.19279
6.52 6.19299
6.53 6.19315
6.54 6.19327
6.55 6.19336
6.56 6.19341
6.57 6.19343
6.58 6.1934
6.59 6.19334
6.6 6.19323
6.61 6.19308
6.62 6.19288
6.63 6.19264
6.64 6.19236
6.65 6.19202
6.66 6.19164
6.67 6.19121
6.68 6.19073
6.69 6.1902
6.7 6.18961
6.71 6.18897
6.72 6.18827
6.73 6.18752
6.74 6.18671
6.75 6.18585
6.76 6.18492
6.77 6.18393
6.78 6.18288
6.79 6.18176
6.8 6.18059
6.81 6.17934
6.82 6.17803
6.83 6.17665
6.84 6.17521
6.85 6.17369
6.86 6.1721
6.87 6.17044
6.88 6.16871
6.89 6.1669
6.9 6.16502
6.91 6.16306
6.92 6.16102
6.93 6.15891
6.94 6.15671
6.95 6.15444
6.96 6.15208
6.97 6.14965
6.98 6.14713
6.99 6.14452
7 6.14183
7.01 6.13906
7.02 6.1362
7.03 6.13325
7.04 6.13022
7.05 6.12709
7.06 6.12388
7.07 6.12058
7.08 6.11719
7.09 6.1137
7.1 6.11013
7.11 6.10646
7.12 6.1027
7.13 6.09885
7.14 6.0949
7.15 6.09086
7.16 6.08673
7.17 6.0825
7.18 6.07818
7.19 6.07376
7.2 6.06925
7.21 6.06465
7.22 6.05995
7.23 6.05515
7.24 6.05026
7.25 6.04528
7.26 6.0402
7.27 6.03503
7.28 6.02976
7.29 6.0244
7.3 6.01895
7.31 6.0134
7.32 6.00777
7.33 6.00204
7.34 5.99622
7.35 5.99031
7.36 5.98432
7.37 5.97823
7.38 5.97206
7.39 5.9658
7.4 5.95945
7.41 5.95302
7.42 5.94651
7.43 5.93991
7.44 5.93323
7.45 5.92647
7.46 5.91964
7.47 5.91272
7.48 5.90574
7.49 5.89867
7.5 5.89153
7.51 5.88433
7.52 5.87705
7.53 5.8697
7.54 5.86229
7.55 5.85481
7.56 5.84727
7.57 5.83967
7.58 5.83201
7.59 5.82429
7.6 5.81651
7.61 5.80868
7.62 5.8008
7.63 5.79287
7.64 5.78489
7.65 5.77686
7.66 5.76879
7.67 5.76068
7.68 5.75253
7.69 5.74434
7.7 5.73611
7.71 5.72785
7.72 5.71955
7.73 5.71123
7.74 5.70288
7.75 5.6945
7.76 5.6861
7.77 5.67767
7.78 5.66923
7.79 5.66077
7.8 5.65229
7.81 5.6438
7.82 5.63529
7.83 5.62678
7.84 5.61825
7.85 5.60972
7.86 5.60119
7.87 5.59265
7.88 5.58411
7.89 5.57557
7.9 5.56704
7.91 5.55851
7.92 5.54998
7.93 5.54146
7.94 5.53295
7.95 5.52445
7.96 5.51596
7.97 5.50749
7.98 5.49903
7.99 5.49059
8 5.48217
8.01 5.47376
8.02 5.46538
8.03 5.45701
8.04 5.44867
8.05 5.44036
8.06 5.43207
8.07 5.4238
8.08 5.41557
8.09 5.40736
8.1 5.39919
8.11 5.39104
8.12 5.38292
8.13 5.37484
8.14 5.36679
8.15 5.35878
8.16 5.3508
8.17 5.34286
8.18 5.33495
8.19 5.32708
8.2 5.31925
8.21 5.31146
8.22 5.30371
8.23 5.296
8.24 5.28833
8.25 5.2807
8.26 5.27311
8.27 5.26556
8.28 5.25806
8.29 5.2506
8.3 5.24318
8.31 5.23581
8.32 5.22848
8.33 5.22119
8.34 5.21395
8.35 5.20676
8.36 5.19961
8.37 5.1925
8.38 5.18544
8.39 5.17843
8.4 5.17147
8.41 5.16455
8.42 5.15767
8.43 5.15085
8.44 5.14407
8.45 5.13733
8.46 5.13065
8.47 5.12401
8.48 5.11742
8.49 5.11087
8.5 5.10437
8.51 5.09792
8.52 5.09152
8.53 5.08516
8.54 5.07885
8.55 5.07259
8.56 5.06638
8.57 5.06021
8.58 5.05409
8.59 5.04801
8.6 5.04199
8.61 5.03601
8.62 5.03007
8.63 5.02418
8.64 5.01834
8.65 5.01254
8.66 5.00679
8.67 5.00109
8.68 4.99543
8.69 4.98982
8.7 4.98425
8.71 4.97873
8.72 4.97325
8.73 4.96782
8.74 4.96243
8.75 4.95709
8.76 4.95179
8.77 4.94653
8.78 4.94132
8.79 4.93615
8.8 4.93103
8.81 4.92595
8.82 4.92091
8.83 4.91592
8.84 4.91096
8.85 4.90605
8.86 4.90118
8.87 4.89636
8.88 4.89157
8.89 4.88683
8.9 4.88212
8.91 4.87746
8.92 4.87284
8.93 4.86825
8.94 4.86371
8.95 4.85921
8.96 4.85475
8.97 4.85032
8.98 4.84594
8.99 4.84159
9 4.83728
9.01 4.83301
9.02 4.82878
9.03 4.82459
9.04 4.82043
9.05 4.81631
9.06 4.81223
9.07 4.80818
9.08 4.80417
9.09 4.80019
9.1 4.79625
9.11 4.79235
9.12 4.78848
9.13 4.78465
9.14 4.78085
9.15 4.77708
9.16 4.77335
9.17 4.76965
9.18 4.76598
9.19 4.76235
9.2 4.75875
9.21 4.75519
9.22 4.75165
9.23 4.74815
9.24 4.74468
9.25 4.74124
9.26 4.73783
9.27 4.73445
9.28 4.73111
9.29 4.72779
9.3 4.7245
9.31 4.72124
9.32 4.71802
9.33 4.71482
9.34 4.71165
9.35 4.70851
9.36 4.7054
9.37 4.70231
9.38 4.69925
9.39 4.69623
9.4 4.69322
9.41 4.69025
9.42 4.6873
9.43 4.68438
9.44 4.68148
9.45 4.67862
9.46 4.67577
9.47 4.67295
9.48 4.67016
9.49 4.66739
9.5 4.66465
9.51 4.66193
9.52 4.65924
9.53 4.65657
9.54 4.65392
9.55 4.6513
9.56 4.6487
9.57 4.64613
9.58 4.64357
9.59 4.64104
9.6 4.63853
9.61 4.63605
9.62 4.63358
9.63 4.63114
9.64 4.62872
9.65 4.62632
9.66 4.62394
9.67 4.62158
9.68 4.61925
9.69 4.61693
9.7 4.61463
9.71 4.61235
9.72 4.6101
9.73 4.60786
9.74 4.60564
9.75 4.60344
9.76 4.60126
9.77 4.5991
9.78 4.59696
9.79 4.59484
9.8 4.59273
9.81 4.59064
9.82 4.58857
9.83 4.58652
9.84 4.58448
9.85 4.58247
9.86 4.58047
9.87 4.57848
9.88 4.57652
9.89 4.57457
9.9 4.57263
9.91 4.57071
9.92 4.56881
9.93 4.56693
9.94 4.56506
9.95 4.5632
9.96 4.56136
9.97 4.55954
9.98 4.55773
9.99 4.55593
10 4.55416
10.001 5
