0 -10
0.01 -8.5315
0.02 -8.52728
0.03 -8.52304
0.04 -8.5188
0.05 -8.51454
0.06 -8.51026
0.07 -8.50598
0.08 -8.50168
0.09 -8.49737
0.1 -8.49304
0.11 -8.4887
0.12 -8.48435
0.13 -8.47999
0.14 -8.47561
0.15 -8.47122
0.16 -8.46681
0.17 -8.46239
0.18 -8.45796
0.19 -8.45352
0.2 -8.44906
0.21 -8.44458
0.22 -8.4401
0.23 -8.4356
0.24 -8.43109
0.25 -8.42656
0.26 -8.42202
0.27 -8.41747
0.28 -8.4129
0.29 -8.40832
0.3 -8.40372
0.31 -8.39912
0.32 -8.39449
0.33 -8.38986
0.34 -8.38521
0.35 -8.38054
0.36 -8.37587
0.37 -8.37118
0.38 -8.36647
0.39 -8.36175
0.4 -8.35702
0.41 -8.35227
0.42 -8.34751
0.43 -8.34273
0.44 -8.33794
0.45 -8.33314
0.46 -8.32832
0.47 -8.32349
0.48 -8.31864
0.49 -8.31378
0.5 -8.3089
0.51 -8.30401
0.52 -8.2991
0.53 -8.29418
0.54 -8.28925
0.55 -8.2843
0.56 -8.27933
0.57 -8.27435
0.58 -8.26936
0.59 -8.26435
0.6 -8.25932
0.61 -8.25428
0.62 -8.24923
0.63 -8.24416
0.64 -8.23907
0.65 -8.23397
0.66 -8.22885
0.67 -8.22371
0.68 -8.21856
0.69 -8.2134
0.7 -8.20822
0.71 -8.20302
0.72 -8.1978
0.73 -8.19257
0.74 -8.18732
0.75 -8.18206
0.76 -8.17677
0.77 -8.17147
0.78 -8.16616
0.79 -8.16082
0.8 -8.15547
0.81 -8.1501
0.82 -8.14472
0.83 -8.13931
0.84 -8.13389
0.85 -8.12845
0.86 -8.12299
0.87 -8.11751
0.88 -8.11201
0.89 -8.10649
0.9 -8.10095
0.91 -8.0954
0.92 -8.08982
0.93 -8.08423
0.94 -8.07861
0.95 -8.07297
0.96 -8.06731
0.97 -8.06164
0.98 -8.05594
0.99 -8.05021
1 -8.04447
1.01 -8.0387
1.02 -8.03292
1.03 -8.0271
1.04 -8.02127
1.05 -8.01541
1.06 -8.00953
1.07 -8.00363
1.08 -7.9977
1.09 -7.99174
1.1 -7.98576
1.11 -7.97976
1.12 -7.97373
1.13 -7.96767
1.14 -7.96158
1.15 -7.95547
1.16 -7.94933
1.17 -7.94317
1.18 -7.93697
1.19 -7.93075
1.2 -7.92449
1.21 -7.91821
1.22 -7.9119
1.23 -7.90555
1.24 -7.89917
1.25 -7.89277
1.26 -7.88633
1.27 -7.87985
1.28 -7.87335
1.29 -7.8668
1.3 -7.86023
1.31 -7.85362
1.32 -7.84697
1.33 -7.84029
1.34 -7.83357
1.35 -7.82681
1.36 -7.82001
1.37 -7.81318
1.38 -7.8063
1.39 -7.79939
1.4 -7.79243
1.41 -7.78543
1.42 -7.77839
1.43 -7.77131
1.44 -7.76418
1.45 -7.757
1.46 -7.74979
1.47 -7.74252
1.48 -7.73521
1.49 -7.72785
1.5 -7.72044
1.51 -7.71298
1.52 -7.70547
1.53 -7.69791
1.54 -7.6903
1.55 -7.68263
1.56 -7.67491
1.57 -7.66714
1.58 -7.65931
1.59 -7.65142
1.6 -7.64348
1.61 -7.63548
1.62 -7.62742
1.63 -7.6193
1.64 -7.61111
1.65 -7.60287
1.66 -7.59456
1.67 -7.58619
1.68 -7.57776
1.69 -7.56926
1.7 -7.56069
1.71 -7.55206
1.72 -7.54335
1.73 -7.53458
1.74 -7.52574
1.75 -7.51682
1.76 -7.50784
1.77 -7.49878
1.78 -7.48965
1.79 -7.48044
1.8 -7.47116
1.81 -7.4618
1.82 -7.45237
1.83 -7.44285
1.84 -7.43326
1.85 -7.42359
1.86 -7.41384
1.87 -7.40401
1.88 -7.3941
1.89 -7.38411
1.9 -7.37403
1.91 -7.36387
1.92 -7.35363
1.93 -7.3433
1.94 -7.33289
1.95 -7.32239
1.96 -7.31181
1.97 -7.30114
1.98 -7.29039
1.99 -7.27956
2 -7.26863
2.01 -7.25762
2.02 -7.24653
2.03 -7.23535
2.04 -7.22408
2.05 -7.21273
2.06 -7.20129
2.07 -7.18977
2.08 -7.17816
2.09 -7.16647
2.1 -7.1547
2.11 -7.14285
2.12 -7.13091
2.13 -7.11889
2.14 -7.1068
2.15 -7.09463
2.16 -7.08238
2.17 -7.07005
2.18 -7.05765
2.19 -7.04518
2.2 -7.03263
2.21 -7.02002
2.22 -7.00734
2.23 -6.99459
2.24 -6.98179
2.25 -6.96892
2.26 -6.95599
2.27 -6.94301
2.28 -6.92997
2.29 -6.91688
2.3 -6.90375
2.31 -6.89057
2.32 -6.87735
2.33 -6.86409
2.34 -6.85079
2.35 -6.83746
2.36 -6.82411
2.37 -6.81073
2.38 -6.79733
2.39 -6.78391
2.4 -6.77048
2.41 -6.75704
2.42 -6.7436
2.43 -6.73016
2.44 -6.71671
2.45 -6.70328
2.46 -6.68986
2.47 -6.67646
2.48 -6.66307
2.49 -6.64971
2.5 -6.63639
2.51 -6.62309
2.52 -6.60984
2.53 -6.59663
2.54 -6.58347
2.55 -6.57036
2.56 -6.55731
2.57 -6.54432
2.58 -6.5314
2.59 -6.51855
2.6 -6.50578
2.61 -6.49309
2.62 -6.48048
2.63 -6.46796
2.64 -6.45553
2.65 -6.4432
2.66 -6.43097
2.67 -6.41884
2.68 -6.40683
2.69 -6.39492
2.7 -6.38313
2.71 -6.37146
2.72 -6.35991
2.73 -6.34849
2.74 -6.3372
2.75 -6.32603
2.76 -6.315
2.77 -6.30411
2.78 -6.29335
2.79 -6.28274
2.8 -6.27227
2.81 -6.26194
2.82 -6.25176
2.83 -6.24173
2.84 -6.23184
2.85 -6.22211
2.86 -6.21253
2.87 -6.2031
2.88 -6.19382
2.89 -6.1847
2.9 -6.17573
2.91 -6.16691
2.92 -6.15825
2.93 -6.14975
2.94 -6.14139
2.95 -6.1332
2.96 -6.12515
2.97 -6.11726
2.98 -6.10952
2.99 -6.10193
3 -6.09449
3.01 -6.0872
3.02 -6.08006
3.03 -6.07307
3.04 -6.06622
3.05 -6.05951
3.06 -6.05295
3.07 -6.04653
3.08 -6.04025
3.09 -6.03411
3.1 -6.0281
3.11 -6.02223
3.12 -6.01649
3.13 -6.01088
3.14 -6.0054
3.15 -6.00005
3.16 -5.99482
3.17 -5.98971
3.18 -5.98472
3.19 -5.97985
3.2 -5.97509
3.21 -5.97045
3.22 -5.96593
3.23 -5.96151
3.24 -5.95719
3.25 -5.95299
3.26 -5.94888
3.27 -5.94488
3.28 -5.94097
3.29 -5.93716
3.3 -5.93345
3.31 -5.92983
3.32 -5.92629
3.33 -5.92285
3.34 -5.91949
3.35 -5.91621
3.36 -5.91302
3.37 -5.9099
3.38 -5.90687
3.39 -5.9039
3.4 -5.90102
3.41 -5.8982
3.42 -5.89545
3.43 -5.89278
3.44 -5.89016
3.45 -5.88761
3.46 -5.88513
3.47 -5.8827
3.48 -5.88034
3.49 -5.87803
3.5 -5.87578
3.51 -5.87358
3.52 -5.87144
3.53 -5.86934
3.54 -5.8673
3.55 -5.8653
3.56 -5.86335
3.57 -5.86145
3.58 -5.85959
3.59 -5.85777
3.6 -5.85599
3.61 -5.85425
3.62 -5.85255
3.63 -5.85089
3.64 -5.84927
3.65 -5.84768
3.66 -5.84612
3.67 -5.8446
3.68 -5.84311
3.69 -5.84165
3.7 -5.84022
3.71 -5.83881
3.72 -5.83744
3.73 -5.83609
3.74 -5.83477
3.75 -5.83347
3.76 -5.83219
3.77 -5.83094
3.78 -5.82971
3.79 -5.8285
3.8 -5.82732
3.81 -5.82615
3.82 -5.825
3.83 -5.82387
3.84 -5.82276
3.85 -5.82166
3.86 -5.82058
3.87 -5.81952
3.88 -5.81847
3.89 -5.81744
3.9 -5.81642
3.91 -5.81541
3.92 -5.81441
3.93 -5.81343
3.94 -5.81246
3.95 -5.8115
3.96 -5.81055
3.97 -5.80961
3.98 -5.80868
3.99 -5.80776
4 -5.80685
4.01 -5.80594
4.02 -5.80505
4.03 -5.80416
4.04 -5.80327
4.05 -5.8024
4.06 -5.80153
4.07 -5.80067
4.08 -5.79981
4.09 -5.79896
4.1 -5.79811
4.11 -5.79726
4.12 -5.79642
4.13 -5.79559
4.14 -5.79476
4.15 -5.79393
4.16 -5.7931
4.17 -5.79228
4.18 -5.79146
4.19 -5.79065
4.2 -5.78983
4.21 -5.78902
4.22 -5.7882
4.23 -5.78739
4.24 -5.78659
4.25 -5.78578
4.26 -5.78497
4.27 -5.78416
4.28 -5.78336
4.29 -5.78255
4.3 -5.78175
4.31 -5.78094
4.32 -5.78014
4.33 -5.77933
4.34 -5.77852
4.35 -5.77772
4.36 -5.77691
4.37 -5.7761
4.38 -5.77529
4.39 -5.77448
4.4 -5.77367
4.41 -5.77286
4.42 -5.77205
4.43 -5.77123
4.44 -5.77041
4.45 -5.7696
4.46 -5.76878
4.47 -5.76795
4.48 -5.76713
4.49 -5.76631
4.5 -5.76548
4.51 -5.76465
4.52 -5.76382
4.53 -5.76299
4.54 -5.76215
4.55 -5.76131
4.56 -5.76047
4.57 -5.75963
4.58 -5.75879
4.59 -5.75794
4.6 -5.75709
4.61 -5.75624
4.62 -5.75539
4.63 -5.75454
4.64 -5.75368
4.65 -5.75282
4.66 -5.75195
4.67 -5.75109
4.68 -5.75022
4.69 -5.74935
4.7 -5.74848
4.71 -5.74761
4.72 -5.74673
4.73 -5.74585
4.74 -5.74497
4.75 -5.74408
4.76 -5.7432
4.77 -5.74231
4.78 -5.74142
4.79 -5.74052
4.8 -5.73963
4.81 -5.73873
4.82 -5.73783
4.83 -5.73693
4.84 -5.73602
4.85 -5.73511
4.86 -5.7342
4.87 -5.73329
4.88 -5.73238
4.89 -5.73146
4.9 -5.73054
4.91 -5.72962
4.92 -5.7287
4.93 -5.72778
4.94 -5.72685
4.95 -5.72592
4.96 -5.72499
4.97 -5.72406
4.98 -5.72312
4.99 -5.72218
5 -5.72124
5.01 -5.7203
5.02 -5.71936
5.03 -5.71841
5.04 -5.71747
5.05 -5.71652
5.06 -5.71557
5.07 -5.71461
5.08 -5.71366
5.09 -5.7127
5.1 -5.71174
5.11 -5.71078
5.12 -5.70981
5.13 -5.70885
5.14 -5.70788
5.15 -5.70691
5.16 -5.70594
5.17 -5.70496
5.18 -5.70399
5.19 -5.70301
5.2 -5.70203
5.21 -5.70104
5.22 -5.70006
5.23 -5.69907
5.24 -5.69808
5.25 -5.69709
5.26 -5.69609
5.27 -5.69509
5.28 -5.69409
5.29 -5.69309
5.3 -5.69208
5.31 -5.69107
5.32 -5.69006
5.33 -5.68905
5.34 -5.68803
5.35 -5.68701
5.36 -5.68599
5.37 -5.68496
5.38 -5.68393
5.39 -5.68289
5.4 -5.68186
5.41 -5.68082
5.42 -5.67977
5.43 -5.67872
5.44 -5.67767
5.45 -5.67661
5.46 -5.67555
5.47 -5.67449
5.48 -5.67342
5.49 -5.67234
5.5 -5.67127
5.51 -5.67018
5.52 -5.6691
5.53 -5.668
5.54 -5.66691
5.55 -5.6658
5.56 -5.6647
5.57 -5.66358
5.58 -5.66246
5.59 -5.66134
5.6 -5.66021
5.61 -5.65907
5.62 -5.65793
5.63 -5.65678
5.64 -5.65563
5.65 -5.65447
5.66 -5.6533
5.67 -5.65213
5.68 -5.65095
5.69 -5.64976
5.7 -5.64857
5.71 -5.64737
5.72 -5.64616
5.73 -5.64495
5.74 -5.64372
5.75 -5.64249
5.76 -5.64126
5.77 -5.64001
5.78 -5.63876
5.79 -5.6375
5.8 -5.63623
5.81 -5.63496
5.82 -5.63367
5.83 -5.63238
5.84 -5.63108
5.85 -5.62978
5.86 -5.62846
5.87 -5.62714
5.88 -5.6258
5.89 -5.62447
5.9 -5.62312
5.91 -5.62176
5.92 -5.6204
5.93 -5.61903
5.94 -5.61765
5.95 -5.61626
5.96 -5.61486
5.97 -5.61346
5.98 -5.61205
5.99 -5.61063
6 -5.60921
6.01 -5.60778
6.02 -5.60634
6.03 -5.60489
6.04 -5.60344
6.05 -5.60198
6.06 -5.60051
6.07 -5.59904
6.08 -5.59756
6.09 -5.59608
6.1 -5.59459
6.11 -5.59309
6.12 -5.5916
6.13 -5.59009
6.14 -5.58858
6.15 -5.58707
6.16 -5.58556
6.17 -5.58404
6.18 -5.58252
6.19 -5.581
6.2 -5.57948
6.21 -5.57795
6.22 -5.57643
6.23 -5.57491
6.24 -5.57338
6.25 -5.57186
6.26 -5.57034
6.27 -5.56882
6.28 -5.5673
6.29 -5.56579
6.3 -5.56428
6.31 -5.56278
6.32 -5.56128
6.33 -5.55979
6.34 -5.5583
6.35 -5.55683
6.36 -5.55536
6.37 -5.5539
6.38 -5.55245
6.39 -5.55101
6.4 -5.54959
6.41 -5.54818
6.42 -5.54678
6.43 -5.5454
6.44 -5.54403
6.45 -5.54268
6.46 -5.54135
6.47 -5.54003
6.48 -5.53874
6.49 -5.53747
6.5 -5.53622
6.51 -5.53499
6.52 -5.53379
6.53 -5.53261
6.54 -5.53146
6.55 -5.53034
6.56 -5.52924
6.57 -5.52818
6.58 -5.52714
6.59 -5.52614
6.6 -5.52518
6.61 -5.52424
6.62 -5.52335
6.63 -5.52249
6.64 -5.52167
6.65 -5.52089
6.66 -5.52015
6.67 -5.51946
6.68 -5.51881
6.69 -5.5182
6.7 -5.51764
6.71 -5.51713
6.72 -5.51667
6.73 -5.51625
6.74 -5.51589
6.75 -5.51559
6.76 -5.51534
6.77 -5.51514
6.78 -5.515
6.79 -5.51492
6.8 -5.5149
6.81 -5.51494
6.82 -5.51505
6.83 -5.51521
6.84 -5.51545
6.85 -5.51575
6.86 -5.51611
6.87 -5.51655
6.88 -5.51706
6.89 -5.51763
6.9 -5.51829
6.91 -5.51901
6.92 -5.51981
6.93 -5.52069
6.94 -5.52165
6.95 -5.52268
6.96 -5.52379
6.97 -5.52499
6.98 -5.52627
6.99 -5.52763
7 -5.52908
7.01 -5.53061
7.02 -5.53223
7.03 -5.53393
7.04 -5.53573
7.05 -5.53762
7.06 -5.53959
7.07 -5.54166
7.08 -5.54382
7.09 -5.54607
7.1 -5.54842
7.11 -5.55086
7.12 -5.5534
7.13 -5.55603
7.14 -5.55876
7.15 -5.56159
7.16 -5.56452
7.17 -5.56755
7.18 -5.57067
7.19 -5.5739
7.2 -5.57723
7.21 -5.58065
7.22 -5.58418
7.23 -5.58781
7.24 -5.59155
7.25 -5.59538
7.26 -5.59932
7.27 -5.60336
7.28 -5.60751
7.29 -5.61175
7.3 -5.6161
7.31 -5.62056
7.32 -5.62511
7.33 -5.62977
7.34 -5.63453
7.35 -5.6394
7.36 -5.64437
7.37 -5.64944
7.38 -5.65461
7.39 -5.65989
7.4 -5.66527
7.41 -5.67075
7.42 -5.67632
7.43 -5.682
7.44 -5.68778
7.45 -5.69366
7.46 -5.69964
7.47 -5.70572
7.48 -5.71189
7.49 -5.71816
7.5 -5.72453
7.51 -5.73099
7.52 -5.73755
7.53 -5.7442
7.54 -5.75094
7.55 -5.75778
7.56 -5.76471
7.57 -5.77172
7.58 -5.77883
7.59 -5.78602
7.6 -5.79331
7.61 -5.80068
7.62 -5.80813
7.63 -5.81567
7.64 -5.82329
7.65 -5.83099
7.66 -5.83877
7.67 -5.84663
7.68 -5.85458
7.69 -5.86259
7.7 -5.87069
7.71 -5.87886
7.72 -5.8871
7.73 -5.89542
7.74 -5.9038
7.75 -5.91226
7.76 -5.92078
7.77 -5.92938
7.78 -5.93803
7.79 -5.94676
7.8 -5.95554
7.81 -5.96439
7.82 -5.9733
7.83 -5.98228
7.84 -5.9913
7.85 -6.00039
7.86 -6.00954
7.87 -6.01873
7.88 -6.02799
7.89 -6.03729
7.9 -6.04665
7.91 -6.05605
7.92 -6.06551
7.93 -6.07501
7.94 -6.08456
7.95 -6.09416
7.96 -6.10379
7.97 -6.11348
7.98 -6.1232
7.99 -6.13297
8 -6.14277
8.01 -6.15262
8.02 -6.1625
8.03 -6.17242
8.04 -6.18237
8.05 -6.19236
8.06 -6.20238
8.07 -6.21244
8.08 -6.22252
8.09 -6.23264
8.1 -6.24278
8.11 -6.25296
8.12 -6.26316
8.13 -6.27339
8.14 -6.28364
8.15 -6.29392
8.16 -6.30422
8.17 -6.31454
8.18 -6.32489
8.19 -6.33526
8.2 -6.34565
8.21 -6.35605
8.22 -6.36648
8.23 -6.37692
8.24 -6.38738
8.25 -6.39786
8.26 -6.40835
8.27 -6.41885
8.28 -6.42937
8.29 -6.4399
8.3 -6.45045
8.31 -6.461
8.32 -6.47157
8.33 -6.48214
8.34 -6.49272
8.35 -6.50332
8.36 -6.51391
8.37 -6.52452
8.38 -6.53513
8.39 -6.54574
8.4 -6.55636
8.41 -6.56699
8.42 -6.57761
8.43 -6.58824
8.44 -6.59887
8.45 -6.6095
8.46 -6.62014
8.47 -6.63077
8.48 -6.6414
8.49 -6.65202
8.5 -6.66265
8.51 -6.67327
8.52 -6.68389
8.53 -6.6945
8.54 -6.70511
8.55 -6.71571
8.56 -6.7263
8.57 -6.73689
8.58 -6.74747
8.59 -6.75804
8.6 -6.76861
8.61 -6.77916
8.62 -6.7897
8.63 -6.80023
8.64 -6.81075
8.65 -6.82126
8.66 -6.83176
8.67 -6.84224
8.68 -6.8527
8.69 -6.86316
8.7 -6.87359
8.71 -6.88402
8.72 -6.89442
8.73 -6.90481
8.74 -6.91518
8.75 -6.92553
8.76 -6.93587
8.77 -6.94618
8.78 -6.95648
8.79 -6.96676
8.8 -6.97701
8.81 -6.98724
8.82 -6.99746
8.83 -7.00765
8.84 -7.01781
8.85 -7.02796
8.86 -7.03808
8.87 -7.04817
8.88 -7.05825
8.89 -7.06829
8.9 -7.07831
8.91 -7.08831
8.92 -7.09828
8.93 -7.10822
8.94 -7.11813
8.95 -7.12802
8.96 -7.13788
8.97 -7.14771
8.98 -7.15751
8.99 -7.16728
9 -7.17702
9.01 -7.18673
9.02 -7.19642
9.03 -7.20607
9.04 -7.21569
9.05 -7.22527
9.06 -7.23483
9.07 -7.24436
9.08 -7.25385
9.09 -7.26331
9.1 -7.27274
9.11 -7.28213
9.12 -7.29149
9.13 -7.30082
9.14 -7.31011
9.15 -7.31937
9.16 -7.32859
9.17 -7.33778
9.18 -7.34693
9.19 -7.35605
9.2 -7.36514
9.21 -7.37418
9.22 -7.3832
9.23 -7.39217
9.24 -7.40111
9.25 -7.41002
9.26 -7.41889
9.27 -7.42772
9.28 -7.43651
9.29 -7.44527
9.3 -7.45399
9.31 -7.46268
9.32 -7.47132
9.33 -7.47993
9.34 -7.48851
9.35 -7.49704
9.36 -7.50554
9.37 -7.514
9.38 -7.52242
9.39 -7.53081
9.4 -7.53916
9.41 -7.54747
9.42 -7.55574
9.43 -7.56398
9.44 -7.57217
9.45 -7.58033
9.46 -7.58845
9.47 -7.59654
9.48 -7.60458
9.49 -7.61259
9.5 -7.62056
9.51 -7.6285
9.52 -7.63639
9.53 -7.64425
9.54 -7.65207
9.55 -7.65985
9.56 -7.6676
9.57 -7.6753
9.58 -7.68297
9.59 -7.69061
9.6 -7.6982
9.61 -7.70576
9.62 -7.71328
9.63 -7.72077
9.64 -7.72822
9.65 -7.73563
9.66 -7.743
9.67 -7.75034
9.68 -7.75764
9.69 -7.7649
9.7 -7.77213
9.71 -7.77932
9.72 -7.78648
9.73 -7.7936
9.74 -7.80068
9.75 -7.80773
9.76 -7.81474
9.77 -7.82172
9.78 -7.82866
9.79 -7.83557
9.8 -7.84244
9.81 -7.84928
9.82 -7.85608
9.83 -7.86284
9.84 -7.86958
9.85 -7.87627
9.86 -7.88294
9.87 -7.88957
9.88 -7.89616
9.89 -7.90272
9.9 -7.90925
9.91 -7.91575
9.92 -7.92221
9.93 -7.92863
9.94 -7.93503
9.95 -7.94139
9.96 -7.94772
9.97 -7.95401
9.98 -7.96028
9.99 -7.96651
10 -7.97271
10.001 -10
