0 -10
0.01 -9.08812
0.02 -9.08412
0.03 -9.08009
0.04 -9.07605
0.05 -9.07197
0.06 -9.06788
0.07 -9.06376
0.08 -9.05961
0.09 -9.05544
0.1 -9.05124
0.11 -9.04702
0.12 -9.04278
0.13 -9.03851
0.14 -9.03421
0.15 -9.02989
0.16 -9.02555
0.17 -9.02117
0.18 -9.01678
0.19 -9.01235
0.2 -9.0079
0.21 -9.00343
0.22 -8.99893
0.23 -8.9944
0.24 -8.98984
0.25 -8.98526
0.26 -8.98066
0.27 -8.97602
0.28 -8.97136
0.29 -8.96668
0.3 -8.96196
0.31 -8.95722
0.32 -8.95246
0.33 -8.94766
0.34 -8.94284
0.35 -8.93799
0.36 -8.93311
0.37 -8.92821
0.38 -8.92328
0.39 -8.91832
0.4 -8.91334
0.41 -8.90832
0.42 -8.90328
0.43 -8.89821
0.44 -8.89312
0.45 -8.88799
0.46 -8.88284
0.47 -8.87766
0.48 -8.87245
0.49 -8.86722
0.5 -8.86195
0.51 -8.85666
0.52 -8.85134
0.53 -8.84599
0.54 -8.84062
0.55 -8.83521
0.56 -8.82978
0.57 -8.82432
0.58 -8.81883
0.59 -8.81331
0.6 -8.80777
0.61 -8.8022
0.62 -8.79659
0.63 -8.79097
0.64 -8.78531
0.65 -8.77962
0.66 -8.77391
0.67 -8.76817
0.68 -8.7624
0.69 -8.7566
0.7 -8.75077
0.71 -8.74492
0.72 -8.73904
0.73 -8.73313
0.74 -8.72719
0.75 -8.72123
0.76 -8.71524
0.77 -8.70922
0.78 -8.70317
0.79 -8.69709
0.8 -8.69099
0.81 -8.68486
0.82 -8.6787
0.83 -8.67252
0.84 -8.66631
0.85 -8.66007
0.86 -8.6538
0.87 -8.64751
0.88 -8.64119
0.89 -8.63484
0.9 -8.62847
0.91 -8.62207
0.92 -8.61565
0.93 -8.6092
0.94 -8.60272
0.95 -8.59621
0.96 -8.58969
0.97 -8.58313
0.98 -8.57655
0.99 -8.56994
1 -8.56331
1.01 -8.55665
1.02 -8.54997
1.03 -8.54326
1.04 -8.53653
1.05 -8.52977
1.06 -8.52298
1.07 -8.51618
1.08 -8.50934
1.09 -8.50249
1.1 -8.4956
1.11 -8.4887
1.12 -8.48177
1.13 -8.47481
1.14 -8.46783
1.15 -8.46083
1.16 -8.45381
1.17 -8.44676
1.18 -8.43968
1.19 -8.43258
1.2 -8.42546
1.21 -8.41832
1.22 -8.41115
1.23 -8.40396
1.24 -8.39675
1.25 -8.38951
1.26 -8.38225
1.27 -8.37496
1.28 -8.36765
1.29 -8.36032
1.3 -8.35297
1.31 -8.34559
1.32 -8.33819
1.33 -8.33076
1.34 -8.32332
1.35 -8.31584
1.36 -8.30835
1.37 -8.30083
1.38 -8.29329
1.39 -8.28572
1.4 -8.27813
1.41 -8.27051
1.42 -8.26287
1.43 -8.25521
1.44 -8.24752
1.45 -8.23981
1.46 -8.23207
1.47 -8.2243
1.48 -8.21651
1.49 -8.20869
1.5 -8.20085
1.51 -8.19298
1.52 -8.18508
1.53 -8.17715
1.54 -8.1692
1.55 -8.16122
1.56 -8.15321
1.57 -8.14516
1.58 -8.13709
1.59 -8.12899
1.6 -8.12086
1.61 -8.11269
1.62 -8.1045
1.63 -8.09627
1.64 -8.088
1.65 -8.0797
1.66 -8.07137
1.67 -8.063
1.68 -8.0546
1.69 -8.04615
1.7 -8.03767
1.71 -8.02915
1.72 -8.02058
1.73 -8.01198
1.74 -8.00333
1.75 -7.99464
1.76 -7.98591
1.77 -7.97713
1.78 -7.9683
1.79 -7.95943
1.8 -7.95051
1.81 -7.94153
1.82 -7.93251
1.83 -7.92343
1.84 -7.9143
1.85 -7.90511
1.86 -7.89587
1.87 -7.88657
1.88 -7.8772
1.89 -7.86778
1.9 -7.8583
1.91 -7.84875
1.92 -7.83913
1.93 -7.82945
1.94 -7.81969
1.95 -7.80987
1.96 -7.79998
1.97 -7.79001
1.98 -7.77996
1.99 -7.76984
2 -7.75964
2.01 -7.74936
2.02 -7.739
2.03 -7.72855
2.04 -7.71802
2.05 -7.70739
2.06 -7.69668
2.07 -7.68588
2.08 -7.67499
2.09 -7.664
2.1 -7.65291
2.11 -7.64173
2.12 -7.63044
2.13 -7.61906
2.14 -7.60757
2.15 -7.59598
2.16 -7.58428
2.17 -7.57247
2.18 -7.56056
2.19 -7.54853
2.2 -7.53639
2.21 -7.52414
2.22 -7.51177
2.23 -7.49929
2.24 -7.48669
2.25 -7.47397
2.26 -7.46113
2.27 -7.44817
2.28 -7.43509
2.29 -7.4219
2.3 -7.40857
2.31 -7.39513
2.32 -7.38156
2.33 -7.36788
2.34 -7.35406
2.35 -7.34013
2.36 -7.32607
2.37 -7.31189
2.38 -7.29759
2.39 -7.28317
2.4 -7.26862
2.41 -7.25396
2.42 -7.23918
2.43 -7.22428
2.44 -7.20927
2.45 -7.19415
2.46 -7.17891
2.47 -7.16357
2.48 -7.14812
2.49 -7.13256
2.5 -7.1169
2.51 -7.10115
2.52 -7.0853
2.53 -7.06936
2.54 -7.05333
2.55 -7.03722
2.56 -7.02102
2.57 -7.00475
2.58 -6.98841
2.59 -6.97201
2.6 -6.95554
2.61 -6.93902
2.62 -6.92244
2.63 -6.90582
2.64 -6.88916
2.65 -6.87247
2.66 -6.85575
2.67 -6.83901
2.68 -6.82225
2.69 -6.80548
2.7 -6.78872
2.71 -6.77195
2.72 -6.7552
2.73 -6.73847
2.74 -6.72176
2.75 -6.70509
2.76 -6.68846
2.77 -6.67187
2.78 -6.65534
2.79 -6.63887
2.8 -6.62247
2.81 -6.60614
2.82 -6.5899
2.83 -6.57375
2.84 -6.5577
2.85 -6.54175
2.86 -6.52591
2.87 -6.51018
2.88 -6.49459
2.89 -6.47912
2.9 -6.46379
2.91 -6.4486
2.92 -6.43355
2.93 -6.41867
2.94 -6.40394
2.95 -6.38937
2.96 -6.37498
2.97 -6.36075
2.98 -6.34671
2.99 -6.33284
3 -6.31917
3.01 -6.30568
3.02 -6.29238
3.03 -6.27928
3.04 -6.26637
3.05 -6.25367
3.06 -6.24117
3.07 -6.22887
3.08 -6.21677
3.09 -6.20489
3.1 -6.19321
3.11 -6.18174
3.12 -6.17047
3.13 -6.15942
3.14 -6.14858
3.15 -6.13794
3.16 -6.12751
3.17 -6.11729
3.18 -6.10728
3.19 -6.09747
3.2 -6.08786
3.21 -6.07846
3.22 -6.06926
3.23 -6.06025
3.24 -6.05145
3.25 -6.04284
3.26 -6.03442
3.27 -6.02619
3.28 -6.01815
3.29 -6.01029
3.3 -6.00262
3.31 -5.99513
3.32 -5.98781
3.33 -5.98067
3.34 -5.9737
3.35 -5.9669
3.36 -5.96027
3.37 -5.95379
3.38 -5.94748
3.39 -5.94132
3.4 -5.93532
3.41 -5.92947
3.42 -5.92376
3.43 -5.9182
3.44 -5.91278
3.45 -5.9075
3.46 -5.90235
3.47 -5.89733
3.48 -5.89245
3.49 -5.88768
3.5 -5.88305
3.51 -5.87853
3.52 -5.87413
3.53 -5.86984
3.54 -5.86567
3.55 -5.8616
3.56 -5.85765
3.57 -5.85379
3.58 -5.85004
3.59 -5.84638
3.6 -5.84282
3.61 -5.83935
3.62 -5.83598
3.63 -5.83269
3.64 -5.82949
3.65 -5.82637
3.66 -5.82334
3.67 -5.82038
3.68 -5.8175
3.69 -5.8147
3.7 -5.81197
3.71 -5.80931
3.72 -5.80672
3.73 -5.8042
3.74 -5.80174
3.75 -5.79934
3.76 -5.79701
3.77 -5.79474
3.78 -5.79253
3.79 -5.79037
3.8 -5.78827
3.81 -5.78622
3.82 -5.78422
3.83 -5.78228
3.84 -5.78038
3.85 -5.77853
3.86 -5.77673
3.87 -5.77497
3.88 -5.77326
3.89 -5.77159
3.9 -5.76996
3.91 -5.76836
3.92 -5.76681
3.93 -5.7653
3.94 -5.76382
3.95 -5.76238
3.96 -5.76097
3.97 -5.7596
3.98 -5.75825
3.99 -5.75694
4 -5.75566
4.01 -5.75441
4.02 -5.75319
4.03 -5.75199
4.04 -5.75083
4.05 -5.74968
4.06 -5.74857
4.07 -5.74748
4.08 -5.74641
4.09 -5.74536
4.1 -5.74434
4.11 -5.74334
4.12 -5.74236
4.13 -5.7414
4.14 -5.74046
4.15 -5.73954
4.16 -5.73864
4.17 -5.73776
4.18 -5.73689
4.19 -5.73604
4.2 -5.7352
4.21 -5.73439
4.22 -5.73358
4.23 -5.7328
4.24 -5.73202
4.25 -5.73126
4.26 -5.73052
4.27 -5.72978
4.28 -5.72906
4.29 -5.72835
4.3 -5.72765
4.31 -5.72697
4.32 -5.72629
4.33 -5.72563
4.34 -5.72497
4.35 -5.72433
4.36 -5.72369
4.37 -5.72307
4.38 -5.72245
4.39 -5.72184
4.4 -5.72124
4.41 -5.72064
4.42 -5.72006
4.43 -5.71948
4.44 -5.71891
4.45 -5.71834
4.46 -5.71778
4.47 -5.71723
4.48 -5.71668
4.49 -5.71614
4.5 -5.71561
4.51 -5.71508
4.52 -5.71455
4.53 -5.71403
4.54 -5.71352
4.55 -5.713
4.56 -5.7125
4.57 -5.71199
4.58 -5.71149
4.59 -5.711
4.6 -5.71051
4.61 -5.71002
4.62 -5.70953
4.63 -5.70905
4.64 -5.70857
4.65 -5.70809
4.66 -5.70761
4.67 -5.70714
4.68 -5.70667
4.69 -5.7062
4.7 -5.70573
4.71 -5.70526
4.72 -5.7048
4.73 -5.70433
4.74 -5.70387
4.75 -5.70341
4.76 -5.70295
4.77 -5.70249
4.78 -5.70204
4.79 -5.70158
4.8 -5.70112
4.81 -5.70067
4.82 -5.70021
4.83 -5.69975
4.84 -5.6993
4.85 -5.69884
4.86 -5.69839
4.87 -5.69793
4.88 -5.69748
4.89 -5.69702
4.9 -5.69656
4.91 -5.69611
4.92 -5.69565
4.93 -5.69519
4.94 -5.69473
4.95 -5.69428
4.96 -5.69382
4.97 -5.69336
4.98 -5.69289
4.99 -5.69243
5 -5.69197
5.01 -5.6915
5.02 -5.69104
5.03 -5.69057
5.04 -5.6901
5.05 -5.68963
5.06 -5.68916
5.07 -5.68869
5.08 -5.68821
5.09 -5.68774
5.1 -5.68726
5.11 -5.68678
5.12 -5.6863
5.13 -5.68582
5.14 -5.68533
5.15 -5.68485
5.16 -5.68436
5.17 -5.68387
5.18 -5.68338
5.19 -5.68289
5.2 -5.68239
5.21 -5.68189
5.22 -5.68139
5.23 -5.68089
5.24 -5.68039
5.25 -5.67989
5.26 -5.67938
5.27 -5.67887
5.28 -5.67836
5.29 -5.67785
5.3 -5.67733
5.31 -5.67681
5.32 -5.6763
5.33 -5.67577
5.34 -5.67525
5.35 -5.67473
5.36 -5.6742
5.37 -5.67367
5.38 -5.67314
5.39 -5.6726
5.4 -5.67207
5.41 -5.67153
5.42 -5.67099
5.43 -5.67045
5.44 -5.66991
5.45 -5.66936
5.46 -5.66881
5.47 -5.66826
5.48 -5.66771
5.49 -5.66716
5.5 -5.6666
5.51 -5.66605
5.52 -5.66549
5.53 -5.66493
5.54 -5.66437
5.55 -5.6638
5.56 -5.66324
5.57 -5.66267
5.58 -5.6621
5.59 -5.66153
5.6 -5.66096
5.61 -5.66039
5.62 -5.65982
5.63 -5.65924
5.64 -5.65867
5.65 -5.65809
5.66 -5.65751
5.67 -5.65693
5.68 -5.65635
5.69 -5.65577
5.7 -5.65519
5.71 -5.65461
5.72 -5.65402
5.73 -5.65344
5.74 -5.65285
5.75 -5.65227
5.76 -5.65168
5.77 -5.6511
5.78 -5.65051
5.79 -5.64992
5.8 -5.64934
5.81 -5.64875
5.82 -5.64816
5.83 -5.64758
5.84 -5.64699
5.85 -5.6464
5.86 -5.64581
5.87 -5.64523
5.88 -5.64464
5.89 -5.64405
5.9 -5.64347
5.91 -5.64288
5.92 -5.6423
5.93 -5.64171
5.94 -5.64113
5.95 -5.64054
5.96 -5.63996
5.97 -5.63938
5.98 -5.63879
5.99 -5.63821
6 -5.63763
6.01 -5.63705
6.02 -5.63647
6.03 -5.63589
6.04 -5.63531
6.05 -5.63473
6.06 -5.63415
6.07 -5.63357
6.08 -5.63299
6.09 -5.63241
6.1 -5.63183
6.11 -5.63125
6.12 -5.63067
6.13 -5.63009
6.14 -5.62951
6.15 -5.62893
6.16 -5.62835
6.17 -5.62776
6.18 -5.62718
6.19 -5.62659
6.2 -5.626
6.21 -5.62541
6.22 -5.62482
6.23 -5.62423
6.24 -5.62363
6.25 -5.62303
6.26 -5.62242
6.27 -5.62181
6.28 -5.6212
6.29 -5.62059
6.3 -5.61997
6.31 -5.61934
6.32 -5.61871
6.33 -5.61807
6.34 -5.61743
6.35 -5.61678
6.36 -5.61612
6.37 -5.61545
6.38 -5.61478
6.39 -5.6141
6.4 -5.61341
6.41 -5.6127
6.42 -5.61199
6.43 -5.61127
6.44 -5.61054
6.45 -5.6098
6.46 -5.60904
6.47 -5.60827
6.48 -5.60749
6.49 -5.6067
6.5 -5.60589
6.51 -5.60507
6.52 -5.60423
6.53 -5.60337
6.54 -5.60251
6.55 -5.60162
6.56 -5.60072
6.57 -5.5998
6.58 -5.59887
6.59 -5.59792
6.6 -5.59694
6.61 -5.59596
6.62 -5.59495
6.63 -5.59393
6.64 -5.59288
6.65 -5.59182
6.66 -5.59074
6.67 -5.58964
6.68 -5.58853
6.69 -5.58739
6.7 -5.58624
6.71 -5.58507
6.72 -5.58389
6.73 -5.58269
6.74 -5.58147
6.75 -5.58024
6.76 -5.57899
6.77 -5.57773
6.78 -5.57646
6.79 -5.57518
6.8 -5.57388
6.81 -5.57258
6.82 -5.57128
6.83 -5.56997
6.84 -5.56865
6.85 -5.56733
6.86 -5.56602
6.87 -5.56471
6.88 -5.5634
6.89 -5.56211
6.9 -5.56082
6.91 -5.55955
6.92 -5.5583
6.93 -5.55707
6.94 -5.55587
6.95 -5.55469
6.96 -5.55354
6.97 -5.55244
6.98 -5.55137
6.99 -5.55035
7 -5.54938
7.01 -5.54846
7.02 -5.54761
7.03 -5.54682
7.04 -5.5461
7.05 -5.54546
7.06 -5.54491
7.07 -5.54444
7.08 -5.54407
7.09 -5.5438
7.1 -5.54364
7.11 -5.54359
7.12 -5.54367
7.13 -5.54388
7.14 -5.54422
7.15 -5.5447
7.16 -5.54534
7.17 -5.54613
7.18 -5.54709
7.19 -5.54822
7.2 -5.54953
7.21 -5.55103
7.22 -5.55272
7.23 -5.55461
7.24 -5.55671
7.25 -5.55903
7.26 -5.56157
7.27 -5.56435
7.28 -5.56735
7.29 -5.5706
7.3 -5.5741
7.31 -5.57786
7.32 -5.58187
7.33 -5.58616
7.34 -5.59071
7.35 -5.59554
7.36 -5.60064
7.37 -5.60604
7.38 -5.61172
7.39 -5.61768
7.4 -5.62395
7.41 -5.63051
7.42 -5.63736
7.43 -5.64451
7.44 -5.65197
7.45 -5.65972
7.46 -5.66776
7.47 -5.67611
7.48 -5.68475
7.49 -5.69369
7.5 -5.70291
7.51 -5.71243
7.52 -5.72222
7.53 -5.7323
7.54 -5.74266
7.55 -5.75328
7.56 -5.76417
7.57 -5.77531
7.58 -5.78671
7.59 -5.79835
7.6 -5.81024
7.61 -5.82235
7.62 -5.83468
7.63 -5.84722
7.64 -5.85998
7.65 -5.87292
7.66 -5.88606
7.67 -5.89937
7.68 -5.91286
7.69 -5.9265
7.7 -5.94029
7.71 -5.95423
7.72 -5.9683
7.73 -5.98249
7.74 -5.99679
7.75 -6.0112
7.76 -6.0257
7.77 -6.04029
7.78 -6.05495
7.79 -6.06969
7.8 -6.08448
7.81 -6.09933
7.82 -6.11422
7.83 -6.12915
7.84 -6.14411
7.85 -6.15908
7.86 -6.17408
7.87 -6.18908
7.88 -6.20408
7.89 -6.21908
7.9 -6.23406
7.91 -6.24904
7.92 -6.26399
7.93 -6.27891
7.94 -6.2938
7.95 -6.30866
7.96 -6.32347
7.97 -6.33824
7.98 -6.35297
7.99 -6.36764
8 -6.38226
8.01 -6.39681
8.02 -6.41131
8.03 -6.42575
8.04 -6.44012
8.05 -6.45442
8.06 -6.46865
8.07 -6.48281
8.08 -6.4969
8.09 -6.51091
8.1 -6.52484
8.11 -6.5387
8.12 -6.55247
8.13 -6.56617
8.14 -6.57978
8.15 -6.59332
8.16 -6.60677
8.17 -6.62013
8.18 -6.63342
8.19 -6.64662
8.2 -6.65973
8.21 -6.67276
8.22 -6.68571
8.23 -6.69857
8.24 -6.71135
8.25 -6.72404
8.26 -6.73665
8.27 -6.74917
8.28 -6.76161
8.29 -6.77396
8.3 -6.78623
8.31 -6.79841
8.32 -6.81052
8.33 -6.82253
8.34 -6.83447
8.35 -6.84632
8.36 -6.85809
8.37 -6.86978
8.38 -6.88139
8.39 -6.89292
8.4 -6.90436
8.41 -6.91573
8.42 -6.92701
8.43 -6.93822
8.44 -6.94935
8.45 -6.9604
8.46 -6.97137
8.47 -6.98227
8.48 -6.99309
8.49 -7.00383
8.5 -7.0145
8.51 -7.02509
8.52 -7.03561
8.53 -7.04606
8.54 -7.05643
8.55 -7.06672
8.56 -7.07695
8.57 -7.0871
8.58 -7.09719
8.59 -7.1072
8.6 -7.11714
8.61 -7.12701
8.62 -7.13681
8.63 -7.14654
8.64 -7.15621
8.65 -7.16581
8.66 -7.17534
8.67 -7.1848
8.68 -7.1942
8.69 -7.20353
8.7 -7.2128
8.71 -7.22201
8.72 -7.23114
8.73 -7.24022
8.74 -7.24923
8.75 -7.25819
8.76 -7.26708
8.77 -7.27591
8.78 -7.28467
8.79 -7.29338
8.8 -7.30203
8.81 -7.31062
8.82 -7.31915
8.83 -7.32762
8.84 -7.33604
8.85 -7.3444
8.86 -7.3527
8.87 -7.36095
8.88 -7.36914
8.89 -7.37728
8.9 -7.38536
8.91 -7.39339
8.92 -7.40137
8.93 -7.40929
8.94 -7.41717
8.95 -7.42499
8.96 -7.43276
8.97 -7.44048
8.98 -7.44815
8.99 -7.45577
9 -7.46334
9.01 -7.47087
9.02 -7.47834
9.03 -7.48577
9.04 -7.49315
9.05 -7.50049
9.06 -7.50778
9.07 -7.51503
9.08 -7.52223
9.09 -7.52939
9.1 -7.5365
9.11 -7.54357
9.12 -7.5506
9.13 -7.55758
9.14 -7.56453
9.15 -7.57143
9.16 -7.57829
9.17 -7.58512
9.18 -7.5919
9.19 -7.59864
9.2 -7.60535
9.21 -7.61202
9.22 -7.61865
9.23 -7.62524
9.24 -7.63179
9.25 -7.63831
9.26 -7.64479
9.27 -7.65124
9.28 -7.65765
9.29 -7.66403
9.3 -7.67037
9.31 -7.67668
9.32 -7.68295
9.33 -7.68919
9.34 -7.6954
9.35 -7.70158
9.36 -7.70772
9.37 -7.71384
9.38 -7.71992
9.39 -7.72597
9.4 -7.73199
9.41 -7.73798
9.42 -7.74394
9.43 -7.74987
9.44 -7.75577
9.45 -7.76164
9.46 -7.76748
9.47 -7.7733
9.48 -7.77909
9.49 -7.78485
9.5 -7.79058
9.51 -7.79628
9.52 -7.80196
9.53 -7.80761
9.54 -7.81324
9.55 -7.81884
9.56 -7.82441
9.57 -7.82996
9.58 -7.83548
9.59 -7.84098
9.6 -7.84645
9.61 -7.8519
9.62 -7.85733
9.63 -7.86273
9.64 -7.8681
9.65 -7.87345
9.66 -7.87878
9.67 -7.88409
9.68 -7.88937
9.69 -7.89463
9.7 -7.89987
9.71 -7.90508
9.72 -7.91027
9.73 -7.91544
9.74 -7.92059
9.75 -7.92571
9.76 -7.93082
9.77 -7.9359
9.78 -7.94096
9.79 -7.946
9.8 -7.95102
9.81 -7.95602
9.82 -7.96099
9.83 -7.96595
9.84 -7.97088
9.85 -7.9758
9.86 -7.98069
9.87 -7.98556
9.88 -7.99042
9.89 -7.99525
9.9 -8.00006
9.91 -8.00486
9.92 -8.00963
9.93 -8.01438
9.94 -8.01912
9.95 -8.02383
9.96 -8.02853
9.97 -8.0332
9.98 -8.03786
9.99 -8.0425
10 -8.04711
10.001 -10
