0 0
0.01 0.435811
0.02 0.434887
0.03 0.433961
0.04 0.433032
0.05 0.432101
0.06 0.431167
0.07 0.430232
0.08 0.429294
0.09 0.428354
0.1 0.427412
0.11 0.426468
0.12 0.425521
0.13 0.424573
0.14 0.423622
0.15 0.42267
0.16 0.421716
0.17 0.420759
0.18 0.419801
0.19 0.418841
0.2 0.417879
0.21 0.416915
0.22 0.41595
0.23 0.414982
0.24 0.414013
0.25 0.413043
0.26 0.412071
0.27 0.411097
0.28 0.410122
0.29 0.409145
0.3 0.408166
0.31 0.407187
0.32 0.406206
0.33 0.405224
0.34 0.40424
0.35 0.403255
0.36 0.402269
0.37 0.401282
0.38 0.400294
0.39 0.399305
0.4 0.398315
0.41 0.397324
0.42 0.396332
0.43 0.39534
0.44 0.394347
0.45 0.393353
0.46 0.392358
0.47 0.391363
0.48 0.390368
0.49 0.389372
0.5 0.388376
0.51 0.387379
0.52 0.386382
0.53 0.385386
0.54 0.384389
0.55 0.383392
0.56 0.382395
0.57 0.381398
0.58 0.380402
0.59 0.379406
0.6 0.37841
0.61 0.377415
0.62 0.37642
0.63 0.375426
0.64 0.374433
0.65 0.37344
0.66 0.372449
0.67 0.371458
0.68 0.370469
0.69 0.36948
0.7 0.368493
0.71 0.367507
0.72 0.366523
0.73 0.36554
0.74 0.364559
0.75 0.363579
0.76 0.362601
0.77 0.361626
0.78 0.360652
0.79 0.35968
0.8 0.358711
0.81 0.357744
0.82 0.356779
0.83 0.355818
0.84 0.354858
0.85 0.353902
0.86 0.352948
0.87 0.351998
0.88 0.35105
0.89 0.350106
0.9 0.349166
0.91 0.348229
0.92 0.347295
0.93 0.346365
0.94 0.34544
0.95 0.344518
0.96 0.3436
0.97 0.342687
0.98 0.341778
0.99 0.340874
1 0.339974
1.01 0.33908
1.02 0.33819
1.03 0.337306
1.04 0.336427
1.05 0.335554
1.06 0.334686
1.07 0.333824
1.08 0.332968
1.09 0.332118
1.1 0.331275
1.11 0.330438
1.12 0.329607
1.13 0.328784
1.14 0.327967
1.15 0.327158
1.16 0.326356
1.17 0.325562
1.18 0.324776
1.19 0.323998
1.2 0.323228
1.21 0.322466
1.22 0.321713
1.23 0.320969
1.24 0.320234
1.25 0.319509
1.26 0.318793
1.27 0.318087
1.28 0.317391
1.29 0.316705
1.3 0.31603
1.31 0.315366
1.32 0.314712
1.33 0.314071
1.34 0.313441
1.35 0.312822
1.36 0.312216
1.37 0.311623
1.38 0.311043
1.39 0.310475
1.4 0.309922
1.41 0.309382
1.42 0.308856
1.43 0.308345
1.44 0.307848
1.45 0.307367
1.46 0.306902
1.47 0.306452
1.48 0.306019
1.49 0.305603
1.5 0.305203
1.51 0.304822
1.52 0.304458
1.53 0.304113
1.54 0.303786
1.55 0.303479
1.56 0.303192
1.57 0.302925
1.58 0.302678
1.59 0.302453
1.6 0.302249
1.61 0.302068
1.62 0.301909
1.63 0.301774
1.64 0.301662
1.65 0.301574
1.66 0.301512
1.67 0.301474
1.68 0.301463
1.69 0.301478
1.7 0.30152
1.71 0.30159
1.72 0.301688
1.73 0.301814
1.74 0.301971
1.75 0.302157
1.76 0.302374
1.77 0.302623
1.78 0.302903
1.79 0.303216
1.8 0.303562
1.81 0.303942
1.82 0.304357
1.83 0.304807
1.84 0.305292
1.85 0.305815
1.86 0.306374
1.87 0.306971
1.88 0.307607
1.89 0.308282
1.9 0.308997
1.91 0.309753
1.92 0.31055
1.93 0.311388
1.94 0.312269
1.95 0.313193
1.96 0.314161
1.97 0.315174
1.98 0.316231
1.99 0.317334
2 0.318484
2.01 0.31968
2.02 0.320924
2.03 0.322216
2.04 0.323556
2.05 0.324945
2.06 0.326384
2.07 0.327873
2.08 0.329413
2.09 0.331003
2.1 0.332645
2.11 0.334339
2.12 0.336085
2.13 0.337884
2.14 0.339735
2.15 0.341639
2.16 0.343597
2.17 0.345608
2.18 0.347673
2.19 0.349791
2.2 0.351964
2.21 0.35419
2.22 0.35647
2.23 0.358804
2.24 0.361192
2.25 0.363633
2.26 0.366128
2.27 0.368676
2.28 0.371276
2.29 0.373929
2.3 0.376633
2.31 0.37939
2.32 0.382197
2.33 0.385054
2.34 0.387961
2.35 0.390916
2.36 0.39392
2.37 0.396971
2.38 0.400069
2.39 0.403211
2.4 0.406398
2.41 0.409629
2.42 0.412901
2.43 0.416214
2.44 0.419567
2.45 0.422957
2.46 0.426385
2.47 0.429848
2.48 0.433345
2.49 0.436875
2.5 0.440435
2.51 0.444025
2.52 0.447642
2.53 0.451286
2.54 0.454954
2.55 0.458644
2.56 0.462356
2.57 0.466086
2.58 0.469835
2.59 0.473599
2.6 0.477377
2.61 0.481168
2.62 0.48497
2.63 0.488781
2.64 0.492599
2.65 0.496424
2.66 0.500253
2.67 0.504085
2.68 0.507919
2.69 0.511754
2.7 0.515588
2.71 0.519419
2.72 0.523248
2.73 0.527073
2.74 0.530892
2.75 0.534706
2.76 0.538514
2.77 0.542314
2.78 0.546107
2.79 0.549891
2.8 0.553668
2.81 0.557435
2.82 0.561195
2.83 0.564945
2.84 0.568688
2.85 0.572421
2.86 0.576147
2.87 0.579866
2.88 0.583577
2.89 0.587282
2.9 0.590981
2.91 0.594675
2.92 0.598364
2.93 0.60205
2.94 0.605734
2.95 0.609416
2.96 0.613097
2.97 0.616779
2.98 0.620462
2.99 0.624149
3 0.627839
3.01 0.631534
3.02 0.635235
3.03 0.638943
3.04 0.64266
3.05 0.646387
3.06 0.650124
3.07 0.653873
3.08 0.657634
3.09 0.66141
3.1 0.6652
3.11 0.669007
3.12 0.67283
3.13 0.676671
3.14 0.68053
3.15 0.684409
3.16 0.688307
3.17 0.692227
3.18 0.696168
3.19 0.700131
3.2 0.704117
3.21 0.708126
3.22 0.712158
3.23 0.716214
3.24 0.720294
3.25 0.724399
3.26 0.728529
3.27 0.732684
3.28 0.736864
3.29 0.741069
3.3 0.7453
3.31 0.749555
3.32 0.753836
3.33 0.758142
3.34 0.762473
3.35 0.766829
3.36 0.771209
3.37 0.775614
3.38 0.780043
3.39 0.784496
3.4 0.788973
3.41 0.793472
3.42 0.797994
3.43 0.802539
3.44 0.807105
3.45 0.811693
3.46 0.816302
3.47 0.820931
3.48 0.825579
3.49 0.830248
3.5 0.834935
3.51 0.83964
3.52 0.844362
3.53 0.849102
3.54 0.853858
3.55 0.85863
3.56 0.863417
3.57 0.868218
3.58 0.873034
3.59 0.877862
3.6 0.882704
3.61 0.887557
3.62 0.892421
3.63 0.897297
3.64 0.902182
3.65 0.907077
3.66 0.91198
3.67 0.916892
3.68 0.921811
3.69 0.926738
3.7 0.93167
3.71 0.936609
3.72 0.941553
3.73 0.946501
3.74 0.951454
3.75 0.95641
3.76 0.961369
3.77 0.96633
3.78 0.971294
3.79 0.976259
3.8 0.981225
3.81 0.986191
3.82 0.991158
3.83 0.996124
3.84 1.00109
3.85 1.00605
3.86 1.01102
3.87 1.01598
3.88 1.02094
3.89 1.02589
3.9 1.03084
3.91 1.03579
3.92 1.04074
3.93 1.04568
3.94 1.05062
3.95 1.05555
3.96 1.06048
3.97 1.0654
3.98 1.07032
3.99 1.07523
4 1.08014
4.01 1.08504
4.02 1.08994
4.03 1.09483
4.04 1.09971
4.05 1.10459
4.06 1.10946
4.07 1.11433
4.08 1.11918
4.09 1.12404
4.1 1.12888
4.11 1.13372
4.12 1.13855
4.13 1.14338
4.14 1.1482
4.15 1.15301
4.16 1.15781
4.17 1.16261
4.18 1.1674
4.19 1.17219
4.2 1.17697
4.21 1.18174
4.22 1.18651
4.23 1.19127
4.24 1.19602
4.25 1.20077
4.26 1.20552
4.27 1.21025
4.28 1.21499
4.29 1.21971
4.3 1.22443
4.31 1.22915
4.32 1.23386
4.33 1.23857
4.34 1.24327
4.35 1.24797
4.36 1.25266
4.37 1.25735
4.38 1.26204
4.39 1.26672
4.4 1.2714
4.41 1.27607
4.42 1.28075
4.43 1.28542
4.44 1.29009
4.45 1.29475
4.46 1.29942
4.47 1.30408
4.48 1.30874
4.49 1.3134
4.5 1.31807
4.51 1.32272
4.52 1.32738
4.53 1.33204
4.54 1.3367
4.55 1.34136
4.56 1.34603
4.57 1.35069
4.58 1.35535
4.59 1.36002
4.6 1.36469
4.61 1.36936
4.62 1.37404
4.63 1.37871
4.64 1.38339
4.65 1.38808
4.66 1.39277
4.67 1.39746
4.68 1.40216
4.69 1.40686
4.7 1.41157
4.71 1.41629
4.72 1.42101
4.73 1.42574
4.74 1.43047
4.75 1.43521
4.76 1.43996
4.77 1.44472
4.78 1.44948
4.79 1.45426
4.8 1.45904
4.81 1.46383
4.82 1.46864
4.83 1.47345
4.84 1.47827
4.85 1.48311
4.86 1.48795
4.87 1.49281
4.88 1.49768
4.89 1.50256
4.9 1.50746
4.91 1.51237
4.92 1.51729
4.93 1.52222
4.94 1.52717
4.95 1.53214
4.96 1.53712
4.97 1.54211
4.98 1.54712
4.99 1.55215
5 1.5572
5.01 1.56226
5.02 1.56734
5.03 1.57244
5.04 1.57755
5.05 1.58269
5.06 1.58784
5.07 1.59301
5.08 1.59821
5.09 1.60342
5.1 1.60866
5.11 1.61391
5.12 1.61919
5.13 1.62449
5.14 1.62981
5.15 1.63516
5.16 1.64053
5.17 1.64592
5.18 1.65133
5.19 1.65678
5.2 1.66224
5.21 1.66773
5.22 1.67325
5.23 1.6788
5.24 1.68437
5.25 1.68996
5.26 1.69559
5.27 1.70124
5.28 1.70692
5.29 1.71264
5.3 1.71838
5.31 1.72414
5.32 1.72994
5.33 1.73577
5.34 1.74163
5.35 1.74753
5.36 1.75345
5.37 1.75941
5.38 1.76539
5.39 1.77141
5.4 1.77747
5.41 1.78356
5.42 1.78968
5.43 1.79583
5.44 1.80202
5.45 1.80825
5.46 1.81451
5.47 1.82081
5.48 1.82714
5.49 1.83351
5.5 1.83992
5.51 1.84636
5.52 1.85284
5.53 1.85936
5.54 1.86592
5.55 1.87252
5.56 1.87915
5.57 1.88582
5.58 1.89254
5.59 1.89929
5.6 1.90608
5.61 1.91291
5.62 1.91979
5.63 1.9267
5.64 1.93365
5.65 1.94065
5.66 1.94769
5.67 1.95476
5.68 1.96188
5.69 1.96904
5.7 1.97625
5.71 1.98349
5.72 1.99078
5.73 1.99811
5.74 2.00548
5.75 2.01289
5.76 2.02035
5.77 2.02785
5.78 2.03539
5.79 2.04297
5.8 2.0506
5.81 2.05827
5.82 2.06598
5.83 2.07373
5.84 2.08153
5.85 2.08937
5.86 2.09725
5.87 2.10517
5.88 2.11314
5.89 2.12115
5.9 2.1292
5.91 2.13729
5.92 2.14542
5.93 2.15359
5.94 2.16181
5.95 2.17007
5.96 2.17836
5.97 2.1867
5.98 2.19508
5.99 2.2035
6 2.21195
6.01 2.22045
6.02 2.22899
6.03 2.23757
6.04 2.24618
6.05 2.25484
6.06 2.26353
6.07 2.27226
6.08 2.28103
6.09 2.28984
6.1 2.29868
6.11 2.30756
6.12 2.31648
6.13 2.32544
6.14 2.33444
6.15 2.34347
6.16 2.35253
6.17 2.36164
6.18 2.37078
6.19 2.37996
6.2 2.38917
6.21 2.39842
6.22 2.40771
6.23 2.41704
6.24 2.4264
6.25 2.4358
6.26 2.44524
6.27 2.45472
6.28 2.46423
6.29 2.47378
6.3 2.48338
6.31 2.49301
6.32 2.50268
6.33 2.5124
6.34 2.52215
6.35 2.53195
6.36 2.5418
6.37 2.55168
6.38 2.56162
6.39 2.5716
6.4 2.58163
6.41 2.59171
6.42 2.60183
6.43 2.61202
6.44 2.62225
6.45 2.63254
6.46 2.64289
6.47 2.6533
6.48 2.66376
6.49 2.67429
6.5 2.68488
6.51 2.69555
6.52 2.70627
6.53 2.71707
6.54 2.72795
6.55 2.7389
6.56 2.74992
6.57 2.76103
6.58 2.77222
6.59 2.7835
6.6 2.79486
6.61 2.80632
6.62 2.81786
6.63 2.82951
6.64 2.84125
6.65 2.8531
6.66 2.86505
6.67 2.8771
6.68 2.88927
6.69 2.90155
6.7 2.91395
6.71 2.92646
6.72 2.93909
6.73 2.95185
6.74 2.96473
6.75 2.97775
6.76 2.99089
6.77 3.00416
6.78 3.01757
6.79 3.03112
6.8 3.0448
6.81 3.05863
6.82 3.0726
6.83 3.08671
6.84 3.10097
6.85 3.11538
6.86 3.12993
6.87 3.14463
6.88 3.15948
6.89 3.17447
6.9 3.18962
6.91 3.20491
6.92 3.22035
6.93 3.23594
6.94 3.25168
6.95 3.26756
6.96 3.28358
6.97 3.29975
6.98 3.31606
6.99 3.3325
7 3.34908
7.01 3.36579
7.02 3.38263
7.03 3.3996
7.04 3.41668
7.05 3.43388
7.06 3.4512
7.07 3.46863
7.08 3.48615
7.09 3.50378
7.1 3.5215
7.11 3.5393
7.12 3.55719
7.13 3.57515
7.14 3.59318
7.15 3.61128
7.16 3.62943
7.17 3.64763
7.18 3.66587
7.19 3.68415
7.2 3.70245
7.21 3.72078
7.22 3.73912
7.23 3.75747
7.24 3.77581
7.25 3.79415
7.26 3.81247
7.27 3.83077
7.28 3.84904
7.29 3.86728
7.3 3.88547
7.31 3.90361
7.32 3.92169
7.33 3.9397
7.34 3.95765
7.35 3.97551
7.36 3.99329
7.37 4.01098
7.38 4.02857
7.39 4.04605
7.4 4.06343
7.41 4.08069
7.42 4.09782
7.43 4.11483
7.44 4.13171
7.45 4.14844
7.46 4.16503
7.47 4.18148
7.48 4.19776
7.49 4.21389
7.5 4.22985
7.51 4.24564
7.52 4.26126
7.53 4.27669
7.54 4.29194
7.55 4.30701
7.56 4.32187
7.57 4.33655
7.58 4.35102
7.59 4.36528
7.6 4.37933
7.61 4.39318
7.62 4.4068
7.63 4.4202
7.64 4.43338
7.65 4.44633
7.66 4.45905
7.67 4.47154
7.68 4.48379
7.69 4.4958
7.7 4.50757
7.71 4.51909
7.72 4.53037
7.73 4.54141
7.74 4.55219
7.75 4.56273
7.76 4.57302
7.77 4.58305
7.78 4.59283
7.79 4.60236
7.8 4.61164
7.81 4.62066
7.82 4.62943
7.83 4.63796
7.84 4.64623
7.85 4.65425
7.86 4.66202
7.87 4.66955
7.88 4.67683
7.89 4.68386
7.9 4.69066
7.91 4.69722
7.92 4.70354
7.93 4.70962
7.94 4.71547
7.95 4.7211
7.96 4.72649
7.97 4.73167
7.98 4.73662
7.99 4.74136
8 4.74588
8.01 4.75019
8.02 4.75429
8.03 4.75819
8.04 4.76189
8.05 4.7654
8.06 4.76871
8.07 4.77183
8.08 4.77476
8.09 4.77751
8.1 4.78008
8.11 4.78248
8.12 4.7847
8.13 4.78676
8.14 4.78865
8.15 4.79038
8.16 4.79195
8.17 4.79337
8.18 4.79464
8.19 4.79576
8.2 4.79673
8.21 4.79757
8.22 4.79827
8.23 4.79884
8.24 4.79927
8.25 4.79958
8.26 4.79976
8.27 4.79982
8.28 4.79977
8.29 4.7996
8.3 4.79931
8.31 4.79892
8.32 4.79842
8.33 4.79782
8.34 4.79712
8.35 4.79631
8.36 4.79542
8.37 4.79443
8.38 4.79335
8.39 4.79218
8.4 4.79092
8.41 4.78958
8.42 4.78817
8.43 4.78667
8.44 4.78509
8.45 4.78345
8.46 4.78173
8.47 4.77993
8.48 4.77808
8.49 4.77615
8.5 4.77416
8.51 4.77211
8.52 4.77
8.53 4.76782
8.54 4.7656
8.55 4.76331
8.56 4.76097
8.57 4.75858
8.58 4.75614
8.59 4.75365
8.6 4.75111
8.61 4.74853
8.62 4.7459
8.63 4.74323
8.64 4.74051
8.65 4.73776
8.66 4.73496
8.67 4.73212
8.68 4.72925
8.69 4.72634
8.7 4.7234
8.71 4.72042
8.72 4.71741
8.73 4.71437
8.74 4.71129
8.75 4.70819
8.76 4.70505
8.77 4.70189
8.78 4.6987
8.79 4.69548
8.8 4.69223
8.81 4.68896
8.82 4.68567
8.83 4.68235
8.84 4.679
8.85 4.67564
8.86 4.67225
8.87 4.66884
8.88 4.66541
8.89 4.66196
8.9 4.65849
8.91 4.655
8.92 4.65149
8.93 4.64796
8.94 4.64441
8.95 4.64085
8.96 4.63726
8.97 4.63366
8.98 4.63005
8.99 4.62642
9 4.62277
9.01 4.61911
9.02 4.61543
9.03 4.61174
9.04 4.60803
9.05 4.60431
9.06 4.60057
9.07 4.59682
9.08 4.59306
9.09 4.58928
9.1 4.58549
9.11 4.58168
9.12 4.57787
9.13 4.57404
9.14 4.5702
9.15 4.56634
9.16 4.56248
9.17 4.5586
9.18 4.55471
9.19 4.55081
9.2 4.5469
9.21 4.54297
9.22 4.53904
9.23 4.53509
9.24 4.53114
9.25 4.52717
9.26 4.52319
9.27 4.5192
9.28 4.5152
9.29 4.51119
9.3 4.50717
9.31 4.50314
9.32 4.4991
9.33 4.49505
9.34 4.49099
9.35 4.48692
9.36 4.48284
9.37 4.47875
9.38 4.47465
9.39 4.47054
9.4 4.46642
9.41 4.46229
9.42 4.45816
9.43 4.45401
9.44 4.44986
9.45 4.44569
9.46 4.44152
9.47 4.43734
9.48 4.43315
9.49 4.42895
9.5 4.42475
9.51 4.42053
9.52 4.41631
9.53 4.41208
9.54 4.40785
9.55 4.4036
9.56 4.39935
9.57 4.39509
9.58 4.39082
9.59 4.38655
9.6 4.38226
9.61 4.37798
9.62 4.37368
9.63 4.36938
9.64 4.36507
9.65 4.36075
9.66 4.35643
9.67 4.35211
9.68 4.34777
9.69 4.34343
9.7 4.33909
9.71 4.33474
9.72 4.33038
9.73 4.32602
9.74 4.32166
9.75 4.31729
9.76 4.31291
9.77 4.30853
9.78 4.30415
9.79 4.29976
9.8 4.29537
9.81 4.29098
9.82 4.28658
9.83 4.28217
9.84 4.27777
9.85 4.27336
9.86 4.26895
9.87 4.26453
9.88 4.26012
9.89 4.2557
9.9 4.25128
9.91 4.24685
9.92 4.24243
9.93 4.238
9.94 4.23357
9.95 4.22914
9.96 4.22471
9.97 4.22028
9.98 4.21585
9.99 4.21142
10 4.20699
10.001 0
