0 5
0.01 3.87477
0.02 3.87505
0.03 3.87533
0.04 3.87561
0.05 3.8759
0.06 3.8762
0.07 3.8765
0.08 3.8768
0.09 3.87712
0.1 3.87743
0.11 3.87775
0.12 3.87808
0.13 3.87841
0.14 3.87875
0.15 3.87909
0.16 3.87944
0.17 3.87979
0.18 3.88015
0.19 3.88052
0.2 3.88089
0.21 3.88126
0.22 3.88165
0.23 3.88204
0.24 3.88243
0.25 3.88283
0.26 3.88324
0.27 3.88365
0.28 3.88407
0.29 3.8845
0.3 3.88493
0.31 3.88537
0.32 3.88582
0.33 3.88627
0.34 3.88673
0.35 3.8872
0.36 3.88767
0.37 3.88816
0.38 3.88864
0.39 3.88914
0.4 3.88964
0.41 3.89015
0.42 3.89067
0.43 3.89119
0.44 3.89173
0.45 3.89227
0.46 3.89282
0.47 3.89337
0.48 3.89394
0.49 3.89451
0.5 3.89509
0.51 3.89568
0.52 3.89627
0.53 3.89688
0.54 3.89749
0.55 3.89812
0.56 3.89875
0.57 3.89939
0.58 3.90004
0.59 3.90069
0.6 3.90136
0.61 3.90204
0.62 3.90272
0.63 3.90342
0.64 3.90412
0.65 3.90483
0.66 3.90556
0.67 3.90629
0.68 3.90703
0.69 3.90779
0.7 3.90855
0.71 3.90932
0.72 3.91011
0.73 3.9109
0.74 3.91171
0.75 3.91252
0.76 3.91335
0.77 3.91418
0.78 3.91503
0.79 3.91589
0.8 3.91676
0.81 3.91764
0.82 3.91854
0.83 3.91944
0.84 3.92036
0.85 3.92129
0.86 3.92223
0.87 3.92318
0.88 3.92414
0.89 3.92512
0.9 3.92611
0.91 3.92711
0.92 3.92813
0.93 3.92916
0.94 3.9302
0.95 3.93125
0.96 3.93232
0.97 3.9334
0.98 3.93449
0.99 3.9356
1 3.93672
1.01 3.93786
1.02 3.93901
1.03 3.94018
1.04 3.94136
1.05 3.94255
1.06 3.94376
1.07 3.94498
1.08 3.94622
1.09 3.94747
1.1 3.94874
1.11 3.95003
1.12 3.95133
1.13 3.95265
1.14 3.95398
1.15 3.95533
1.16 3.95669
1.17 3.95807
1.18 3.95947
1.19 3.96089
1.2 3.96232
1.21 3.96377
1.22 3.96524
1.23 3.96672
1.24 3.96823
1.25 3.96975
1.26 3.97129
1.27 3.97284
1.28 3.97442
1.29 3.97601
1.3 3.97763
1.31 3.97926
1.32 3.98091
1.33 3.98258
1.34 3.98427
1.35 3.98598
1.36 3.98771
1.37 3.98946
1.38 3.99123
1.39 3.99303
1.4 3.99484
1.41 3.99667
1.42 3.99853
1.43 4.0004
1.44 4.0023
1.45 4.00422
1.46 4.00616
1.47 4.00813
1.48 4.01012
1.49 4.01213
1.5 4.01416
1.51 4.01622
1.52 4.01829
1.53 4.0204
1.54 4.02253
1.55 4.02468
1.56 4.02685
1.57 4.02905
1.58 4.03128
1.59 4.03353
1.6 4.03581
1.61 4.03811
1.62 4.04044
1.63 4.04279
1.64 4.04518
1.65 4.04759
1.66 4.05002
1.67 4.05249
1.68 4.05498
1.69 4.0575
1.7 4.06005
1.71 4.06263
1.72 4.06523
1.73 4.06787
1.74 4.07054
1.75 4.07324
1.76 4.07597
1.77 4.07873
1.78 4.08152
1.79 4.08435
1.8 4.08721
1.81 4.0901
1.82 4.09302
1.83 4.09598
1.84 4.09898
1.85 4.10201
1.86 4.10508
1.87 4.10818
1.88 4.11132
1.89 4.1145
1.9 4.11772
1.91 4.12098
1.92 4.12428
1.93 4.12761
1.94 4.13099
1.95 4.13442
1.96 4.13788
1.97 4.14139
1.98 4.14494
1.99 4.14854
2 4.15219
2.01 4.15588
2.02 4.15963
2.03 4.16342
2.04 4.16726
2.05 4.17115
2.06 4.1751
2.07 4.1791
2.08 4.18315
2.09 4.18726
2.1 4.19143
2.11 4.19566
2.12 4.19994
2.13 4.20429
2.14 4.2087
2.15 4.21317
2.16 4.2177
2.17 4.2223
2.18 4.22697
2.19 4.23171
2.2 4.23652
2.21 4.2414
2.22 4.24635
2.23 4.25138
2.24 4.25649
2.25 4.26167
2.26 4.26693
2.27 4.27227
2.28 4.2777
2.29 4.2832
2.3 4.2888
2.31 4.29448
2.32 4.30025
2.33 4.30611
2.34 4.31206
2.35 4.3181
2.36 4.32424
2.37 4.33048
2.38 4.33681
2.39 4.34325
2.4 4.34978
2.41 4.35641
2.42 4.36315
2.43 4.37
2.44 4.37694
2.45 4.384
2.46 4.39116
2.47 4.39844
2.48 4.40582
2.49 4.41331
2.5 4.42092
2.51 4.42864
2.52 4.43647
2.53 4.44441
2.54 4.45246
2.55 4.46063
2.56 4.46892
2.57 4.47731
2.58 4.48582
2.59 4.49444
2.6 4.50318
2.61 4.51202
2.62 4.52098
2.63 4.53004
2.64 4.53921
2.65 4.54849
2.66 4.55787
2.67 4.56736
2.68 4.57694
2.69 4.58662
2.7 4.5964
2.71 4.60627
2.72 4.61624
2.73 4.62628
2.74 4.63642
2.75 4.64663
2.76 4.65691
2.77 4.66727
2.78 4.6777
2.79 4.68819
2.8 4.69875
2.81 4.70935
2.82 4.72001
2.83 4.73071
2.84 4.74146
2.85 4.75224
2.86 4.76305
2.87 4.77388
2.88 4.78474
2.89 4.79561
2.9 4.80649
2.91 4.81737
2.92 4.82826
2.93 4.83914
2.94 4.85
2.95 4.86085
2.96 4.87168
2.97 4.88248
2.98 4.89325
2.99 4.90398
3 4.91468
3.01 4.92532
3.02 4.93591
3.03 4.94645
3.04 4.95693
3.05 4.96735
3.06 4.9777
3.07 4.98798
3.08 4.99819
3.09 5.00832
3.1 5.01836
3.11 5.02833
3.12 5.0382
3.13 5.04799
3.14 5.05769
3.15 5.06729
3.16 5.0768
3.17 5.08621
3.18 5.09552
3.19 5.10473
3.2 5.11384
3.21 5.12285
3.22 5.13175
3.23 5.14055
3.24 5.14924
3.25 5.15783
3.26 5.16631
3.27 5.17469
3.28 5.18295
3.29 5.19112
3.3 5.19917
3.31 5.20712
3.32 5.21496
3.33 5.2227
3.34 5.23033
3.35 5.23786
3.36 5.24528
3.37 5.2526
3.38 5.25982
3.39 5.26694
3.4 5.27396
3.41 5.28087
3.42 5.28769
3.43 5.29441
3.44 5.30104
3.45 5.30756
3.46 5.314
3.47 5.32034
3.48 5.32659
3.49 5.33275
3.5 5.33882
3.51 5.3448
3.52 5.35069
3.53 5.3565
3.54 5.36223
3.55 5.36787
3.56 5.37343
3.57 5.3789
3.58 5.3843
3.59 5.38962
3.6 5.39487
3.61 5.40003
3.62 5.40513
3.63 5.41015
3.64 5.41509
3.65 5.41997
3.66 5.42478
3.67 5.42952
3.68 5.43419
3.69 5.43879
3.7 5.44333
3.71 5.44781
3.72 5.45222
3.73 5.45657
3.74 5.46087
3.75 5.4651
3.76 5.46927
3.77 5.47339
3.78 5.47744
3.79 5.48145
3.8 5.4854
3.81 5.48929
3.82 5.49314
3.83 5.49693
3.84 5.50067
3.85 5.50436
3.86 5.508
3.87 5.51159
3.88 5.51514
3.89 5.51864
3.9 5.5221
3.91 5.52551
3.92 5.52887
3.93 5.5322
3.94 5.53548
3.95 5.53872
3.96 5.54192
3.97 5.54508
3.98 5.5482
3.99 5.55128
4 5.55432
4.01 5.55733
4.02 5.5603
4.03 5.56323
4.04 5.56613
4.05 5.56899
4.06 5.57182
4.07 5.57462
4.08 5.57738
4.09 5.58011
4.1 5.58281
4.11 5.58548
4.12 5.58812
4.13 5.59073
4.14 5.59331
4.15 5.59586
4.16 5.59838
4.17 5.60087
4.18 5.60334
4.19 5.60578
4.2 5.60819
4.21 5.61058
4.22 5.61294
4.23 5.61528
4.24 5.61759
4.25 5.61988
4.26 5.62214
4.27 5.62438
4.28 5.6266
4.29 5.6288
4.3 5.63097
4.31 5.63312
4.32 5.63525
4.33 5.63736
4.34 5.63945
4.35 5.64152
4.36 5.64357
4.37 5.6456
4.38 5.64761
4.39 5.6496
4.4 5.65158
4.41 5.65353
4.42 5.65547
4.43 5.65739
4.44 5.65929
4.45 5.66118
4.46 5.66305
4.47 5.6649
4.48 5.66674
4.49 5.66856
4.5 5.67037
4.51 5.67216
4.52 5.67394
4.53 5.6757
4.54 5.67745
4.55 5.67918
4.56 5.6809
4.57 5.68261
4.58 5.6843
4.59 5.68598
4.6 5.68765
4.61 5.6893
4.62 5.69094
4.63 5.69257
4.64 5.69419
4.65 5.69579
4.66 5.69739
4.67 5.69897
4.68 5.70054
4.69 5.7021
4.7 5.70365
4.71 5.70519
4.72 5.70672
4.73 5.70824
4.74 5.70975
4.75 5.71125
4.76 5.71274
4.77 5.71422
4.78 5.71569
4.79 5.71715
4.8 5.7186
4.81 5.72005
4.82 5.72148
4.83 5.72291
4.84 5.72433
4.85 5.72574
4.86 5.72714
4.87 5.72853
4.88 5.72992
4.89 5.7313
4.9 5.73267
4.91 5.73404
4.92 5.73539
4.93 5.73674
4.94 5.73809
4.95 5.73942
4.96 5.74075
4.97 5.74208
4.98 5.74339
4.99 5.7447
5 5.74601
5.01 5.74731
5.02 5.7486
5.03 5.74988
5.04 5.75117
5.05 5.75244
5.06 5.75371
5.07 5.75497
5.08 5.75623
5.09 5.75749
5.1 5.75874
5.11 5.75998
5.12 5.76122
5.13 5.76245
5.14 5.76368
5.15 5.76491
5.16 5.76613
5.17 5.76734
5.18 5.76855
5.19 5.76976
5.2 5.77096
5.21 5.77216
5.22 5.77335
5.23 5.77454
5.24 5.77573
5.25 5.77691
5.26 5.77809
5.27 5.77927
5.28 5.78044
5.29 5.78161
5.3 5.78277
5.31 5.78393
5.32 5.78509
5.33 5.78624
5.34 5.7874
5.35 5.78854
5.36 5.78969
5.37 5.79083
5.38 5.79197
5.39 5.79311
5.4 5.79424
5.41 5.79537
5.42 5.7965
5.43 5.79762
5.44 5.79874
5.45 5.79986
5.46 5.80098
5.47 5.80209
5.48 5.80321
5.49 5.80431
5.5 5.80542
5.51 5.80653
5.52 5.80763
5.53 5.80873
5.54 5.80983
5.55 5.81092
5.56 5.81202
5.57 5.81311
5.58 5.8142
5.59 5.81529
5.6 5.81637
5.61 5.81746
5.62 5.81854
5.63 5.81962
5.64 5.8207
5.65 5.82177
5.66 5.82285
5.67 5.82392
5.68 5.82499
5.69 5.82606
5.7 5.82713
5.71 5.8282
5.72 5.82926
5.73 5.83033
5.74 5.83139
5.75 5.83245
5.76 5.83352
5.77 5.83457
5.78 5.83563
5.79 5.83669
5.8 5.83775
5.81 5.8388
5.82 5.83986
5.83 5.84091
5.84 5.84197
5.85 5.84302
5.86 5.84407
5.87 5.84512
5.88 5.84618
5.89 5.84723
5.9 5.84828
5.91 5.84933
5.92 5.85038
5.93 5.85143
5.94 5.85249
5.95 5.85354
5.96 5.85459
5.97 5.85565
5.98 5.8567
5.99 5.85775
6 5.85881
6.01 5.85987
6.02 5.86093
6.03 5.86199
6.04 5.86305
6.05 5.86412
6.06 5.86518
6.07 5.86625
6.08 5.86732
6.09 5.8684
6.1 5.86948
6.11 5.87056
6.12 5.87164
6.13 5.87273
6.14 5.87382
6.15 5.87492
6.16 5.87602
6.17 5.87713
6.18 5.87824
6.19 5.87935
6.2 5.88048
6.21 5.88161
6.22 5.88274
6.23 5.88388
6.24 5.88503
6.25 5.88619
6.26 5.88735
6.27 5.88853
6.28 5.88971
6.29 5.8909
6.3 5.8921
6.31 5.89331
6.32 5.89454
6.33 5.89577
6.34 5.89701
6.35 5.89827
6.36 5.89954
6.37 5.90082
6.38 5.90211
6.39 5.90342
6.4 5.90474
6.41 5.90608
6.42 5.90743
6.43 5.9088
6.44 5.91019
6.45 5.91159
6.46 5.913
6.47 5.91444
6.48 5.91589
6.49 5.91737
6.5 5.91886
6.51 5.92037
6.52 5.9219
6.53 5.92345
6.54 5.92502
6.55 5.92661
6.56 5.92823
6.57 5.92986
6.58 5.93152
6.59 5.9332
6.6 5.9349
6.61 5.93663
6.62 5.93838
6.63 5.94015
6.64 5.94194
6.65 5.94376
6.66 5.9456
6.67 5.94747
6.68 5.94935
6.69 5.95126
6.7 5.95319
6.71 5.95515
6.72 5.95712
6.73 5.95912
6.74 5.96114
6.75 5.96317
6.76 5.96523
6.77 5.9673
6.78 5.9694
6.79 5.9715
6.8 5.97363
6.81 5.97576
6.82 5.97791
6.83 5.98007
6.84 5.98224
6.85 5.98441
6.86 5.98659
6.87 5.98877
6.88 5.99095
6.89 5.99313
6.9 5.9953
6.91 5.99747
6.92 5.99962
6.93 6.00176
6.94 6.00388
6.95 6.00598
6.96 6.00805
6.97 6.01009
6.98 6.0121
6.99 6.01407
7 6.01599
7.01 6.01787
7.02 6.0197
7.03 6.02146
7.04 6.02316
7.05 6.02479
7.06 6.02634
7.07 6.02781
7.08 6.02919
7.09 6.03048
7.1 6.03166
7.11 6.03274
7.12 6.03369
7.13 6.03453
7.14 6.03523
7.15 6.0358
7.16 6.03622
7.17 6.03648
7.18 6.03659
7.19 6.03652
7.2 6.03628
7.21 6.03586
7.22 6.03525
7.23 6.03443
7.24 6.03341
7.25 6.03217
7.26 6.03072
7.27 6.02903
7.28 6.02711
7.29 6.02495
7.3 6.02254
7.31 6.01988
7.32 6.01695
7.33 6.01376
7.34 6.0103
7.35 6.00657
7.36 6.00255
7.37 5.99826
7.38 5.99368
7.39 5.98881
7.4 5.98365
7.41 5.97821
7.42 5.97247
7.43 5.96644
7.44 5.96011
7.45 5.9535
7.46 5.9466
7.47 5.93941
7.48 5.93195
7.49 5.9242
7.5 5.91618
7.51 5.90789
7.52 5.89934
7.53 5.89054
7.54 5.88148
7.55 5.87218
7.56 5.86265
7.57 5.8529
7.58 5.84293
7.59 5.83276
7.6 5.82239
7.61 5.81183
7.62 5.8011
7.63 5.79021
7.64 5.77917
7.65 5.76798
7.66 5.75667
7.67 5.74524
7.68 5.7337
7.69 5.72208
7.7 5.71037
7.71 5.69859
7.72 5.68675
7.73 5.67486
7.74 5.66294
7.75 5.651
7.76 5.63904
7.77 5.62707
7.78 5.61512
7.79 5.60318
7.8 5.59126
7.81 5.57938
7.82 5.56754
7.83 5.55575
7.84 5.54403
7.85 5.53236
7.86 5.52078
7.87 5.50927
7.88 5.49785
7.89 5.48652
7.9 5.47529
7.91 5.46416
7.92 5.45313
7.93 5.44222
7.94 5.43143
7.95 5.42075
7.96 5.41019
7.97 5.39976
7.98 5.38945
7.99 5.37927
8 5.36922
8.01 5.35931
8.02 5.34953
8.03 5.33988
8.04 5.33036
8.05 5.32098
8.06 5.31174
8.07 5.30263
8.08 5.29366
8.09 5.28482
8.1 5.27612
8.11 5.26756
8.12 5.25912
8.13 5.25082
8.14 5.24265
8.15 5.23461
8.16 5.22671
8.17 5.21892
8.18 5.21127
8.19 5.20374
8.2 5.19634
8.21 5.18906
8.22 5.1819
8.23 5.17486
8.24 5.16794
8.25 5.16113
8.26 5.15444
8.27 5.14786
8.28 5.14139
8.29 5.13503
8.3 5.12878
8.31 5.12263
8.32 5.11659
8.33 5.11064
8.34 5.1048
8.35 5.09906
8.36 5.09341
8.37 5.08786
8.38 5.0824
8.39 5.07704
8.4 5.07176
8.41 5.06657
8.42 5.06147
8.43 5.05645
8.44 5.05152
8.45 5.04666
8.46 5.04189
8.47 5.03719
8.48 5.03257
8.49 5.02803
8.5 5.02356
8.51 5.01916
8.52 5.01483
8.53 5.01057
8.54 5.00638
8.55 5.00226
8.56 4.9982
8.57 4.9942
8.58 4.99027
8.59 4.9864
8.6 4.98258
8.61 4.97883
8.62 4.97513
8.63 4.97149
8.64 4.96791
8.65 4.96438
8.66 4.9609
8.67 4.95747
8.68 4.95409
8.69 4.95077
8.7 4.94749
8.71 4.94425
8.72 4.94107
8.73 4.93793
8.74 4.93483
8.75 4.93178
8.76 4.92877
8.77 4.92581
8.78 4.92288
8.79 4.91999
8.8 4.91714
8.81 4.91433
8.82 4.91156
8.83 4.90883
8.84 4.90613
8.85 4.90346
8.86 4.90083
8.87 4.89823
8.88 4.89567
8.89 4.89314
8.9 4.89064
8.91 4.88817
8.92 4.88573
8.93 4.88332
8.94 4.88094
8.95 4.87859
8.96 4.87627
8.97 4.87397
8.98 4.8717
8.99 4.86945
9 4.86723
9.01 4.86504
9.02 4.86287
9.03 4.86073
9.04 4.8586
9.05 4.8565
9.06 4.85443
9.07 4.85237
9.08 4.85034
9.09 4.84833
9.1 4.84633
9.11 4.84436
9.12 4.84241
9.13 4.84048
9.14 4.83856
9.15 4.83667
9.16 4.83479
9.17 4.83293
9.18 4.83109
9.19 4.82927
9.2 4.82746
9.21 4.82567
9.22 4.82389
9.23 4.82213
9.24 4.82039
9.25 4.81866
9.26 4.81694
9.27 4.81524
9.28 4.81356
9.29 4.81189
9.3 4.81023
9.31 4.80858
9.32 4.80695
9.33 4.80533
9.34 4.80373
9.35 4.80213
9.36 4.80055
9.37 4.79898
9.38 4.79742
9.39 4.79588
9.4 4.79434
9.41 4.79282
9.42 4.7913
9.43 4.7898
9.44 4.78831
9.45 4.78682
9.46 4.78535
9.47 4.78389
9.48 4.78244
9.49 4.78099
9.5 4.77956
9.51 4.77814
9.52 4.77672
9.53 4.77531
9.54 4.77392
9.55 4.77253
9.56 4.77114
9.57 4.76977
9.58 4.76841
9.59 4.76705
9.6 4.7657
9.61 4.76436
9.62 4.76303
9.63 4.7617
9.64 4.76038
9.65 4.75907
9.66 4.75777
9.67 4.75647
9.68 4.75518
9.69 4.7539
9.7 4.75262
9.71 4.75135
9.72 4.75009
9.73 4.74883
9.74 4.74758
9.75 4.74634
9.76 4.7451
9.77 4.74387
9.78 4.74265
9.79 4.74143
9.8 4.74021
9.81 4.73901
9.82 4.73781
9.83 4.73661
9.84 4.73542
9.85 4.73424
9.86 4.73306
9.87 4.73188
9.88 4.73071
9.89 4.72955
9.9 4.72839
9.91 4.72724
9.92 4.7261
9.93 4.72495
9.94 4.72382
9.95 4.72269
9.96 4.72156
9.97 4.72044
9.98 4.71932
9.99 4.71821
10 4.7171
10.001 5
