0 0
0.01 0.19032
0.02 0.18882
0.03 0.187316
0.04 0.18581
0.05 0.184301
0.06 0.18279
0.07 0.181276
0.08 0.179759
0.09 0.178239
0.1 0.176717
0.11 0.175193
0.12 0.173667
0.13 0.172138
0.14 0.170607
0.15 0.169075
0.16 0.16754
0.17 0.166003
0.18 0.164465
0.19 0.162925
0.2 0.161383
0.21 0.15984
0.22 0.158295
0.23 0.15675
0.24 0.155203
0.25 0.153655
0.26 0.152106
0.27 0.150556
0.28 0.149005
0.29 0.147454
0.3 0.145903
0.31 0.144351
0.32 0.142798
0.33 0.141246
0.34 0.139694
0.35 0.138142
0.36 0.13659
0.37 0.135039
0.38 0.133488
0.39 0.131939
0.4 0.13039
0.41 0.128842
0.42 0.127295
0.43 0.12575
0.44 0.124207
0.45 0.122665
0.46 0.121125
0.47 0.119587
0.48 0.118052
0.49 0.116519
0.5 0.114988
0.51 0.113461
0.52 0.111936
0.53 0.110415
0.54 0.108897
0.55 0.107383
0.56 0.105873
0.57 0.104367
0.58 0.102865
0.59 0.101368
0.6 0.0998758
0.61 0.0983884
0.62 0.0969063
0.63 0.0954296
0.64 0.0939587
0.65 0.0924937
0.66 0.091035
0.67 0.0895828
0.68 0.0881373
0.69 0.0866989
0.7 0.0852677
0.71 0.0838441
0.72 0.0824284
0.73 0.0810207
0.74 0.0796215
0.75 0.078231
0.76 0.0768495
0.77 0.0754773
0.78 0.0741146
0.79 0.0727619
0.8 0.0714194
0.81 0.0700874
0.82 0.0687663
0.83 0.0674563
0.84 0.0661578
0.85 0.0648711
0.86 0.0635966
0.87 0.0623346
0.88 0.0610853
0.89 0.0598493
0.9 0.0586268
0.91 0.0574181
0.92 0.0562237
0.93 0.0550438
0.94 0.0538789
0.95 0.0527292
0.96 0.0515953
0.97 0.0504773
0.98 0.0493758
0.99 0.048291
1 0.0472234
1.01 0.0461733
1.02 0.0451411
1.03 0.0441272
1.04 0.043132
1.05 0.0421558
1.06 0.0411991
1.07 0.0402623
1.08 0.0393456
1.09 0.0384496
1.1 0.0375746
1.11 0.0367211
1.12 0.0358893
1.13 0.0350798
1.14 0.0342929
1.15 0.0335289
1.16 0.0327884
1.17 0.0320717
1.18 0.0313792
1.19 0.0307113
1.2 0.0300684
1.21 0.0294509
1.22 0.0288591
1.23 0.0282936
1.24 0.0277547
1.25 0.0272427
1.26 0.0267581
1.27 0.0263013
1.28 0.0258726
1.29 0.0254724
1.3 0.0251012
1.31 0.0247592
1.32 0.0244469
1.33 0.0241647
1.34 0.0239129
1.35 0.0236918
1.36 0.0235019
1.37 0.0233435
1.38 0.023217
1.39 0.0231227
1.4 0.0230609
1.41 0.023032
1.42 0.0230363
1.43 0.0230742
1.44 0.023146
1.45 0.0232519
1.46 0.0233924
1.47 0.0235676
1.48 0.0237779
1.49 0.0240236
1.5 0.024305
1.51 0.0246223
1.52 0.0249758
1.53 0.0253657
1.54 0.0257923
1.55 0.0262558
1.56 0.0267565
1.57 0.0272945
1.58 0.0278701
1.59 0.0284835
1.6 0.0291348
1.61 0.0298241
1.62 0.0305518
1.63 0.0313178
1.64 0.0321224
1.65 0.0329657
1.66 0.0338477
1.67 0.0347686
1.68 0.0357284
1.69 0.0367272
1.7 0.0377651
1.71 0.0388421
1.72 0.0399583
1.73 0.0411135
1.74 0.0423078
1.75 0.0435413
1.76 0.0448138
1.77 0.0461253
1.78 0.0474757
1.79 0.0488649
1.8 0.0502928
1.81 0.0517594
1.82 0.0532643
1.83 0.0548076
1.84 0.056389
1.85 0.0580083
1.86 0.0596652
1.87 0.0613596
1.88 0.0630913
1.89 0.0648598
1.9 0.0666651
1.91 0.0685066
1.92 0.0703842
1.93 0.0722974
1.94 0.074246
1.95 0.0762295
1.96 0.0782475
1.97 0.0802996
1.98 0.0823854
1.99 0.0845045
2 0.0866563
2.01 0.0888403
2.02 0.0910562
2.03 0.0933033
2.04 0.0955811
2.05 0.0978891
2.06 0.100227
2.07 0.102593
2.08 0.104989
2.09 0.107411
2.1 0.109862
2.11 0.112338
2.12 0.114841
2.13 0.117369
2.14 0.119922
2.15 0.122498
2.16 0.125098
2.17 0.127721
2.18 0.130365
2.19 0.133031
2.2 0.135717
2.21 0.138423
2.22 0.141148
2.23 0.143892
2.24 0.146653
2.25 0.149431
2.26 0.152225
2.27 0.155035
2.28 0.15786
2.29 0.160698
2.3 0.163551
2.31 0.166415
2.32 0.169292
2.33 0.17218
2.34 0.175079
2.35 0.177988
2.36 0.180906
2.37 0.183833
2.38 0.186768
2.39 0.18971
2.4 0.192659
2.41 0.195614
2.42 0.198575
2.43 0.201541
2.44 0.204511
2.45 0.207485
2.46 0.210463
2.47 0.213444
2.48 0.216427
2.49 0.219411
2.5 0.222398
2.51 0.225385
2.52 0.228373
2.53 0.231362
2.54 0.23435
2.55 0.237337
2.56 0.240324
2.57 0.243309
2.58 0.246293
2.59 0.249276
2.6 0.252256
2.61 0.255234
2.62 0.258209
2.63 0.261182
2.64 0.264151
2.65 0.267118
2.66 0.270081
2.67 0.273041
2.68 0.275998
2.69 0.27895
2.7 0.281899
2.71 0.284845
2.72 0.287786
2.73 0.290724
2.74 0.293657
2.75 0.296587
2.76 0.299512
2.77 0.302434
2.78 0.305352
2.79 0.308266
2.8 0.311176
2.81 0.314082
2.82 0.316985
2.83 0.319884
2.84 0.32278
2.85 0.325672
2.86 0.328561
2.87 0.331446
2.88 0.334329
2.89 0.337208
2.9 0.340085
2.91 0.342959
2.92 0.34583
2.93 0.3487
2.94 0.351567
2.95 0.354431
2.96 0.357294
2.97 0.360156
2.98 0.363016
2.99 0.365874
3 0.368731
3.01 0.371587
3.02 0.374443
3.03 0.377298
3.04 0.380152
3.05 0.383006
3.06 0.38586
3.07 0.388714
3.08 0.391569
3.09 0.394424
3.1 0.397279
3.11 0.400136
3.12 0.402994
3.13 0.405853
3.14 0.408713
3.15 0.411575
3.16 0.414439
3.17 0.417305
3.18 0.420173
3.19 0.423043
3.2 0.425916
3.21 0.428792
3.22 0.43167
3.23 0.434552
3.24 0.437437
3.25 0.440326
3.26 0.443218
3.27 0.446114
3.28 0.449013
3.29 0.451917
3.3 0.454826
3.31 0.457738
3.32 0.460656
3.33 0.463578
3.34 0.466505
3.35 0.469437
3.36 0.472374
3.37 0.475317
3.38 0.478265
3.39 0.481219
3.4 0.484179
3.41 0.487145
3.42 0.490117
3.43 0.493095
3.44 0.49608
3.45 0.499071
3.46 0.502069
3.47 0.505074
3.48 0.508086
3.49 0.511105
3.5 0.514131
3.51 0.517165
3.52 0.520206
3.53 0.523255
3.54 0.526311
3.55 0.529376
3.56 0.532449
3.57 0.535529
3.58 0.538618
3.59 0.541716
3.6 0.544822
3.61 0.547937
3.62 0.551061
3.63 0.554193
3.64 0.557335
3.65 0.560486
3.66 0.563646
3.67 0.566816
3.68 0.569996
3.69 0.573185
3.7 0.576384
3.71 0.579592
3.72 0.582811
3.73 0.586041
3.74 0.58928
3.75 0.59253
3.76 0.595791
3.77 0.599063
3.78 0.602345
3.79 0.605638
3.8 0.608942
3.81 0.612258
3.82 0.615585
3.83 0.618924
3.84 0.622274
3.85 0.625636
3.86 0.629009
3.87 0.632395
3.88 0.635793
3.89 0.639203
3.9 0.642626
3.91 0.646061
3.92 0.649509
3.93 0.652969
3.94 0.656443
3.95 0.659929
3.96 0.663429
3.97 0.666942
3.98 0.670469
3.99 0.674009
4 0.677562
4.01 0.68113
4.02 0.684712
4.03 0.688307
4.04 0.691917
4.05 0.695542
4.06 0.699181
4.07 0.702834
4.08 0.706502
4.09 0.710186
4.1 0.713884
4.11 0.717597
4.12 0.721326
4.13 0.72507
4.14 0.72883
4.15 0.732605
4.16 0.736397
4.17 0.740204
4.18 0.744027
4.19 0.747867
4.2 0.751723
4.21 0.755595
4.22 0.759484
4.23 0.76339
4.24 0.767313
4.25 0.771252
4.26 0.775209
4.27 0.779183
4.28 0.783174
4.29 0.787183
4.3 0.79121
4.31 0.795254
4.32 0.799316
4.33 0.803396
4.34 0.807494
4.35 0.811611
4.36 0.815745
4.37 0.819898
4.38 0.82407
4.39 0.82826
4.4 0.832469
4.41 0.836697
4.42 0.840944
4.43 0.84521
4.44 0.849495
4.45 0.8538
4.46 0.858123
4.47 0.862466
4.48 0.866829
4.49 0.871212
4.5 0.875614
4.51 0.880035
4.52 0.884477
4.53 0.888939
4.54 0.893421
4.55 0.897922
4.56 0.902444
4.57 0.906986
4.58 0.911549
4.59 0.916132
4.6 0.920735
4.61 0.925359
4.62 0.930003
4.63 0.934667
4.64 0.939353
4.65 0.944059
4.66 0.948785
4.67 0.953533
4.68 0.958301
4.69 0.963089
4.7 0.967899
4.71 0.972729
4.72 0.97758
4.73 0.982452
4.74 0.987345
4.75 0.992258
4.76 0.997192
4.77 1.00215
4.78 1.00712
4.79 1.01212
4.8 1.01714
4.81 1.02217
4.82 1.02723
4.83 1.03231
4.84 1.03741
4.85 1.04253
4.86 1.04767
4.87 1.05283
4.88 1.05801
4.89 1.06321
4.9 1.06844
4.91 1.07368
4.92 1.07894
4.93 1.08422
4.94 1.08952
4.95 1.09484
4.96 1.10018
4.97 1.10555
4.98 1.11093
4.99 1.11632
5 1.12174
5.01 1.12718
5.02 1.13264
5.03 1.13811
5.04 1.1436
5.05 1.14912
5.06 1.15465
5.07 1.1602
5.08 1.16576
5.09 1.17135
5.1 1.17695
5.11 1.18257
5.12 1.18821
5.13 1.19386
5.14 1.19953
5.15 1.20522
5.16 1.21093
5.17 1.21665
5.18 1.22239
5.19 1.22814
5.2 1.23391
5.21 1.23969
5.22 1.2455
5.23 1.25131
5.24 1.25714
5.25 1.26299
5.26 1.26885
5.27 1.27473
5.28 1.28062
5.29 1.28652
5.3 1.29244
5.31 1.29837
5.32 1.30431
5.33 1.31027
5.34 1.31624
5.35 1.32223
5.36 1.32822
5.37 1.33423
5.38 1.34026
5.39 1.34629
5.4 1.35234
5.41 1.35839
5.42 1.36446
5.43 1.37054
5.44 1.37663
5.45 1.38273
5.46 1.38885
5.47 1.39497
5.48 1.40111
5.49 1.40725
5.5 1.41341
5.51 1.41957
5.52 1.42575
5.53 1.43193
5.54 1.43812
5.55 1.44433
5.56 1.45054
5.57 1.45676
5.58 1.463
5.59 1.46924
5.6 1.47549
5.61 1.48175
5.62 1.48802
5.63 1.49429
5.64 1.50058
5.65 1.50687
5.66 1.51318
5.67 1.51949
5.68 1.52581
5.69 1.53214
5.7 1.53848
5.71 1.54483
5.72 1.55119
5.73 1.55756
5.74 1.56393
5.75 1.57032
5.76 1.57671
5.77 1.58311
5.78 1.58953
5.79 1.59595
5.8 1.60238
5.81 1.60883
5.82 1.61528
5.83 1.62174
5.84 1.62822
5.85 1.6347
5.86 1.6412
5.87 1.64771
5.88 1.65423
5.89 1.66076
5.9 1.6673
5.91 1.67386
5.92 1.68043
5.93 1.68701
5.94 1.6936
5.95 1.70021
5.96 1.70683
5.97 1.71347
5.98 1.72012
5.99 1.72679
6 1.73347
6.01 1.74017
6.02 1.74689
6.03 1.75362
6.04 1.76037
6.05 1.76714
6.06 1.77392
6.07 1.78073
6.08 1.78755
6.09 1.7944
6.1 1.80126
6.11 1.80815
6.12 1.81505
6.13 1.82198
6.14 1.82893
6.15 1.83591
6.16 1.84291
6.17 1.84993
6.18 1.85698
6.19 1.86405
6.2 1.87115
6.21 1.87827
6.22 1.88543
6.23 1.89261
6.24 1.89982
6.25 1.90706
6.26 1.91432
6.27 1.92162
6.28 1.92895
6.29 1.93631
6.3 1.94371
6.31 1.95113
6.32 1.95859
6.33 1.96609
6.34 1.97362
6.35 1.98118
6.36 1.98878
6.37 1.99642
6.38 2.0041
6.39 2.01181
6.4 2.01956
6.41 2.02735
6.42 2.03518
6.43 2.04305
6.44 2.05097
6.45 2.05892
6.46 2.06692
6.47 2.07496
6.48 2.08304
6.49 2.09116
6.5 2.09934
6.51 2.10755
6.52 2.11581
6.53 2.12412
6.54 2.13248
6.55 2.14088
6.56 2.14933
6.57 2.15782
6.58 2.16637
6.59 2.17496
6.6 2.18361
6.61 2.1923
6.62 2.20104
6.63 2.20984
6.64 2.21868
6.65 2.22758
6.66 2.23653
6.67 2.24553
6.68 2.25458
6.69 2.26368
6.7 2.27284
6.71 2.28205
6.72 2.29131
6.73 2.30063
6.74 2.31
6.75 2.31942
6.76 2.3289
6.77 2.33843
6.78 2.34801
6.79 2.35765
6.8 2.36734
6.81 2.37709
6.82 2.38688
6.83 2.39674
6.84 2.40664
6.85 2.4166
6.86 2.42662
6.87 2.43668
6.88 2.4468
6.89 2.45698
6.9 2.4672
6.91 2.47748
6.92 2.48781
6.93 2.49819
6.94 2.50863
6.95 2.51911
6.96 2.52964
6.97 2.54023
6.98 2.55086
6.99 2.56155
7 2.57228
7.01 2.58306
7.02 2.59389
7.03 2.60477
7.04 2.6157
7.05 2.62666
7.06 2.63768
7.07 2.64874
7.08 2.65984
7.09 2.67099
7.1 2.68218
7.11 2.69341
7.12 2.70469
7.13 2.716
7.14 2.72736
7.15 2.73875
7.16 2.75018
7.17 2.76164
7.18 2.77314
7.19 2.78468
7.2 2.79625
7.21 2.80786
7.22 2.81949
7.23 2.83116
7.24 2.84286
7.25 2.85458
7.26 2.86634
7.27 2.87812
7.28 2.88992
7.29 2.90175
7.3 2.91361
7.31 2.92548
7.32 2.93737
7.33 2.94929
7.34 2.96122
7.35 2.97317
7.36 2.98513
7.37 2.99711
7.38 3.0091
7.39 3.02111
7.4 3.03312
7.41 3.04514
7.42 3.05717
7.43 3.0692
7.44 3.08124
7.45 3.09327
7.46 3.10531
7.47 3.11735
7.48 3.12939
7.49 3.14142
7.5 3.15345
7.51 3.16547
7.52 3.17748
7.53 3.18948
7.54 3.20146
7.55 3.21344
7.56 3.22539
7.57 3.23733
7.58 3.24925
7.59 3.26115
7.6 3.27302
7.61 3.28487
7.62 3.29669
7.63 3.30849
7.64 3.32025
7.65 3.33198
7.66 3.34367
7.67 3.35533
7.68 3.36695
7.69 3.37853
7.7 3.39006
7.71 3.40155
7.72 3.413
7.73 3.42439
7.74 3.43574
7.75 3.44703
7.76 3.45827
7.77 3.46945
7.78 3.48057
7.79 3.49164
7.8 3.50264
7.81 3.51357
7.82 3.52444
7.83 3.53524
7.84 3.54597
7.85 3.55663
7.86 3.56722
7.87 3.57773
7.88 3.58816
7.89 3.59851
7.9 3.60879
7.91 3.61898
7.92 3.62908
7.93 3.6391
7.94 3.64904
7.95 3.65888
7.96 3.66863
7.97 3.67829
7.98 3.68786
7.99 3.69734
8 3.70671
8.01 3.71599
8.02 3.72517
8.03 3.73425
8.04 3.74323
8.05 3.75211
8.06 3.76089
8.07 3.76956
8.08 3.77812
8.09 3.78658
8.1 3.79493
8.11 3.80318
8.12 3.81131
8.13 3.81934
8.14 3.82726
8.15 3.83506
8.16 3.84276
8.17 3.85034
8.18 3.85782
8.19 3.86517
8.2 3.87242
8.21 3.87955
8.22 3.88657
8.23 3.89348
8.24 3.90027
8.25 3.90695
8.26 3.91352
8.27 3.91997
8.28 3.9263
8.29 3.93253
8.3 3.93863
8.31 3.94463
8.32 3.95051
8.33 3.95628
8.34 3.96193
8.35 3.96747
8.36 3.9729
8.37 3.97821
8.38 3.98341
8.39 3.9885
8.4 3.99348
8.41 3.99835
8.42 4.0031
8.43 4.00775
8.44 4.01228
8.45 4.01671
8.46 4.02103
8.47 4.02524
8.48 4.02934
8.49 4.03333
8.5 4.03722
8.51 4.041
8.52 4.04468
8.53 4.04825
8.54 4.05172
8.55 4.05509
8.56 4.05835
8.57 4.06151
8.58 4.06457
8.59 4.06753
8.6 4.07039
8.61 4.07315
8.62 4.07581
8.63 4.07837
8.64 4.08084
8.65 4.08321
8.66 4.08549
8.67 4.08767
8.68 4.08976
8.69 4.09176
8.7 4.09367
8.71 4.09548
8.72 4.09721
8.73 4.09884
8.74 4.10039
8.75 4.10185
8.76 4.10322
8.77 4.10451
8.78 4.10571
8.79 4.10683
8.8 4.10787
8.81 4.10882
8.82 4.10969
8.83 4.11048
8.84 4.11119
8.85 4.11183
8.86 4.11238
8.87 4.11286
8.88 4.11326
8.89 4.11359
8.9 4.11384
8.91 4.11402
8.92 4.11413
8.93 4.11417
8.94 4.11413
8.95 4.11403
8.96 4.11385
8.97 4.11361
8.98 4.1133
8.99 4.11293
9 4.11249
9.01 4.11198
9.02 4.11141
9.03 4.11078
9.04 4.11009
9.05 4.10934
9.06 4.10852
9.07 4.10765
9.08 4.10671
9.09 4.10572
9.1 4.10467
9.11 4.10357
9.12 4.10241
9.13 4.1012
9.14 4.09993
9.15 4.09861
9.16 4.09724
9.17 4.09581
9.18 4.09434
9.19 4.09281
9.2 4.09124
9.21 4.08962
9.22 4.08795
9.23 4.08623
9.24 4.08447
9.25 4.08266
9.26 4.08081
9.27 4.07891
9.28 4.07697
9.29 4.07498
9.3 4.07296
9.31 4.07089
9.32 4.06878
9.33 4.06663
9.34 4.06444
9.35 4.06222
9.36 4.05995
9.37 4.05765
9.38 4.05531
9.39 4.05293
9.4 4.05052
9.41 4.04807
9.42 4.04558
9.43 4.04306
9.44 4.04051
9.45 4.03793
9.46 4.03531
9.47 4.03265
9.48 4.02997
9.49 4.02726
9.5 4.02451
9.51 4.02173
9.52 4.01892
9.53 4.01609
9.54 4.01322
9.55 4.01033
9.56 4.0074
9.57 4.00445
9.58 4.00147
9.59 3.99846
9.6 3.99543
9.61 3.99237
9.62 3.98928
9.63 3.98617
9.64 3.98303
9.65 3.97987
9.66 3.97668
9.67 3.97346
9.68 3.97023
9.69 3.96697
9.7 3.96368
9.71 3.96037
9.72 3.95704
9.73 3.95368
9.74 3.95031
9.75 3.94691
9.76 3.94349
9.77 3.94004
9.78 3.93658
9.79 3.93309
9.8 3.92958
9.81 3.92606
9.82 3.92251
9.83 3.91894
9.84 3.91535
9.85 3.91174
9.86 3.90811
9.87 3.90447
9.88 3.9008
9.89 3.89711
9.9 3.89341
9.91 3.88968
9.92 3.88594
9.93 3.88218
9.94 3.87841
9.95 3.87461
9.96 3.8708
9.97 3.86697
9.98 3.86312
9.99 3.85926
10 3.85538
10.001 0
