0 5
0.01 4.23987
0.02 4.24059
0.03 4.24131
0.04 4.24205
0.05 4.24279
0.06 4.24354
0.07 4.2443
0.08 4.24506
0.09 4.24584
0.1 4.24662
0.11 4.24741
0.12 4.24821
0.13 4.24902
0.14 4.24984
0.15 4.25067
0.16 4.25151
0.17 4.25235
0.18 4.25321
0.19 4.25407
0.2 4.25495
0.21 4.25583
0.22 4.25673
0.23 4.25763
0.24 4.25855
0.25 4.25947
0.26 4.26041
0.27 4.26135
0.28 4.26231
0.29 4.26328
0.3 4.26425
0.31 4.26524
0.32 4.26624
0.33 4.26725
0.34 4.26827
0.35 4.26931
0.36 4.27035
0.37 4.27141
0.38 4.27247
0.39 4.27355
0.4 4.27464
0.41 4.27575
0.42 4.27686
0.43 4.27799
0.44 4.27913
0.45 4.28028
0.46 4.28145
0.47 4.28262
0.48 4.28381
0.49 4.28501
0.5 4.28623
0.51 4.28746
0.52 4.2887
0.53 4.28996
0.54 4.29122
0.55 4.2925
0.56 4.2938
0.57 4.29511
0.58 4.29643
0.59 4.29777
0.6 4.29912
0.61 4.30048
0.62 4.30186
0.63 4.30325
0.64 4.30466
0.65 4.30608
0.66 4.30751
0.67 4.30896
0.68 4.31043
0.69 4.31191
0.7 4.3134
0.71 4.31491
0.72 4.31643
0.73 4.31797
0.74 4.31953
0.75 4.32109
0.76 4.32268
0.77 4.32428
0.78 4.32589
0.79 4.32752
0.8 4.32917
0.81 4.33083
0.82 4.33251
0.83 4.3342
0.84 4.33591
0.85 4.33764
0.86 4.33938
0.87 4.34113
0.88 4.34291
0.89 4.3447
0.9 4.3465
0.91 4.34832
0.92 4.35016
0.93 4.35202
0.94 4.35389
0.95 4.35578
0.96 4.35768
0.97 4.35961
0.98 4.36155
0.99 4.3635
1 4.36548
1.01 4.36747
1.02 4.36947
1.03 4.3715
1.04 4.37354
1.05 4.3756
1.06 4.37768
1.07 4.37978
1.08 4.38189
1.09 4.38403
1.1 4.38618
1.11 4.38835
1.12 4.39053
1.13 4.39274
1.14 4.39496
1.15 4.39721
1.16 4.39947
1.17 4.40175
1.18 4.40405
1.19 4.40637
1.2 4.40871
1.21 4.41106
1.22 4.41344
1.23 4.41584
1.24 4.41826
1.25 4.4207
1.26 4.42316
1.27 4.42564
1.28 4.42814
1.29 4.43066
1.3 4.4332
1.31 4.43576
1.32 4.43835
1.33 4.44096
1.34 4.44358
1.35 4.44624
1.36 4.44891
1.37 4.45161
1.38 4.45433
1.39 4.45707
1.4 4.45983
1.41 4.46262
1.42 4.46544
1.43 4.46827
1.44 4.47114
1.45 4.47402
1.46 4.47693
1.47 4.47987
1.48 4.48283
1.49 4.48582
1.5 4.48884
1.51 4.49188
1.52 4.49495
1.53 4.49804
1.54 4.50116
1.55 4.50431
1.56 4.50749
1.57 4.5107
1.58 4.51393
1.59 4.5172
1.6 4.52049
1.61 4.52381
1.62 4.52717
1.63 4.53055
1.64 4.53396
1.65 4.53741
1.66 4.54089
1.67 4.54439
1.68 4.54793
1.69 4.55151
1.7 4.55511
1.71 4.55875
1.72 4.56242
1.73 4.56613
1.74 4.56987
1.75 4.57364
1.76 4.57745
1.77 4.58129
1.78 4.58517
1.79 4.58908
1.8 4.59303
1.81 4.59702
1.82 4.60104
1.83 4.6051
1.84 4.60919
1.85 4.61332
1.86 4.61749
1.87 4.6217
1.88 4.62594
1.89 4.63023
1.9 4.63455
1.91 4.63891
1.92 4.6433
1.93 4.64774
1.94 4.65221
1.95 4.65673
1.96 4.66128
1.97 4.66587
1.98 4.6705
1.99 4.67517
2 4.67987
2.01 4.68462
2.02 4.6894
2.03 4.69422
2.04 4.69909
2.05 4.70399
2.06 4.70892
2.07 4.7139
2.08 4.71892
2.09 4.72397
2.1 4.72906
2.11 4.73418
2.12 4.73935
2.13 4.74455
2.14 4.74978
2.15 4.75505
2.16 4.76036
2.17 4.7657
2.18 4.77108
2.19 4.77649
2.2 4.78193
2.21 4.78741
2.22 4.79292
2.23 4.79846
2.24 4.80403
2.25 4.80963
2.26 4.81526
2.27 4.82092
2.28 4.82661
2.29 4.83232
2.3 4.83806
2.31 4.84383
2.32 4.84962
2.33 4.85544
2.34 4.86128
2.35 4.86714
2.36 4.87302
2.37 4.87893
2.38 4.88485
2.39 4.89079
2.4 4.89675
2.41 4.90272
2.42 4.90871
2.43 4.91471
2.44 4.92073
2.45 4.92676
2.46 4.9328
2.47 4.93885
2.48 4.9449
2.49 4.95097
2.5 4.95704
2.51 4.96312
2.52 4.9692
2.53 4.97529
2.54 4.98137
2.55 4.98746
2.56 4.99355
2.57 4.99963
2.58 5.00572
2.59 5.0118
2.6 5.01788
2.61 5.02395
2.62 5.03001
2.63 5.03607
2.64 5.04211
2.65 5.04815
2.66 5.05418
2.67 5.06019
2.68 5.0662
2.69 5.07218
2.7 5.07816
2.71 5.08412
2.72 5.09006
2.73 5.09598
2.74 5.10189
2.75 5.10778
2.76 5.11364
2.77 5.11949
2.78 5.12532
2.79 5.13112
2.8 5.1369
2.81 5.14266
2.82 5.14839
2.83 5.1541
2.84 5.15978
2.85 5.16543
2.86 5.17106
2.87 5.17666
2.88 5.18224
2.89 5.18778
2.9 5.1933
2.91 5.19878
2.92 5.20424
2.93 5.20967
2.94 5.21507
2.95 5.22043
2.96 5.22577
2.97 5.23107
2.98 5.23634
2.99 5.24158
3 5.24678
3.01 5.25196
3.02 5.2571
3.03 5.26221
3.04 5.26728
3.05 5.27233
3.06 5.27733
3.07 5.28231
3.08 5.28725
3.09 5.29216
3.1 5.29703
3.11 5.30187
3.12 5.30668
3.13 5.31145
3.14 5.31619
3.15 5.32089
3.16 5.32556
3.17 5.3302
3.18 5.33481
3.19 5.33938
3.2 5.34391
3.21 5.34842
3.22 5.35289
3.23 5.35732
3.24 5.36173
3.25 5.3661
3.26 5.37044
3.27 5.37475
3.28 5.37902
3.29 5.38326
3.3 5.38747
3.31 5.39165
3.32 5.3958
3.33 5.39991
3.34 5.404
3.35 5.40805
3.36 5.41207
3.37 5.41606
3.38 5.42003
3.39 5.42396
3.4 5.42786
3.41 5.43173
3.42 5.43558
3.43 5.43939
3.44 5.44318
3.45 5.44694
3.46 5.45067
3.47 5.45437
3.48 5.45804
3.49 5.46169
3.5 5.46531
3.51 5.46891
3.52 5.47247
3.53 5.47601
3.54 5.47953
3.55 5.48302
3.56 5.48648
3.57 5.48992
3.58 5.49334
3.59 5.49673
3.6 5.50009
3.61 5.50344
3.62 5.50676
3.63 5.51005
3.64 5.51332
3.65 5.51657
3.66 5.5198
3.67 5.52301
3.68 5.52619
3.69 5.52935
3.7 5.53249
3.71 5.53561
3.72 5.53871
3.73 5.54179
3.74 5.54485
3.75 5.54788
3.76 5.5509
3.77 5.5539
3.78 5.55688
3.79 5.55984
3.8 5.56279
3.81 5.56571
3.82 5.56862
3.83 5.57151
3.84 5.57438
3.85 5.57723
3.86 5.58007
3.87 5.58289
3.88 5.58569
3.89 5.58848
3.9 5.59125
3.91 5.594
3.92 5.59674
3.93 5.59947
3.94 5.60218
3.95 5.60487
3.96 5.60755
3.97 5.61022
3.98 5.61287
3.99 5.6155
4 5.61813
4.01 5.62074
4.02 5.62334
4.03 5.62592
4.04 5.62849
4.05 5.63105
4.06 5.63359
4.07 5.63613
4.08 5.63865
4.09 5.64116
4.1 5.64366
4.11 5.64614
4.12 5.64862
4.13 5.65108
4.14 5.65353
4.15 5.65598
4.16 5.65841
4.17 5.66083
4.18 5.66324
4.19 5.66564
4.2 5.66803
4.21 5.67042
4.22 5.67279
4.23 5.67515
4.24 5.67751
4.25 5.67985
4.26 5.68219
4.27 5.68451
4.28 5.68683
4.29 5.68914
4.3 5.69145
4.31 5.69374
4.32 5.69603
4.33 5.6983
4.34 5.70058
4.35 5.70284
4.36 5.70509
4.37 5.70734
4.38 5.70959
4.39 5.71182
4.4 5.71405
4.41 5.71627
4.42 5.71848
4.43 5.72069
4.44 5.72289
4.45 5.72509
4.46 5.72728
4.47 5.72946
4.48 5.73164
4.49 5.73381
4.5 5.73598
4.51 5.73814
4.52 5.74029
4.53 5.74244
4.54 5.74459
4.55 5.74673
4.56 5.74886
4.57 5.75099
4.58 5.75311
4.59 5.75523
4.6 5.75735
4.61 5.75946
4.62 5.76156
4.63 5.76366
4.64 5.76576
4.65 5.76785
4.66 5.76994
4.67 5.77203
4.68 5.77411
4.69 5.77618
4.7 5.77825
4.71 5.78032
4.72 5.78239
4.73 5.78445
4.74 5.7865
4.75 5.78856
4.76 5.79061
4.77 5.79265
4.78 5.7947
4.79 5.79673
4.8 5.79877
4.81 5.8008
4.82 5.80283
4.83 5.80486
4.84 5.80688
4.85 5.8089
4.86 5.81092
4.87 5.81293
4.88 5.81494
4.89 5.81695
4.9 5.81896
4.91 5.82096
4.92 5.82296
4.93 5.82495
4.94 5.82695
4.95 5.82894
4.96 5.83093
4.97 5.83291
4.98 5.8349
4.99 5.83688
5 5.83885
5.01 5.84083
5.02 5.8428
5.03 5.84477
5.04 5.84674
5.05 5.8487
5.06 5.85066
5.07 5.85262
5.08 5.85458
5.09 5.85654
5.1 5.85849
5.11 5.86044
5.12 5.86239
5.13 5.86433
5.14 5.86627
5.15 5.86821
5.16 5.87015
5.17 5.87209
5.18 5.87402
5.19 5.87595
5.2 5.87788
5.21 5.87981
5.22 5.88173
5.23 5.88365
5.24 5.88557
5.25 5.88749
5.26 5.8894
5.27 5.89132
5.28 5.89323
5.29 5.89514
5.3 5.89704
5.31 5.89894
5.32 5.90085
5.33 5.90274
5.34 5.90464
5.35 5.90654
5.36 5.90843
5.37 5.91032
5.38 5.91221
5.39 5.91409
5.4 5.91597
5.41 5.91786
5.42 5.91973
5.43 5.92161
5.44 5.92349
5.45 5.92536
5.46 5.92723
5.47 5.9291
5.48 5.93096
5.49 5.93283
5.5 5.93469
5.51 5.93655
5.52 5.93841
5.53 5.94027
5.54 5.94212
5.55 5.94397
5.56 5.94582
5.57 5.94767
5.58 5.94952
5.59 5.95136
5.6 5.9532
5.61 5.95504
5.62 5.95688
5.63 5.95872
5.64 5.96056
5.65 5.96239
5.66 5.96422
5.67 5.96605
5.68 5.96788
5.69 5.96971
5.7 5.97153
5.71 5.97336
5.72 5.97518
5.73 5.977
5.74 5.97882
5.75 5.98064
5.76 5.98246
5.77 5.98427
5.78 5.98609
5.79 5.9879
5.8 5.98971
5.81 5.99153
5.82 5.99334
5.83 5.99514
5.84 5.99695
5.85 5.99876
5.86 6.00057
5.87 6.00237
5.88 6.00418
5.89 6.00598
5.9 6.00778
5.91 6.00959
5.92 6.01139
5.93 6.01319
5.94 6.01499
5.95 6.01679
5.96 6.01859
5.97 6.02039
5.98 6.02219
5.99 6.02399
6 6.02579
6.01 6.02759
6.02 6.02939
6.03 6.03119
6.04 6.03298
6.05 6.03478
6.06 6.03658
6.07 6.03838
6.08 6.04017
6.09 6.04197
6.1 6.04377
6.11 6.04557
6.12 6.04736
6.13 6.04916
6.14 6.05096
6.15 6.05276
6.16 6.05456
6.17 6.05635
6.18 6.05815
6.19 6.05995
6.2 6.06174
6.21 6.06354
6.22 6.06534
6.23 6.06713
6.24 6.06893
6.25 6.07073
6.26 6.07252
6.27 6.07432
6.28 6.07611
6.29 6.0779
6.3 6.0797
6.31 6.08149
6.32 6.08328
6.33 6.08507
6.34 6.08686
6.35 6.08864
6.36 6.09043
6.37 6.09221
6.38 6.09399
6.39 6.09577
6.4 6.09755
6.41 6.09932
6.42 6.10109
6.43 6.10286
6.44 6.10463
6.45 6.10639
6.46 6.10814
6.47 6.1099
6.48 6.11165
6.49 6.11339
6.5 6.11513
6.51 6.11686
6.52 6.11859
6.53 6.12031
6.54 6.12203
6.55 6.12373
6.56 6.12543
6.57 6.12712
6.58 6.12881
6.59 6.13048
6.6 6.13215
6.61 6.1338
6.62 6.13545
6.63 6.13708
6.64 6.13871
6.65 6.14032
6.66 6.14191
6.67 6.1435
6.68 6.14507
6.69 6.14662
6.7 6.14816
6.71 6.14968
6.72 6.15119
6.73 6.15268
6.74 6.15415
6.75 6.1556
6.76 6.15703
6.77 6.15844
6.78 6.15983
6.79 6.1612
6.8 6.16254
6.81 6.16385
6.82 6.16515
6.83 6.16641
6.84 6.16765
6.85 6.16886
6.86 6.17004
6.87 6.17119
6.88 6.17231
6.89 6.17339
6.9 6.17445
6.91 6.17546
6.92 6.17644
6.93 6.17739
6.94 6.17829
6.95 6.17916
6.96 6.17999
6.97 6.18077
6.98 6.18151
6.99 6.18221
7 6.18286
7.01 6.18346
7.02 6.18401
7.03 6.18452
7.04 6.18497
7.05 6.18537
7.06 6.18572
7.07 6.18602
7.08 6.18625
7.09 6.18643
7.1 6.18656
7.11 6.18662
7.12 6.18662
7.13 6.18655
7.14 6.18642
7.15 6.18623
7.16 6.18597
7.17 6.18564
7.18 6.18524
7.19 6.18477
7.2 6.18423
7.21 6.18362
7.22 6.18293
7.23 6.18216
7.24 6.18132
7.25 6.18039
7.26 6.17939
7.27 6.17831
7.28 6.17715
7.29 6.1759
7.3 6.17457
7.31 6.17315
7.32 6.17165
7.33 6.17006
7.34 6.16838
7.35 6.16661
7.36 6.16475
7.37 6.1628
7.38 6.16076
7.39 6.15863
7.4 6.1564
7.41 6.15408
7.42 6.15167
7.43 6.14916
7.44 6.14656
7.45 6.14386
7.46 6.14106
7.47 6.13817
7.48 6.13518
7.49 6.1321
7.5 6.12892
7.51 6.12564
7.52 6.12227
7.53 6.1188
7.54 6.11523
7.55 6.11156
7.56 6.1078
7.57 6.10395
7.58 6.1
7.59 6.09595
7.6 6.09181
7.61 6.08758
7.62 6.08326
7.63 6.07884
7.64 6.07433
7.65 6.06974
7.66 6.06505
7.67 6.06027
7.68 6.05541
7.69 6.05047
7.7 6.04543
7.71 6.04032
7.72 6.03512
7.73 6.02984
7.74 6.02449
7.75 6.01906
7.76 6.01355
7.77 6.00796
7.78 6.00231
7.79 5.99658
7.8 5.99078
7.81 5.98492
7.82 5.97899
7.83 5.973
7.84 5.96694
7.85 5.96083
7.86 5.95465
7.87 5.94842
7.88 5.94214
7.89 5.9358
7.9 5.92942
7.91 5.92298
7.92 5.9165
7.93 5.90997
7.94 5.9034
7.95 5.89679
7.96 5.89015
7.97 5.88346
7.98 5.87674
7.99 5.86999
8 5.8632
8.01 5.85639
8.02 5.84955
8.03 5.84269
8.04 5.8358
8.05 5.82889
8.06 5.82196
8.07 5.81501
8.08 5.80804
8.09 5.80106
8.1 5.79407
8.11 5.78707
8.12 5.78005
8.13 5.77303
8.14 5.766
8.15 5.75897
8.16 5.75193
8.17 5.74489
8.18 5.73785
8.19 5.73081
8.2 5.72377
8.21 5.71674
8.22 5.70971
8.23 5.70269
8.24 5.69567
8.25 5.68866
8.26 5.68166
8.27 5.67468
8.28 5.6677
8.29 5.66074
8.3 5.65379
8.31 5.64686
8.32 5.63994
8.33 5.63304
8.34 5.62615
8.35 5.61929
8.36 5.61245
8.37 5.60563
8.38 5.59882
8.39 5.59205
8.4 5.58529
8.41 5.57856
8.42 5.57185
8.43 5.56517
8.44 5.55852
8.45 5.55189
8.46 5.5453
8.47 5.53873
8.48 5.53218
8.49 5.52567
8.5 5.51919
8.51 5.51274
8.52 5.50633
8.53 5.49994
8.54 5.49359
8.55 5.48727
8.56 5.48099
8.57 5.47474
8.58 5.46852
8.59 5.46234
8.6 5.4562
8.61 5.45009
8.62 5.44402
8.63 5.43799
8.64 5.432
8.65 5.42604
8.66 5.42012
8.67 5.41424
8.68 5.4084
8.69 5.4026
8.7 5.39684
8.71 5.39112
8.72 5.38544
8.73 5.3798
8.74 5.3742
8.75 5.36864
8.76 5.36312
8.77 5.35765
8.78 5.35222
8.79 5.34683
8.8 5.34148
8.81 5.33617
8.82 5.33091
8.83 5.32569
8.84 5.32051
8.85 5.31537
8.86 5.31028
8.87 5.30523
8.88 5.30022
8.89 5.29525
8.9 5.29033
8.91 5.28545
8.92 5.28062
8.93 5.27582
8.94 5.27107
8.95 5.26637
8.96 5.2617
8.97 5.25708
8.98 5.2525
8.99 5.24796
9 5.24347
9.01 5.23901
9.02 5.2346
9.03 5.23023
9.04 5.22591
9.05 5.22162
9.06 5.21737
9.07 5.21317
9.08 5.20901
9.09 5.20489
9.1 5.20081
9.11 5.19676
9.12 5.19276
9.13 5.1888
9.14 5.18488
9.15 5.181
9.16 5.17715
9.17 5.17335
9.18 5.16958
9.19 5.16585
9.2 5.16216
9.21 5.15851
9.22 5.15489
9.23 5.15132
9.24 5.14777
9.25 5.14427
9.26 5.1408
9.27 5.13736
9.28 5.13396
9.29 5.1306
9.3 5.12726
9.31 5.12397
9.32 5.12071
9.33 5.11748
9.34 5.11428
9.35 5.11112
9.36 5.10799
9.37 5.10489
9.38 5.10182
9.39 5.09878
9.4 5.09578
9.41 5.0928
9.42 5.08986
9.43 5.08694
9.44 5.08406
9.45 5.0812
9.46 5.07837
9.47 5.07558
9.48 5.0728
9.49 5.07006
9.5 5.06734
9.51 5.06465
9.52 5.06199
9.53 5.05935
9.54 5.05674
9.55 5.05415
9.56 5.05159
9.57 5.04906
9.58 5.04655
9.59 5.04406
9.6 5.04159
9.61 5.03915
9.62 5.03673
9.63 5.03434
9.64 5.03196
9.65 5.02961
9.66 5.02728
9.67 5.02497
9.68 5.02269
9.69 5.02042
9.7 5.01817
9.71 5.01594
9.72 5.01374
9.73 5.01155
9.74 5.00938
9.75 5.00723
9.76 5.0051
9.77 5.00299
9.78 5.00089
9.79 4.99881
9.8 4.99675
9.81 4.99471
9.82 4.99268
9.83 4.99067
9.84 4.98868
9.85 4.9867
9.86 4.98474
9.87 4.98279
9.88 4.98086
9.89 4.97894
9.9 4.97704
9.91 4.97515
9.92 4.97327
9.93 4.97141
9.94 4.96957
9.95 4.96773
9.96 4.96592
9.97 4.96411
9.98 4.96232
9.99 4.96053
10 4.95877
10.001 5
