0 -10
0.01 -8.47141
0.02 -8.46751
0.03 -8.4636
0.04 -8.45967
0.05 -8.45573
0.06 -8.45177
0.07 -8.4478
0.08 -8.44381
0.09 -8.43981
0.1 -8.43579
0.11 -8.43175
0.12 -8.42771
0.13 -8.42364
0.14 -8.41956
0.15 -8.41547
0.16 -8.41136
0.17 -8.40723
0.18 -8.40309
0.19 -8.39894
0.2 -8.39477
0.21 -8.39058
0.22 -8.38638
0.23 -8.38216
0.24 -8.37792
0.25 -8.37367
0.26 -8.36941
0.27 -8.36513
0.28 -8.36083
0.29 -8.35652
0.3 -8.35219
0.31 -8.34784
0.32 -8.34348
0.33 -8.3391
0.34 -8.33471
0.35 -8.3303
0.36 -8.32587
0.37 -8.32143
0.38 -8.31697
0.39 -8.3125
0.4 -8.308
0.41 -8.3035
0.42 -8.29897
0.43 -8.29443
0.44 -8.28987
0.45 -8.28529
0.46 -8.2807
0.47 -8.27609
0.48 -8.27146
0.49 -8.26681
0.5 -8.26215
0.51 -8.25747
0.52 -8.25277
0.53 -8.24806
0.54 -8.24332
0.55 -8.23857
0.56 -8.2338
0.57 -8.22902
0.58 -8.22421
0.59 -8.21939
0.6 -8.21454
0.61 -8.20968
0.62 -8.2048
0.63 -8.1999
0.64 -8.19498
0.65 -8.19004
0.66 -8.18509
0.67 -8.18011
0.68 -8.17511
0.69 -8.1701
0.7 -8.16506
0.71 -8.16
0.72 -8.15492
0.73 -8.14983
0.74 -8.14471
0.75 -8.13957
0.76 -8.13441
0.77 -8.12922
0.78 -8.12402
0.79 -8.11879
0.8 -8.11354
0.81 -8.10827
0.82 -8.10298
0.83 -8.09766
0.84 -8.09232
0.85 -8.08696
0.86 -8.08157
0.87 -8.07616
0.88 -8.07072
0.89 -8.06526
0.9 -8.05977
0.91 -8.05426
0.92 -8.04873
0.93 -8.04316
0.94 -8.03758
0.95 -8.03196
0.96 -8.02632
0.97 -8.02065
0.98 -8.01495
0.99 -8.00922
1 -8.00347
1.01 -7.99769
1.02 -7.99187
1.03 -7.98603
1.04 -7.98016
1.05 -7.97425
1.06 -7.96832
1.07 -7.96235
1.08 -7.95636
1.09 -7.95032
1.1 -7.94426
1.11 -7.93816
1.12 -7.93203
1.13 -7.92586
1.14 -7.91966
1.15 -7.91342
1.16 -7.90715
1.17 -7.90084
1.18 -7.89449
1.19 -7.88811
1.2 -7.88168
1.21 -7.87522
1.22 -7.86872
1.23 -7.86217
1.24 -7.85559
1.25 -7.84896
1.26 -7.84229
1.27 -7.83558
1.28 -7.82883
1.29 -7.82203
1.3 -7.81518
1.31 -7.80829
1.32 -7.80136
1.33 -7.79438
1.34 -7.78735
1.35 -7.78027
1.36 -7.77314
1.37 -7.76596
1.38 -7.75874
1.39 -7.75146
1.4 -7.74413
1.41 -7.73675
1.42 -7.72931
1.43 -7.72182
1.44 -7.71428
1.45 -7.70668
1.46 -7.69902
1.47 -7.69131
1.48 -7.68354
1.49 -7.67571
1.5 -7.66783
1.51 -7.65988
1.52 -7.65188
1.53 -7.64381
1.54 -7.63568
1.55 -7.62749
1.56 -7.61924
1.57 -7.61093
1.58 -7.60255
1.59 -7.5941
1.6 -7.5856
1.61 -7.57702
1.62 -7.56838
1.63 -7.55968
1.64 -7.5509
1.65 -7.54206
1.66 -7.53315
1.67 -7.52418
1.68 -7.51513
1.69 -7.50602
1.7 -7.49683
1.71 -7.48758
1.72 -7.47826
1.73 -7.46886
1.74 -7.4594
1.75 -7.44987
1.76 -7.44026
1.77 -7.43059
1.78 -7.42084
1.79 -7.41102
1.8 -7.40114
1.81 -7.39118
1.82 -7.38115
1.83 -7.37105
1.84 -7.36088
1.85 -7.35065
1.86 -7.34034
1.87 -7.32996
1.88 -7.31952
1.89 -7.30901
1.9 -7.29843
1.91 -7.28778
1.92 -7.27706
1.93 -7.26629
1.94 -7.25544
1.95 -7.24454
1.96 -7.23357
1.97 -7.22253
1.98 -7.21144
1.99 -7.20029
2 -7.18908
2.01 -7.17781
2.02 -7.16648
2.03 -7.1551
2.04 -7.14367
2.05 -7.13218
2.06 -7.12065
2.07 -7.10906
2.08 -7.09743
2.09 -7.08575
2.1 -7.07403
2.11 -7.06227
2.12 -7.05046
2.13 -7.03862
2.14 -7.02674
2.15 -7.01483
2.16 -7.00289
2.17 -6.99092
2.18 -6.97892
2.19 -6.96689
2.2 -6.95484
2.21 -6.94277
2.22 -6.93068
2.23 -6.91858
2.24 -6.90646
2.25 -6.89433
2.26 -6.8822
2.27 -6.87005
2.28 -6.85791
2.29 -6.84576
2.3 -6.83362
2.31 -6.82147
2.32 -6.80934
2.33 -6.79722
2.34 -6.78511
2.35 -6.77301
2.36 -6.76093
2.37 -6.74888
2.38 -6.73684
2.39 -6.72484
2.4 -6.71286
2.41 -6.70091
2.42 -6.68899
2.43 -6.67712
2.44 -6.66528
2.45 -6.65348
2.46 -6.64172
2.47 -6.63002
2.48 -6.61836
2.49 -6.60675
2.5 -6.5952
2.51 -6.5837
2.52 -6.57226
2.53 -6.56089
2.54 -6.54957
2.55 -6.53832
2.56 -6.52714
2.57 -6.51602
2.58 -6.50498
2.59 -6.49401
2.6 -6.48311
2.61 -6.47229
2.62 -6.46155
2.63 -6.45089
2.64 -6.44031
2.65 -6.42982
2.66 -6.41941
2.67 -6.40908
2.68 -6.39884
2.69 -6.38869
2.7 -6.37863
2.71 -6.36866
2.72 -6.35878
2.73 -6.34899
2.74 -6.3393
2.75 -6.32971
2.76 -6.3202
2.77 -6.3108
2.78 -6.30149
2.79 -6.29227
2.8 -6.28316
2.81 -6.27414
2.82 -6.26522
2.83 -6.2564
2.84 -6.24768
2.85 -6.23906
2.86 -6.23054
2.87 -6.22211
2.88 -6.21379
2.89 -6.20556
2.9 -6.19744
2.91 -6.18941
2.92 -6.18148
2.93 -6.17366
2.94 -6.16593
2.95 -6.15829
2.96 -6.15076
2.97 -6.14332
2.98 -6.13598
2.99 -6.12874
3 -6.12159
3.01 -6.11454
3.02 -6.10758
3.03 -6.10072
3.04 -6.09395
3.05 -6.08727
3.06 -6.08069
3.07 -6.07419
3.08 -6.06779
3.09 -6.06148
3.1 -6.05525
3.11 -6.04911
3.12 -6.04307
3.13 -6.0371
3.14 -6.03123
3.15 -6.02543
3.16 -6.01973
3.17 -6.0141
3.18 -6.00856
3.19 -6.0031
3.2 -5.99771
3.21 -5.99241
3.22 -5.98719
3.23 -5.98204
3.24 -5.97697
3.25 -5.97197
3.26 -5.96705
3.27 -5.96221
3.28 -5.95743
3.29 -5.95273
3.3 -5.94809
3.31 -5.94353
3.32 -5.93904
3.33 -5.93461
3.34 -5.93025
3.35 -5.92596
3.36 -5.92173
3.37 -5.91756
3.38 -5.91346
3.39 -5.90942
3.4 -5.90544
3.41 -5.90152
3.42 -5.89766
3.43 -5.89386
3.44 -5.89011
3.45 -5.88642
3.46 -5.88279
3.47 -5.87921
3.48 -5.87569
3.49 -5.87222
3.5 -5.8688
3.51 -5.86543
3.52 -5.86212
3.53 -5.85885
3.54 -5.85563
3.55 -5.85246
3.56 -5.84934
3.57 -5.84627
3.58 -5.84324
3.59 -5.84025
3.6 -5.83731
3.61 -5.83441
3.62 -5.83156
3.63 -5.82875
3.64 -5.82598
3.65 -5.82325
3.66 -5.82056
3.67 -5.81791
3.68 -5.81529
3.69 -5.81272
3.7 -5.81018
3.71 -5.80768
3.72 -5.80522
3.73 -5.80279
3.74 -5.8004
3.75 -5.79804
3.76 -5.79572
3.77 -5.79342
3.78 -5.79116
3.79 -5.78894
3.8 -5.78674
3.81 -5.78458
3.82 -5.78244
3.83 -5.78034
3.84 -5.77826
3.85 -5.77621
3.86 -5.7742
3.87 -5.77221
3.88 -5.77024
3.89 -5.76831
3.9 -5.7664
3.91 -5.76452
3.92 -5.76266
3.93 -5.76083
3.94 -5.75902
3.95 -5.75723
3.96 -5.75548
3.97 -5.75374
3.98 -5.75203
3.99 -5.75034
4 -5.74867
4.01 -5.74703
4.02 -5.7454
4.03 -5.7438
4.04 -5.74222
4.05 -5.74066
4.06 -5.73912
4.07 -5.7376
4.08 -5.7361
4.09 -5.73461
4.1 -5.73315
4.11 -5.73171
4.12 -5.73028
4.13 -5.72888
4.14 -5.72749
4.15 -5.72612
4.16 -5.72476
4.17 -5.72342
4.18 -5.7221
4.19 -5.7208
4.2 -5.71951
4.21 -5.71824
4.22 -5.71698
4.23 -5.71574
4.24 -5.71452
4.25 -5.71331
4.26 -5.71211
4.27 -5.71093
4.28 -5.70977
4.29 -5.70862
4.3 -5.70748
4.31 -5.70635
4.32 -5.70524
4.33 -5.70415
4.34 -5.70306
4.35 -5.70199
4.36 -5.70094
4.37 -5.69989
4.38 -5.69886
4.39 -5.69784
4.4 -5.69683
4.41 -5.69584
4.42 -5.69485
4.43 -5.69388
4.44 -5.69292
4.45 -5.69197
4.46 -5.69104
4.47 -5.69011
4.48 -5.6892
4.49 -5.68829
4.5 -5.6874
4.51 -5.68652
4.52 -5.68564
4.53 -5.68478
4.54 -5.68393
4.55 -5.68309
4.56 -5.68226
4.57 -5.68144
4.58 -5.68063
4.59 -5.67983
4.6 -5.67903
4.61 -5.67825
4.62 -5.67748
4.63 -5.67671
4.64 -5.67596
4.65 -5.67522
4.66 -5.67448
4.67 -5.67375
4.68 -5.67303
4.69 -5.67232
4.7 -5.67162
4.71 -5.67093
4.72 -5.67025
4.73 -5.66957
4.74 -5.6689
4.75 -5.66825
4.76 -5.6676
4.77 -5.66695
4.78 -5.66632
4.79 -5.66569
4.8 -5.66507
4.81 -5.66446
4.82 -5.66386
4.83 -5.66326
4.84 -5.66267
4.85 -5.66209
4.86 -5.66152
4.87 -5.66095
4.88 -5.6604
4.89 -5.65984
4.9 -5.6593
4.91 -5.65876
4.92 -5.65823
4.93 -5.65771
4.94 -5.65719
4.95 -5.65668
4.96 -5.65618
4.97 -5.65568
4.98 -5.65519
4.99 -5.65471
5 -5.65423
5.01 -5.65376
5.02 -5.65329
5.03 -5.65283
5.04 -5.65238
5.05 -5.65193
5.06 -5.65149
5.07 -5.65106
5.08 -5.65063
5.09 -5.65021
5.1 -5.64979
5.11 -5.64937
5.12 -5.64897
5.13 -5.64857
5.14 -5.64817
5.15 -5.64778
5.16 -5.64739
5.17 -5.64701
5.18 -5.64663
5.19 -5.64626
5.2 -5.64589
5.21 -5.64553
5.22 -5.64517
5.23 -5.64482
5.24 -5.64447
5.25 -5.64413
5.26 -5.64379
5.27 -5.64345
5.28 -5.64312
5.29 -5.64279
5.3 -5.64246
5.31 -5.64214
5.32 -5.64182
5.33 -5.64151
5.34 -5.6412
5.35 -5.64089
5.36 -5.64058
5.37 -5.64028
5.38 -5.63998
5.39 -5.63969
5.4 -5.63939
5.41 -5.6391
5.42 -5.63881
5.43 -5.63853
5.44 -5.63824
5.45 -5.63796
5.46 -5.63768
5.47 -5.6374
5.48 -5.63712
5.49 -5.63684
5.5 -5.63657
5.51 -5.6363
5.52 -5.63602
5.53 -5.63575
5.54 -5.63548
5.55 -5.63521
5.56 -5.63494
5.57 -5.63467
5.58 -5.63441
5.59 -5.63414
5.6 -5.63387
5.61 -5.6336
5.62 -5.63333
5.63 -5.63306
5.64 -5.63279
5.65 -5.63252
5.66 -5.63225
5.67 -5.63198
5.68 -5.6317
5.69 -5.63143
5.7 -5.63115
5.71 -5.63088
5.72 -5.6306
5.73 -5.63032
5.74 -5.63003
5.75 -5.62975
5.76 -5.62946
5.77 -5.62917
5.78 -5.62888
5.79 -5.62859
5.8 -5.62829
5.81 -5.62799
5.82 -5.62769
5.83 -5.62738
5.84 -5.62707
5.85 -5.62676
5.86 -5.62644
5.87 -5.62612
5.88 -5.6258
5.89 -5.62548
5.9 -5.62515
5.91 -5.62481
5.92 -5.62447
5.93 -5.62413
5.94 -5.62378
5.95 -5.62343
5.96 -5.62308
5.97 -5.62272
5.98 -5.62235
5.99 -5.62199
6 -5.62161
6.01 -5.62123
6.02 -5.62085
6.03 -5.62046
6.04 -5.62007
6.05 -5.61967
6.06 -5.61927
6.07 -5.61886
6.08 -5.61845
6.09 -5.61803
6.1 -5.61761
6.11 -5.61718
6.12 -5.61675
6.13 -5.61631
6.14 -5.61587
6.15 -5.61542
6.16 -5.61497
6.17 -5.61451
6.18 -5.61405
6.19 -5.61358
6.2 -5.61311
6.21 -5.61263
6.22 -5.61215
6.23 -5.61167
6.24 -5.61118
6.25 -5.61068
6.26 -5.61018
6.27 -5.60968
6.28 -5.60917
6.29 -5.60866
6.3 -5.60815
6.31 -5.60763
6.32 -5.60711
6.33 -5.60658
6.34 -5.60605
6.35 -5.60552
6.36 -5.60499
6.37 -5.60445
6.38 -5.60392
6.39 -5.60338
6.4 -5.60284
6.41 -5.60229
6.42 -5.60175
6.43 -5.60121
6.44 -5.60066
6.45 -5.60012
6.46 -5.59957
6.47 -5.59903
6.48 -5.59849
6.49 -5.59795
6.5 -5.59741
6.51 -5.59687
6.52 -5.59633
6.53 -5.5958
6.54 -5.59527
6.55 -5.59475
6.56 -5.59423
6.57 -5.59372
6.58 -5.59321
6.59 -5.59271
6.6 -5.59221
6.61 -5.59172
6.62 -5.59124
6.63 -5.59077
6.64 -5.59031
6.65 -5.58985
6.66 -5.58941
6.67 -5.58898
6.68 -5.58856
6.69 -5.58815
6.7 -5.58775
6.71 -5.58737
6.72 -5.58701
6.73 -5.58666
6.74 -5.58632
6.75 -5.58601
6.76 -5.58571
6.77 -5.58543
6.78 -5.58517
6.79 -5.58493
6.8 -5.58471
6.81 -5.58452
6.82 -5.58435
6.83 -5.5842
6.84 -5.58408
6.85 -5.58398
6.86 -5.58391
6.87 -5.58388
6.88 -5.58387
6.89 -5.58389
6.9 -5.58394
6.91 -5.58403
6.92 -5.58415
6.93 -5.5843
6.94 -5.58449
6.95 -5.58472
6.96 -5.58499
6.97 -5.5853
6.98 -5.58565
6.99 -5.58604
7 -5.58647
7.01 -5.58695
7.02 -5.58748
7.03 -5.58805
7.04 -5.58867
7.05 -5.58934
7.06 -5.59006
7.07 -5.59084
7.08 -5.59167
7.09 -5.59255
7.1 -5.59349
7.11 -5.59449
7.12 -5.59554
7.13 -5.59666
7.14 -5.59784
7.15 -5.59908
7.16 -5.60039
7.17 -5.60176
7.18 -5.6032
7.19 -5.6047
7.2 -5.60628
7.21 -5.60793
7.22 -5.60965
7.23 -5.61144
7.24 -5.61331
7.25 -5.61525
7.26 -5.61727
7.27 -5.61937
7.28 -5.62155
7.29 -5.62381
7.3 -5.62615
7.31 -5.62857
7.32 -5.63108
7.33 -5.63368
7.34 -5.63636
7.35 -5.63913
7.36 -5.64198
7.37 -5.64493
7.38 -5.64796
7.39 -5.65109
7.4 -5.65431
7.41 -5.65763
7.42 -5.66103
7.43 -5.66454
7.44 -5.66813
7.45 -5.67183
7.46 -5.67562
7.47 -5.67951
7.48 -5.68349
7.49 -5.68758
7.5 -5.69176
7.51 -5.69605
7.52 -5.70043
7.53 -5.70491
7.54 -5.7095
7.55 -5.71419
7.56 -5.71897
7.57 -5.72386
7.58 -5.72885
7.59 -5.73394
7.6 -5.73914
7.61 -5.74443
7.62 -5.74983
7.63 -5.75533
7.64 -5.76093
7.65 -5.76663
7.66 -5.77243
7.67 -5.77833
7.68 -5.78433
7.69 -5.79043
7.7 -5.79663
7.71 -5.80293
7.72 -5.80933
7.73 -5.81582
7.74 -5.82241
7.75 -5.8291
7.76 -5.83588
7.77 -5.84276
7.78 -5.84973
7.79 -5.8568
7.8 -5.86395
7.81 -5.8712
7.82 -5.87854
7.83 -5.88597
7.84 -5.89348
7.85 -5.90109
7.86 -5.90878
7.87 -5.91656
7.88 -5.92442
7.89 -5.93236
7.9 -5.94039
7.91 -5.9485
7.92 -5.95668
7.93 -5.96495
7.94 -5.97329
7.95 -5.98171
7.96 -5.99021
7.97 -5.99878
7.98 -6.00742
7.99 -6.01614
8 -6.02492
8.01 -6.03377
8.02 -6.0427
8.03 -6.05168
8.04 -6.06074
8.05 -6.06986
8.06 -6.07904
8.07 -6.08828
8.08 -6.09759
8.09 -6.10695
8.1 -6.11637
8.11 -6.12585
8.12 -6.13539
8.13 -6.14498
8.14 -6.15462
8.15 -6.16432
8.16 -6.17406
8.17 -6.18386
8.18 -6.19371
8.19 -6.2036
8.2 -6.21354
8.21 -6.22352
8.22 -6.23355
8.23 -6.24363
8.24 -6.25374
8.25 -6.26389
8.26 -6.27409
8.27 -6.28432
8.28 -6.29459
8.29 -6.30489
8.3 -6.31524
8.31 -6.32561
8.32 -6.33602
8.33 -6.34646
8.34 -6.35693
8.35 -6.36742
8.36 -6.37795
8.37 -6.38851
8.38 -6.39909
8.39 -6.40969
8.4 -6.42032
8.41 -6.43097
8.42 -6.44165
8.43 -6.45234
8.44 -6.46306
8.45 -6.47379
8.46 -6.48454
8.47 -6.49531
8.48 -6.50609
8.49 -6.51688
8.5 -6.52769
8.51 -6.53851
8.52 -6.54934
8.53 -6.56018
8.54 -6.57103
8.55 -6.58189
8.56 -6.59275
8.57 -6.60362
8.58 -6.6145
8.59 -6.62537
8.6 -6.63625
8.61 -6.64714
8.62 -6.65802
8.63 -6.6689
8.64 -6.67978
8.65 -6.69065
8.66 -6.70152
8.67 -6.71239
8.68 -6.72325
8.69 -6.73411
8.7 -6.74495
8.71 -6.75579
8.72 -6.76662
8.73 -6.77744
8.74 -6.78824
8.75 -6.79904
8.76 -6.80982
8.77 -6.82058
8.78 -6.83133
8.79 -6.84207
8.8 -6.85278
8.81 -6.86348
8.82 -6.87416
8.83 -6.88482
8.84 -6.89546
8.85 -6.90608
8.86 -6.91668
8.87 -6.92725
8.88 -6.9378
8.89 -6.94832
8.9 -6.95882
8.91 -6.9693
8.92 -6.97974
8.93 -6.99016
8.94 -7.00055
8.95 -7.01091
8.96 -7.02124
8.97 -7.03155
8.98 -7.04182
8.99 -7.05205
9 -7.06226
9.01 -7.07244
9.02 -7.08258
9.03 -7.09268
9.04 -7.10275
9.05 -7.11279
9.06 -7.12279
9.07 -7.13276
9.08 -7.14268
9.09 -7.15257
9.1 -7.16243
9.11 -7.17224
9.12 -7.18202
9.13 -7.19176
9.14 -7.20145
9.15 -7.21111
9.16 -7.22073
9.17 -7.23031
9.18 -7.23985
9.19 -7.24934
9.2 -7.2588
9.21 -7.26821
9.22 -7.27758
9.23 -7.28691
9.24 -7.29619
9.25 -7.30543
9.26 -7.31463
9.27 -7.32379
9.28 -7.3329
9.29 -7.34197
9.3 -7.35099
9.31 -7.35997
9.32 -7.36891
9.33 -7.3778
9.34 -7.38665
9.35 -7.39545
9.36 -7.40421
9.37 -7.41292
9.38 -7.42159
9.39 -7.43022
9.4 -7.43879
9.41 -7.44733
9.42 -7.45582
9.43 -7.46426
9.44 -7.47266
9.45 -7.48101
9.46 -7.48932
9.47 -7.49758
9.48 -7.5058
9.49 -7.51398
9.5 -7.52211
9.51 -7.53019
9.52 -7.53823
9.53 -7.54623
9.54 -7.55418
9.55 -7.56209
9.56 -7.56995
9.57 -7.57777
9.58 -7.58555
9.59 -7.59328
9.6 -7.60097
9.61 -7.60861
9.62 -7.61622
9.63 -7.62377
9.64 -7.63129
9.65 -7.63877
9.66 -7.6462
9.67 -7.65359
9.68 -7.66093
9.69 -7.66824
9.7 -7.67551
9.71 -7.68273
9.72 -7.68991
9.73 -7.69705
9.74 -7.70415
9.75 -7.71122
9.76 -7.71824
9.77 -7.72522
9.78 -7.73216
9.79 -7.73907
9.8 -7.74593
9.81 -7.75276
9.82 -7.75954
9.83 -7.76629
9.84 -7.773
9.85 -7.77968
9.86 -7.78632
9.87 -7.79292
9.88 -7.79948
9.89 -7.80601
9.9 -7.8125
9.91 -7.81896
9.92 -7.82538
9.93 -7.83176
9.94 -7.83811
9.95 -7.84443
9.96 -7.85071
9.97 -7.85696
9.98 -7.86318
9.99 -7.86936
10 -7.87551
10.001 -10
