0 5
0.01 3.97519
0.02 3.97586
0.03 3.97653
0.04 3.9772
0.05 3.97789
0.06 3.97858
0.07 3.97928
0.08 3.97999
0.09 3.9807
0.1 3.98142
0.11 3.98215
0.12 3.98289
0.13 3.98364
0.14 3.98439
0.15 3.98515
0.16 3.98593
0.17 3.98671
0.18 3.98749
0.19 3.98829
0.2 3.9891
0.21 3.98991
0.22 3.99073
0.23 3.99157
0.24 3.99241
0.25 3.99326
0.26 3.99412
0.27 3.99499
0.28 3.99587
0.29 3.99676
0.3 3.99766
0.31 3.99857
0.32 3.99949
0.33 4.00042
0.34 4.00136
0.35 4.00232
0.36 4.00328
0.37 4.00425
0.38 4.00524
0.39 4.00623
0.4 4.00724
0.41 4.00826
0.42 4.00928
0.43 4.01033
0.44 4.01138
0.45 4.01244
0.46 4.01352
0.47 4.01461
0.48 4.01571
0.49 4.01682
0.5 4.01795
0.51 4.01909
0.52 4.02024
0.53 4.02141
0.54 4.02259
0.55 4.02378
0.56 4.02498
0.57 4.0262
0.58 4.02744
0.59 4.02869
0.6 4.02995
0.61 4.03122
0.62 4.03251
0.63 4.03382
0.64 4.03514
0.65 4.03647
0.66 4.03783
0.67 4.03919
0.68 4.04057
0.69 4.04197
0.7 4.04339
0.71 4.04481
0.72 4.04626
0.73 4.04772
0.74 4.0492
0.75 4.0507
0.76 4.05221
0.77 4.05375
0.78 4.05529
0.79 4.05686
0.8 4.05845
0.81 4.06005
0.82 4.06167
0.83 4.06331
0.84 4.06497
0.85 4.06665
0.86 4.06835
0.87 4.07006
0.88 4.0718
0.89 4.07356
0.9 4.07534
0.91 4.07714
0.92 4.07895
0.93 4.0808
0.94 4.08266
0.95 4.08454
0.96 4.08645
0.97 4.08838
0.98 4.09033
0.99 4.0923
1 4.0943
1.01 4.09632
1.02 4.09836
1.03 4.10043
1.04 4.10253
1.05 4.10465
1.06 4.10679
1.07 4.10896
1.08 4.11116
1.09 4.11338
1.1 4.11563
1.11 4.1179
1.12 4.12021
1.13 4.12254
1.14 4.1249
1.15 4.12729
1.16 4.12971
1.17 4.13216
1.18 4.13464
1.19 4.13715
1.2 4.13969
1.21 4.14226
1.22 4.14487
1.23 4.1475
1.24 4.15018
1.25 4.15288
1.26 4.15562
1.27 4.1584
1.28 4.16121
1.29 4.16406
1.3 4.16694
1.31 4.16986
1.32 4.17282
1.33 4.17582
1.34 4.17886
1.35 4.18194
1.36 4.18507
1.37 4.18823
1.38 4.19144
1.39 4.19468
1.4 4.19798
1.41 4.20132
1.42 4.2047
1.43 4.20813
1.44 4.21161
1.45 4.21514
1.46 4.21872
1.47 4.22235
1.48 4.22602
1.49 4.22976
1.5 4.23354
1.51 4.23738
1.52 4.24127
1.53 4.24522
1.54 4.24923
1.55 4.25329
1.56 4.25742
1.57 4.2616
1.58 4.26585
1.59 4.27016
1.6 4.27453
1.61 4.27896
1.62 4.28347
1.63 4.28804
1.64 4.29267
1.65 4.29738
1.66 4.30216
1.67 4.30701
1.68 4.31193
1.69 4.31692
1.7 4.32199
1.71 4.32714
1.72 4.33236
1.73 4.33766
1.74 4.34305
1.75 4.34851
1.76 4.35405
1.77 4.35968
1.78 4.36539
1.79 4.37118
1.8 4.37707
1.81 4.38303
1.82 4.38909
1.83 4.39523
1.84 4.40147
1.85 4.40779
1.86 4.41421
1.87 4.42072
1.88 4.42732
1.89 4.43401
1.9 4.4408
1.91 4.44768
1.92 4.45466
1.93 4.46173
1.94 4.4689
1.95 4.47616
1.96 4.48352
1.97 4.49097
1.98 4.49852
1.99 4.50617
2 4.51391
2.01 4.52175
2.02 4.52968
2.03 4.5377
2.04 4.54582
2.05 4.55403
2.06 4.56233
2.07 4.57072
2.08 4.5792
2.09 4.58777
2.1 4.59642
2.11 4.60516
2.12 4.61398
2.13 4.62289
2.14 4.63187
2.15 4.64093
2.16 4.65006
2.17 4.65927
2.18 4.66854
2.19 4.67789
2.2 4.68729
2.21 4.69676
2.22 4.70629
2.23 4.71587
2.24 4.72551
2.25 4.7352
2.26 4.74493
2.27 4.7547
2.28 4.76451
2.29 4.77435
2.3 4.78423
2.31 4.79414
2.32 4.80406
2.33 4.81401
2.34 4.82397
2.35 4.83395
2.36 4.84393
2.37 4.85392
2.38 4.86391
2.39 4.87389
2.4 4.88387
2.41 4.89383
2.42 4.90378
2.43 4.91371
2.44 4.92362
2.45 4.9335
2.46 4.94335
2.47 4.95316
2.48 4.96294
2.49 4.97268
2.5 4.98237
2.51 4.99202
2.52 5.00162
2.53 5.01116
2.54 5.02065
2.55 5.03008
2.56 5.03945
2.57 5.04876
2.58 5.058
2.59 5.06717
2.6 5.07627
2.61 5.0853
2.62 5.09425
2.63 5.10313
2.64 5.11193
2.65 5.12065
2.66 5.1293
2.67 5.13786
2.68 5.14634
2.69 5.15473
2.7 5.16304
2.71 5.17126
2.72 5.1794
2.73 5.18746
2.74 5.19542
2.75 5.2033
2.76 5.21109
2.77 5.21879
2.78 5.22641
2.79 5.23393
2.8 5.24137
2.81 5.24872
2.82 5.25598
2.83 5.26316
2.84 5.27025
2.85 5.27725
2.86 5.28417
2.87 5.291
2.88 5.29774
2.89 5.3044
2.9 5.31098
2.91 5.31747
2.92 5.32389
2.93 5.33021
2.94 5.33646
2.95 5.34263
2.96 5.34872
2.97 5.35473
2.98 5.36066
2.99 5.36652
3 5.3723
3.01 5.378
3.02 5.38363
3.03 5.38919
3.04 5.39467
3.05 5.40008
3.06 5.40543
3.07 5.4107
3.08 5.4159
3.09 5.42104
3.1 5.42611
3.11 5.43111
3.12 5.43605
3.13 5.44093
3.14 5.44574
3.15 5.45049
3.16 5.45518
3.17 5.45981
3.18 5.46438
3.19 5.46889
3.2 5.47334
3.21 5.47774
3.22 5.48208
3.23 5.48637
3.24 5.4906
3.25 5.49478
3.26 5.49891
3.27 5.50299
3.28 5.50701
3.29 5.51099
3.3 5.51492
3.31 5.5188
3.32 5.52263
3.33 5.52641
3.34 5.53015
3.35 5.53384
3.36 5.53749
3.37 5.5411
3.38 5.54466
3.39 5.54818
3.4 5.55166
3.41 5.55509
3.42 5.55849
3.43 5.56185
3.44 5.56517
3.45 5.56845
3.46 5.57169
3.47 5.57489
3.48 5.57806
3.49 5.58119
3.5 5.58429
3.51 5.58735
3.52 5.59038
3.53 5.59338
3.54 5.59634
3.55 5.59927
3.56 5.60216
3.57 5.60503
3.58 5.60786
3.59 5.61067
3.6 5.61344
3.61 5.61618
3.62 5.6189
3.63 5.62158
3.64 5.62424
3.65 5.62687
3.66 5.62948
3.67 5.63205
3.68 5.6346
3.69 5.63713
3.7 5.63963
3.71 5.6421
3.72 5.64455
3.73 5.64697
3.74 5.64938
3.75 5.65175
3.76 5.65411
3.77 5.65644
3.78 5.65875
3.79 5.66103
3.8 5.6633
3.81 5.66554
3.82 5.66776
3.83 5.66996
3.84 5.67215
3.85 5.67431
3.86 5.67645
3.87 5.67857
3.88 5.68067
3.89 5.68275
3.9 5.68482
3.91 5.68687
3.92 5.68889
3.93 5.69091
3.94 5.6929
3.95 5.69488
3.96 5.69683
3.97 5.69878
3.98 5.7007
3.99 5.70261
4 5.70451
4.01 5.70639
4.02 5.70825
4.03 5.7101
4.04 5.71193
4.05 5.71375
4.06 5.71555
4.07 5.71734
4.08 5.71911
4.09 5.72087
4.1 5.72262
4.11 5.72436
4.12 5.72608
4.13 5.72778
4.14 5.72948
4.15 5.73116
4.16 5.73283
4.17 5.73449
4.18 5.73613
4.19 5.73776
4.2 5.73939
4.21 5.741
4.22 5.74259
4.23 5.74418
4.24 5.74576
4.25 5.74732
4.26 5.74887
4.27 5.75042
4.28 5.75195
4.29 5.75347
4.3 5.75498
4.31 5.75648
4.32 5.75798
4.33 5.75946
4.34 5.76093
4.35 5.76239
4.36 5.76385
4.37 5.76529
4.38 5.76673
4.39 5.76815
4.4 5.76957
4.41 5.77098
4.42 5.77238
4.43 5.77377
4.44 5.77515
4.45 5.77652
4.46 5.77789
4.47 5.77925
4.48 5.7806
4.49 5.78194
4.5 5.78328
4.51 5.7846
4.52 5.78592
4.53 5.78723
4.54 5.78854
4.55 5.78983
4.56 5.79112
4.57 5.7924
4.58 5.79368
4.59 5.79495
4.6 5.79621
4.61 5.79746
4.62 5.79871
4.63 5.79995
4.64 5.80119
4.65 5.80242
4.66 5.80364
4.67 5.80485
4.68 5.80606
4.69 5.80726
4.7 5.80846
4.71 5.80965
4.72 5.81084
4.73 5.81202
4.74 5.81319
4.75 5.81436
4.76 5.81552
4.77 5.81667
4.78 5.81782
4.79 5.81897
4.8 5.82011
4.81 5.82124
4.82 5.82237
4.83 5.82349
4.84 5.82461
4.85 5.82572
4.86 5.82683
4.87 5.82793
4.88 5.82903
4.89 5.83012
4.9 5.83121
4.91 5.83229
4.92 5.83337
4.93 5.83444
4.94 5.83551
4.95 5.83658
4.96 5.83763
4.97 5.83869
4.98 5.83974
4.99 5.84078
5 5.84182
5.01 5.84286
5.02 5.84389
5.03 5.84492
5.04 5.84594
5.05 5.84696
5.06 5.84798
5.07 5.84899
5.08 5.85
5.09 5.851
5.1 5.852
5.11 5.85299
5.12 5.85398
5.13 5.85497
5.14 5.85596
5.15 5.85694
5.16 5.85791
5.17 5.85889
5.18 5.85985
5.19 5.86082
5.2 5.86178
5.21 5.86274
5.22 5.8637
5.23 5.86465
5.24 5.8656
5.25 5.86654
5.26 5.86749
5.27 5.86843
5.28 5.86936
5.29 5.8703
5.3 5.87123
5.31 5.87216
5.32 5.87309
5.33 5.87401
5.34 5.87493
5.35 5.87585
5.36 5.87676
5.37 5.87768
5.38 5.87859
5.39 5.8795
5.4 5.88041
5.41 5.88132
5.42 5.88222
5.43 5.88312
5.44 5.88402
5.45 5.88492
5.46 5.88582
5.47 5.88672
5.48 5.88762
5.49 5.88851
5.5 5.88941
5.51 5.8903
5.52 5.89119
5.53 5.89209
5.54 5.89298
5.55 5.89387
5.56 5.89477
5.57 5.89566
5.58 5.89655
5.59 5.89745
5.6 5.89834
5.61 5.89924
5.62 5.90013
5.63 5.90103
5.64 5.90193
5.65 5.90283
5.66 5.90373
5.67 5.90464
5.68 5.90555
5.69 5.90646
5.7 5.90737
5.71 5.90828
5.72 5.9092
5.73 5.91012
5.74 5.91105
5.75 5.91197
5.76 5.91291
5.77 5.91384
5.78 5.91478
5.79 5.91573
5.8 5.91668
5.81 5.91764
5.82 5.9186
5.83 5.91957
5.84 5.92054
5.85 5.92152
5.86 5.92251
5.87 5.9235
5.88 5.9245
5.89 5.92551
5.9 5.92652
5.91 5.92755
5.92 5.92858
5.93 5.92962
5.94 5.93067
5.95 5.93173
5.96 5.93279
5.97 5.93387
5.98 5.93496
5.99 5.93605
6 5.93716
6.01 5.93828
6.02 5.93941
6.03 5.94055
6.04 5.9417
6.05 5.94287
6.06 5.94404
6.07 5.94523
6.08 5.94643
6.09 5.94765
6.1 5.94887
6.11 5.95011
6.12 5.95137
6.13 5.95263
6.14 5.95392
6.15 5.95521
6.16 5.95652
6.17 5.95784
6.18 5.95918
6.19 5.96053
6.2 5.9619
6.21 5.96328
6.22 5.96467
6.23 5.96608
6.24 5.96751
6.25 5.96895
6.26 5.9704
6.27 5.97187
6.28 5.97335
6.29 5.97485
6.3 5.97636
6.31 5.97789
6.32 5.97943
6.33 5.98098
6.34 5.98255
6.35 5.98412
6.36 5.98572
6.37 5.98732
6.38 5.98893
6.39 5.99056
6.4 5.99219
6.41 5.99384
6.42 5.99549
6.43 5.99716
6.44 5.99883
6.45 6.0005
6.46 6.00219
6.47 6.00387
6.48 6.00557
6.49 6.00726
6.5 6.00895
6.51 6.01065
6.52 6.01235
6.53 6.01404
6.54 6.01573
6.55 6.01741
6.56 6.01909
6.57 6.02075
6.58 6.02241
6.59 6.02405
6.6 6.02568
6.61 6.0273
6.62 6.02889
6.63 6.03047
6.64 6.03202
6.65 6.03354
6.66 6.03504
6.67 6.03651
6.68 6.03794
6.69 6.03934
6.7 6.0407
6.71 6.04201
6.72 6.04329
6.73 6.04451
6.74 6.04568
6.75 6.0468
6.76 6.04786
6.77 6.04886
6.78 6.0498
6.79 6.05066
6.8 6.05146
6.81 6.05218
6.82 6.05282
6.83 6.05337
6.84 6.05384
6.85 6.05421
6.86 6.05449
6.87 6.05468
6.88 6.05475
6.89 6.05472
6.9 6.05458
6.91 6.05432
6.92 6.05394
6.93 6.05343
6.94 6.0528
6.95 6.05203
6.96 6.05113
6.97 6.05009
6.98 6.0489
6.99 6.04756
7 6.04606
7.01 6.04441
7.02 6.0426
7.03 6.04062
7.04 6.03847
7.05 6.03616
7.06 6.03366
7.07 6.03099
7.08 6.02814
7.09 6.0251
7.1 6.02187
7.11 6.01845
7.12 6.01484
7.13 6.01103
7.14 6.00703
7.15 6.00283
7.16 5.99843
7.17 5.99382
7.18 5.98902
7.19 5.98401
7.2 5.97879
7.21 5.97337
7.22 5.96775
7.23 5.96192
7.24 5.95588
7.25 5.94965
7.26 5.94321
7.27 5.93657
7.28 5.92973
7.29 5.9227
7.3 5.91547
7.31 5.90805
7.32 5.90044
7.33 5.89265
7.34 5.88467
7.35 5.87652
7.36 5.86819
7.37 5.85969
7.38 5.85103
7.39 5.84221
7.4 5.83323
7.41 5.8241
7.42 5.81483
7.43 5.80542
7.44 5.79588
7.45 5.78621
7.46 5.77642
7.47 5.76652
7.48 5.75651
7.49 5.7464
7.5 5.7362
7.51 5.72591
7.52 5.71554
7.53 5.7051
7.54 5.69459
7.55 5.68402
7.56 5.6734
7.57 5.66274
7.58 5.65203
7.59 5.6413
7.6 5.63053
7.61 5.61975
7.62 5.60896
7.63 5.59815
7.64 5.58735
7.65 5.57656
7.66 5.56577
7.67 5.55501
7.68 5.54426
7.69 5.53354
7.7 5.52286
7.71 5.51222
7.72 5.50161
7.73 5.49106
7.74 5.48056
7.75 5.47011
7.76 5.45972
7.77 5.4494
7.78 5.43914
7.79 5.42896
7.8 5.41885
7.81 5.40881
7.82 5.39886
7.83 5.38898
7.84 5.37919
7.85 5.36949
7.86 5.35988
7.87 5.35036
7.88 5.34093
7.89 5.33159
7.9 5.32235
7.91 5.31321
7.92 5.30416
7.93 5.29521
7.94 5.28636
7.95 5.27761
7.96 5.26896
7.97 5.26041
7.98 5.25196
7.99 5.24362
8 5.23537
8.01 5.22723
8.02 5.21919
8.03 5.21124
8.04 5.2034
8.05 5.19566
8.06 5.18802
8.07 5.18048
8.08 5.17304
8.09 5.1657
8.1 5.15845
8.11 5.1513
8.12 5.14425
8.13 5.13729
8.14 5.13043
8.15 5.12366
8.16 5.11698
8.17 5.1104
8.18 5.1039
8.19 5.0975
8.2 5.09119
8.21 5.08496
8.22 5.07882
8.23 5.07277
8.24 5.0668
8.25 5.06091
8.26 5.05511
8.27 5.04939
8.28 5.04375
8.29 5.03818
8.3 5.0327
8.31 5.02729
8.32 5.02196
8.33 5.01671
8.34 5.01153
8.35 5.00642
8.36 5.00138
8.37 4.99642
8.38 4.99152
8.39 4.98669
8.4 4.98193
8.41 4.97724
8.42 4.97261
8.43 4.96804
8.44 4.96354
8.45 4.9591
8.46 4.95473
8.47 4.95041
8.48 4.94615
8.49 4.94195
8.5 4.93781
8.51 4.93373
8.52 4.9297
8.53 4.92572
8.54 4.9218
8.55 4.91793
8.56 4.91412
8.57 4.91035
8.58 4.90664
8.59 4.90297
8.6 4.89935
8.61 4.89579
8.62 4.89226
8.63 4.88879
8.64 4.88536
8.65 4.88197
8.66 4.87863
8.67 4.87533
8.68 4.87208
8.69 4.86886
8.7 4.86569
8.71 4.86256
8.72 4.85947
8.73 4.85641
8.74 4.8534
8.75 4.85042
8.76 4.84748
8.77 4.84458
8.78 4.84171
8.79 4.83888
8.8 4.83608
8.81 4.83331
8.82 4.83058
8.83 4.82789
8.84 4.82522
8.85 4.82259
8.86 4.81999
8.87 4.81741
8.88 4.81487
8.89 4.81236
8.9 4.80988
8.91 4.80743
8.92 4.805
8.93 4.8026
8.94 4.80023
8.95 4.79789
8.96 4.79557
8.97 4.79328
8.98 4.79102
8.99 4.78878
9 4.78656
9.01 4.78437
9.02 4.7822
9.03 4.78006
9.04 4.77794
9.05 4.77584
9.06 4.77377
9.07 4.77171
9.08 4.76968
9.09 4.76767
9.1 4.76568
9.11 4.76371
9.12 4.76176
9.13 4.75983
9.14 4.75792
9.15 4.75603
9.16 4.75416
9.17 4.75231
9.18 4.75048
9.19 4.74866
9.2 4.74686
9.21 4.74508
9.22 4.74332
9.23 4.74157
9.24 4.73984
9.25 4.73813
9.26 4.73643
9.27 4.73475
9.28 4.73308
9.29 4.73143
9.3 4.7298
9.31 4.72818
9.32 4.72657
9.33 4.72498
9.34 4.7234
9.35 4.72184
9.36 4.72029
9.37 4.71876
9.38 4.71723
9.39 4.71573
9.4 4.71423
9.41 4.71275
9.42 4.71128
9.43 4.70982
9.44 4.70837
9.45 4.70694
9.46 4.70552
9.47 4.70411
9.48 4.70271
9.49 4.70132
9.5 4.69995
9.51 4.69858
9.52 4.69723
9.53 4.69588
9.54 4.69455
9.55 4.69323
9.56 4.69192
9.57 4.69062
9.58 4.68932
9.59 4.68804
9.6 4.68677
9.61 4.68551
9.62 4.68425
9.63 4.68301
9.64 4.68177
9.65 4.68055
9.66 4.67933
9.67 4.67812
9.68 4.67692
9.69 4.67573
9.7 4.67455
9.71 4.67338
9.72 4.67221
9.73 4.67105
9.74 4.66991
9.75 4.66876
9.76 4.66763
9.77 4.6665
9.78 4.66539
9.79 4.66428
9.8 4.66317
9.81 4.66208
9.82 4.66099
9.83 4.65991
9.84 4.65883
9.85 4.65776
9.86 4.6567
9.87 4.65565
9.88 4.6546
9.89 4.65356
9.9 4.65253
9.91 4.6515
9.92 4.65048
9.93 4.64947
9.94 4.64846
9.95 4.64746
9.96 4.64646
9.97 4.64547
9.98 4.64449
9.99 4.64351
10 4.64254
10.001 5
