0 0
0.01 0.478637
0.02 0.477544
0.03 0.47645
0.04 0.475355
0.05 0.474258
0.06 0.473159
0.07 0.472059
0.08 0.470958
0.09 0.469855
0.1 0.468752
0.11 0.467647
0.12 0.466541
0.13 0.465434
0.14 0.464326
0.15 0.463217
0.16 0.462108
0.17 0.460998
0.18 0.459887
0.19 0.458776
0.2 0.457665
0.21 0.456553
0.22 0.455441
0.23 0.454328
0.24 0.453216
0.25 0.452104
0.26 0.450992
0.27 0.44988
0.28 0.448769
0.29 0.447658
0.3 0.446548
0.31 0.445438
0.32 0.44433
0.33 0.443222
0.34 0.442115
0.35 0.44101
0.36 0.439906
0.37 0.438804
0.38 0.437703
0.39 0.436604
0.4 0.435507
0.41 0.434412
0.42 0.433319
0.43 0.432229
0.44 0.431141
0.45 0.430055
0.46 0.428973
0.47 0.427894
0.48 0.426818
0.49 0.425745
0.5 0.424676
0.51 0.42361
0.52 0.422549
0.53 0.421491
0.54 0.420438
0.55 0.41939
0.56 0.418346
0.57 0.417307
0.58 0.416273
0.59 0.415245
0.6 0.414222
0.61 0.413204
0.62 0.412193
0.63 0.411188
0.64 0.41019
0.65 0.409198
0.66 0.408214
0.67 0.407236
0.68 0.406266
0.69 0.405304
0.7 0.404349
0.71 0.403403
0.72 0.402465
0.73 0.401537
0.74 0.400617
0.75 0.399707
0.76 0.398806
0.77 0.397915
0.78 0.397035
0.79 0.396165
0.8 0.395305
0.81 0.394457
0.82 0.393621
0.83 0.392796
0.84 0.391984
0.85 0.391183
0.86 0.390396
0.87 0.389622
0.88 0.388861
0.89 0.388114
0.9 0.387381
0.91 0.386663
0.92 0.385959
0.93 0.385271
0.94 0.384598
0.95 0.383942
0.96 0.383301
0.97 0.382678
0.98 0.382071
0.99 0.381482
1 0.38091
1.01 0.380357
1.02 0.379823
1.03 0.379307
1.04 0.378811
1.05 0.378335
1.06 0.377879
1.07 0.377444
1.08 0.377029
1.09 0.376636
1.1 0.376265
1.11 0.375916
1.12 0.37559
1.13 0.375286
1.14 0.375007
1.15 0.374751
1.16 0.374519
1.17 0.374312
1.18 0.37413
1.19 0.373973
1.2 0.373843
1.21 0.373738
1.22 0.37366
1.23 0.37361
1.24 0.373587
1.25 0.373591
1.26 0.373624
1.27 0.373685
1.28 0.373776
1.29 0.373896
1.3 0.374045
1.31 0.374225
1.32 0.374435
1.33 0.374676
1.34 0.374947
1.35 0.375251
1.36 0.375586
1.37 0.375953
1.38 0.376352
1.39 0.376784
1.4 0.377249
1.41 0.377747
1.42 0.378279
1.43 0.378844
1.44 0.379443
1.45 0.380076
1.46 0.380743
1.47 0.381445
1.48 0.382181
1.49 0.382952
1.5 0.383758
1.51 0.384598
1.52 0.385474
1.53 0.386385
1.54 0.387331
1.55 0.388312
1.56 0.389329
1.57 0.39038
1.58 0.391467
1.59 0.392588
1.6 0.393745
1.61 0.394936
1.62 0.396161
1.63 0.397422
1.64 0.398716
1.65 0.400045
1.66 0.401407
1.67 0.402802
1.68 0.404231
1.69 0.405693
1.7 0.407187
1.71 0.408712
1.72 0.41027
1.73 0.411858
1.74 0.413478
1.75 0.415127
1.76 0.416805
1.77 0.418513
1.78 0.420249
1.79 0.422012
1.8 0.423803
1.81 0.42562
1.82 0.427462
1.83 0.429329
1.84 0.43122
1.85 0.433135
1.86 0.435072
1.87 0.43703
1.88 0.439009
1.89 0.441008
1.9 0.443026
1.91 0.445062
1.92 0.447116
1.93 0.449185
1.94 0.45127
1.95 0.453369
1.96 0.455482
1.97 0.457607
1.98 0.459744
1.99 0.461892
2 0.464049
2.01 0.466215
2.02 0.468389
2.03 0.47057
2.04 0.472758
2.05 0.474951
2.06 0.477148
2.07 0.479349
2.08 0.481554
2.09 0.483761
2.1 0.48597
2.11 0.48818
2.12 0.49039
2.13 0.492601
2.14 0.494811
2.15 0.49702
2.16 0.499228
2.17 0.501435
2.18 0.50364
2.19 0.505842
2.2 0.508043
2.21 0.510241
2.22 0.512437
2.23 0.514631
2.24 0.516823
2.25 0.519012
2.26 0.5212
2.27 0.523387
2.28 0.525572
2.29 0.527756
2.3 0.52994
2.31 0.532124
2.32 0.534309
2.33 0.536496
2.34 0.538684
2.35 0.540874
2.36 0.543068
2.37 0.545267
2.38 0.54747
2.39 0.549679
2.4 0.551894
2.41 0.554117
2.42 0.556349
2.43 0.55859
2.44 0.560841
2.45 0.563103
2.46 0.565378
2.47 0.567666
2.48 0.569969
2.49 0.572286
2.5 0.57462
2.51 0.576971
2.52 0.57934
2.53 0.581728
2.54 0.584136
2.55 0.586565
2.56 0.589016
2.57 0.59149
2.58 0.593987
2.59 0.596509
2.6 0.599056
2.61 0.601629
2.62 0.604229
2.63 0.606856
2.64 0.609511
2.65 0.612195
2.66 0.614909
2.67 0.617653
2.68 0.620427
2.69 0.623232
2.7 0.626069
2.71 0.628937
2.72 0.631839
2.73 0.634772
2.74 0.637739
2.75 0.64074
2.76 0.643774
2.77 0.646842
2.78 0.649944
2.79 0.65308
2.8 0.656251
2.81 0.659456
2.82 0.662696
2.83 0.66597
2.84 0.669279
2.85 0.672622
2.86 0.676
2.87 0.679412
2.88 0.682859
2.89 0.686339
2.9 0.689853
2.91 0.693401
2.92 0.696982
2.93 0.700597
2.94 0.704244
2.95 0.707925
2.96 0.711637
2.97 0.715381
2.98 0.719157
2.99 0.722964
3 0.726802
3.01 0.73067
3.02 0.734568
3.03 0.738495
3.04 0.742452
3.05 0.746437
3.06 0.750449
3.07 0.75449
3.08 0.758557
3.09 0.762651
3.1 0.766771
3.11 0.770916
3.12 0.775086
3.13 0.77928
3.14 0.783498
3.15 0.78774
3.16 0.792003
3.17 0.796289
3.18 0.800596
3.19 0.804924
3.2 0.809273
3.21 0.813641
3.22 0.818028
3.23 0.822434
3.24 0.826858
3.25 0.831299
3.26 0.835758
3.27 0.840232
3.28 0.844723
3.29 0.849228
3.3 0.853749
3.31 0.858284
3.32 0.862832
3.33 0.867393
3.34 0.871968
3.35 0.876554
3.36 0.881152
3.37 0.885761
3.38 0.890381
3.39 0.895011
3.4 0.899652
3.41 0.904301
3.42 0.908959
3.43 0.913626
3.44 0.918302
3.45 0.922985
3.46 0.927675
3.47 0.932372
3.48 0.937076
3.49 0.941786
3.5 0.946503
3.51 0.951224
3.52 0.955952
3.53 0.960684
3.54 0.965421
3.55 0.970162
3.56 0.974908
3.57 0.979658
3.58 0.984411
3.59 0.989168
3.6 0.993928
3.61 0.998691
3.62 1.00346
3.63 1.00823
3.64 1.013
3.65 1.01777
3.66 1.02255
3.67 1.02732
3.68 1.0321
3.69 1.03689
3.7 1.04167
3.71 1.04645
3.72 1.05124
3.73 1.05603
3.74 1.06082
3.75 1.06561
3.76 1.0704
3.77 1.07519
3.78 1.07999
3.79 1.08478
3.8 1.08958
3.81 1.09438
3.82 1.09918
3.83 1.10398
3.84 1.10878
3.85 1.11358
3.86 1.11839
3.87 1.12319
3.88 1.128
3.89 1.13281
3.9 1.13762
3.91 1.14243
3.92 1.14724
3.93 1.15206
3.94 1.15687
3.95 1.16169
3.96 1.16651
3.97 1.17134
3.98 1.17616
3.99 1.18099
4 1.18582
4.01 1.19065
4.02 1.19548
4.03 1.20032
4.04 1.20516
4.05 1.21001
4.06 1.21485
4.07 1.21971
4.08 1.22456
4.09 1.22942
4.1 1.23428
4.11 1.23915
4.12 1.24402
4.13 1.24889
4.14 1.25377
4.15 1.25866
4.16 1.26355
4.17 1.26844
4.18 1.27334
4.19 1.27825
4.2 1.28316
4.21 1.28808
4.22 1.293
4.23 1.29793
4.24 1.30287
4.25 1.30781
4.26 1.31277
4.27 1.31772
4.28 1.32269
4.29 1.32766
4.3 1.33265
4.31 1.33764
4.32 1.34263
4.33 1.34764
4.34 1.35266
4.35 1.35768
4.36 1.36271
4.37 1.36776
4.38 1.37281
4.39 1.37787
4.4 1.38295
4.41 1.38803
4.42 1.39312
4.43 1.39823
4.44 1.40335
4.45 1.40847
4.46 1.41361
4.47 1.41876
4.48 1.42393
4.49 1.4291
4.5 1.43429
4.51 1.43949
4.52 1.4447
4.53 1.44993
4.54 1.45517
4.55 1.46042
4.56 1.46569
4.57 1.47097
4.58 1.47627
4.59 1.48158
4.6 1.48691
4.61 1.49225
4.62 1.4976
4.63 1.50298
4.64 1.50836
4.65 1.51377
4.66 1.51918
4.67 1.52462
4.68 1.53007
4.69 1.53554
4.7 1.54103
4.71 1.54653
4.72 1.55205
4.73 1.55759
4.74 1.56315
4.75 1.56872
4.76 1.57431
4.77 1.57993
4.78 1.58556
4.79 1.5912
4.8 1.59687
4.81 1.60256
4.82 1.60826
4.83 1.61399
4.84 1.61974
4.85 1.6255
4.86 1.63129
4.87 1.63709
4.88 1.64292
4.89 1.64877
4.9 1.65463
4.91 1.66052
4.92 1.66643
4.93 1.67236
4.94 1.67831
4.95 1.68429
4.96 1.69028
4.97 1.6963
4.98 1.70234
4.99 1.7084
5 1.71448
5.01 1.72058
5.02 1.72671
5.03 1.73286
5.04 1.73903
5.05 1.74522
5.06 1.75144
5.07 1.75768
5.08 1.76394
5.09 1.77023
5.1 1.77653
5.11 1.78286
5.12 1.78922
5.13 1.79559
5.14 1.80199
5.15 1.80841
5.16 1.81486
5.17 1.82132
5.18 1.82781
5.19 1.83433
5.2 1.84086
5.21 1.84742
5.22 1.85401
5.23 1.86061
5.24 1.86724
5.25 1.87389
5.26 1.88057
5.27 1.88726
5.28 1.89398
5.29 1.90072
5.3 1.90749
5.31 1.91427
5.32 1.92108
5.33 1.92792
5.34 1.93477
5.35 1.94165
5.36 1.94855
5.37 1.95547
5.38 1.96241
5.39 1.96937
5.4 1.97636
5.41 1.98337
5.42 1.9904
5.43 1.99745
5.44 2.00452
5.45 2.01161
5.46 2.01873
5.47 2.02586
5.48 2.03302
5.49 2.0402
5.5 2.0474
5.51 2.05462
5.52 2.06186
5.53 2.06912
5.54 2.0764
5.55 2.0837
5.56 2.09102
5.57 2.09836
5.58 2.10572
5.59 2.11311
5.6 2.12051
5.61 2.12793
5.62 2.13538
5.63 2.14284
5.64 2.15032
5.65 2.15783
5.66 2.16535
5.67 2.17289
5.68 2.18046
5.69 2.18804
5.7 2.19565
5.71 2.20328
5.72 2.21092
5.73 2.21859
5.74 2.22628
5.75 2.23399
5.76 2.24173
5.77 2.24948
5.78 2.25726
5.79 2.26506
5.8 2.27288
5.81 2.28073
5.82 2.2886
5.83 2.2965
5.84 2.30442
5.85 2.31236
5.86 2.32033
5.87 2.32833
5.88 2.33635
5.89 2.34441
5.9 2.35248
5.91 2.36059
5.92 2.36873
5.93 2.3769
5.94 2.3851
5.95 2.39333
5.96 2.4016
5.97 2.40989
5.98 2.41823
5.99 2.42659
6 2.435
6.01 2.44344
6.02 2.45192
6.03 2.46044
6.04 2.469
6.05 2.47761
6.06 2.48626
6.07 2.49495
6.08 2.50369
6.09 2.51247
6.1 2.5213
6.11 2.53019
6.12 2.53912
6.13 2.54811
6.14 2.55715
6.15 2.56624
6.16 2.57539
6.17 2.58461
6.18 2.59388
6.19 2.60321
6.2 2.6126
6.21 2.62206
6.22 2.63159
6.23 2.64118
6.24 2.65084
6.25 2.66057
6.26 2.67038
6.27 2.68025
6.28 2.69021
6.29 2.70024
6.3 2.71034
6.31 2.72053
6.32 2.7308
6.33 2.74115
6.34 2.75158
6.35 2.7621
6.36 2.77271
6.37 2.7834
6.38 2.79419
6.39 2.80506
6.4 2.81603
6.41 2.82709
6.42 2.83824
6.43 2.84948
6.44 2.86083
6.45 2.87226
6.46 2.8838
6.47 2.89543
6.48 2.90716
6.49 2.91899
6.5 2.93092
6.51 2.94295
6.52 2.95508
6.53 2.9673
6.54 2.97963
6.55 2.99206
6.56 3.00458
6.57 3.01721
6.58 3.02993
6.59 3.04275
6.6 3.05567
6.61 3.06868
6.62 3.08179
6.63 3.095
6.64 3.10829
6.65 3.12168
6.66 3.13516
6.67 3.14872
6.68 3.16237
6.69 3.17611
6.7 3.18993
6.71 3.20383
6.72 3.2178
6.73 3.23185
6.74 3.24598
6.75 3.26017
6.76 3.27443
6.77 3.28875
6.78 3.30314
6.79 3.31758
6.8 3.33208
6.81 3.34663
6.82 3.36123
6.83 3.37587
6.84 3.39055
6.85 3.40526
6.86 3.42001
6.87 3.43479
6.88 3.4496
6.89 3.46442
6.9 3.47926
6.91 3.49412
6.92 3.50898
6.93 3.52385
6.94 3.53872
6.95 3.55359
6.96 3.56845
6.97 3.58329
6.98 3.59813
6.99 3.61294
7 3.62773
7.01 3.64249
7.02 3.65722
7.03 3.67192
7.04 3.68657
7.05 3.70119
7.06 3.71575
7.07 3.73027
7.08 3.74473
7.09 3.75914
7.1 3.77349
7.11 3.78777
7.12 3.80199
7.13 3.81613
7.14 3.83021
7.15 3.84421
7.16 3.85812
7.17 3.87196
7.18 3.88572
7.19 3.89938
7.2 3.91296
7.21 3.92644
7.22 3.93983
7.23 3.95313
7.24 3.96632
7.25 3.97941
7.26 3.9924
7.27 4.00529
7.28 4.01806
7.29 4.03073
7.3 4.04328
7.31 4.05572
7.32 4.06804
7.33 4.08025
7.34 4.09233
7.35 4.10429
7.36 4.11613
7.37 4.12784
7.38 4.13943
7.39 4.15089
7.4 4.16221
7.41 4.17341
7.42 4.18446
7.43 4.19539
7.44 4.20617
7.45 4.21681
7.46 4.22732
7.47 4.23768
7.48 4.24789
7.49 4.25796
7.5 4.26788
7.51 4.27765
7.52 4.28728
7.53 4.29675
7.54 4.30606
7.55 4.31522
7.56 4.32423
7.57 4.33308
7.58 4.34177
7.59 4.35031
7.6 4.35868
7.61 4.36689
7.62 4.37495
7.63 4.38284
7.64 4.39057
7.65 4.39813
7.66 4.40553
7.67 4.41277
7.68 4.41984
7.69 4.42676
7.7 4.4335
7.71 4.44008
7.72 4.4465
7.73 4.45276
7.74 4.45885
7.75 4.46478
7.76 4.47055
7.77 4.47615
7.78 4.4816
7.79 4.48688
7.8 4.49201
7.81 4.49698
7.82 4.50179
7.83 4.50644
7.84 4.51094
7.85 4.51529
7.86 4.51948
7.87 4.52352
7.88 4.52742
7.89 4.53116
7.9 4.53476
7.91 4.53821
7.92 4.54152
7.93 4.54469
7.94 4.54771
7.95 4.5506
7.96 4.55336
7.97 4.55597
7.98 4.55846
7.99 4.56081
8 4.56303
8.01 4.56513
8.02 4.5671
8.03 4.56895
8.04 4.57067
8.05 4.57228
8.06 4.57377
8.07 4.57514
8.08 4.5764
8.09 4.57754
8.1 4.57858
8.11 4.57951
8.12 4.58033
8.13 4.58104
8.14 4.58166
8.15 4.58217
8.16 4.58259
8.17 4.58291
8.18 4.58313
8.19 4.58326
8.2 4.5833
8.21 4.58325
8.22 4.58311
8.23 4.58289
8.24 4.58258
8.25 4.58219
8.26 4.58172
8.27 4.58117
8.28 4.58054
8.29 4.57984
8.3 4.57906
8.31 4.57821
8.32 4.57729
8.33 4.5763
8.34 4.57525
8.35 4.57413
8.36 4.57294
8.37 4.57169
8.38 4.57038
8.39 4.569
8.4 4.56757
8.41 4.56608
8.42 4.56454
8.43 4.56294
8.44 4.56129
8.45 4.55958
8.46 4.55783
8.47 4.55602
8.48 4.55417
8.49 4.55226
8.5 4.55032
8.51 4.54832
8.52 4.54629
8.53 4.54421
8.54 4.54209
8.55 4.53993
8.56 4.53773
8.57 4.53549
8.58 4.53321
8.59 4.5309
8.6 4.52855
8.61 4.52616
8.62 4.52375
8.63 4.5213
8.64 4.51881
8.65 4.5163
8.66 4.51376
8.67 4.51118
8.68 4.50858
8.69 4.50595
8.7 4.50329
8.71 4.50061
8.72 4.4979
8.73 4.49517
8.74 4.49241
8.75 4.48962
8.76 4.48682
8.77 4.48399
8.78 4.48114
8.79 4.47827
8.8 4.47537
8.81 4.47246
8.82 4.46953
8.83 4.46658
8.84 4.46361
8.85 4.46062
8.86 4.45762
8.87 4.4546
8.88 4.45156
8.89 4.4485
8.9 4.44543
8.91 4.44235
8.92 4.43925
8.93 4.43613
8.94 4.433
8.95 4.42986
8.96 4.4267
8.97 4.42354
8.98 4.42035
8.99 4.41716
9 4.41395
9.01 4.41074
9.02 4.40751
9.03 4.40427
9.04 4.40102
9.05 4.39776
9.06 4.39449
9.07 4.39121
9.08 4.38791
9.09 4.38461
9.1 4.38131
9.11 4.37799
9.12 4.37466
9.13 4.37132
9.14 4.36798
9.15 4.36463
9.16 4.36127
9.17 4.3579
9.18 4.35452
9.19 4.35114
9.2 4.34775
9.21 4.34435
9.22 4.34095
9.23 4.33754
9.24 4.33412
9.25 4.33069
9.26 4.32726
9.27 4.32383
9.28 4.32038
9.29 4.31693
9.3 4.31348
9.31 4.31002
9.32 4.30655
9.33 4.30308
9.34 4.2996
9.35 4.29612
9.36 4.29264
9.37 4.28914
9.38 4.28565
9.39 4.28214
9.4 4.27864
9.41 4.27513
9.42 4.27161
9.43 4.26809
9.44 4.26457
9.45 4.26104
9.46 4.25751
9.47 4.25397
9.48 4.25043
9.49 4.24688
9.5 4.24334
9.51 4.23978
9.52 4.23623
9.53 4.23267
9.54 4.22911
9.55 4.22554
9.56 4.22197
9.57 4.2184
9.58 4.21482
9.59 4.21124
9.6 4.20766
9.61 4.20408
9.62 4.20049
9.63 4.1969
9.64 4.19331
9.65 4.18971
9.66 4.18612
9.67 4.18252
9.68 4.17891
9.69 4.17531
9.7 4.1717
9.71 4.16809
9.72 4.16448
9.73 4.16087
9.74 4.15726
9.75 4.15364
9.76 4.15002
9.77 4.14641
9.78 4.14279
9.79 4.13916
9.8 4.13554
9.81 4.13192
9.82 4.12829
9.83 4.12466
9.84 4.12104
9.85 4.11741
9.86 4.11378
9.87 4.11015
9.88 4.10652
9.89 4.10289
9.9 4.09926
9.91 4.09563
9.92 4.092
9.93 4.08837
9.94 4.08473
9.95 4.0811
9.96 4.07747
9.97 4.07384
9.98 4.07021
9.99 4.06658
10 4.06295
10.001 0
