0 -10
0.01 -8.34168
0.02 -8.33679
0.03 -8.33189
0.04 -8.32697
0.05 -8.32203
0.06 -8.31709
0.07 -8.31213
0.08 -8.30715
0.09 -8.30216
0.1 -8.29716
0.11 -8.29215
0.12 -8.28712
0.13 -8.28208
0.14 -8.27702
0.15 -8.27195
0.16 -8.26687
0.17 -8.26177
0.18 -8.25666
0.19 -8.25154
0.2 -8.2464
0.21 -8.24126
0.22 -8.23609
0.23 -8.23092
0.24 -8.22573
0.25 -8.22052
0.26 -8.2153
0.27 -8.21007
0.28 -8.20483
0.29 -8.19957
0.3 -8.1943
0.31 -8.18902
0.32 -8.18372
0.33 -8.17841
0.34 -8.17308
0.35 -8.16775
0.36 -8.16239
0.37 -8.15703
0.38 -8.15165
0.39 -8.14625
0.4 -8.14085
0.41 -8.13543
0.42 -8.12999
0.43 -8.12454
0.44 -8.11908
0.45 -8.1136
0.46 -8.10811
0.47 -8.1026
0.48 -8.09708
0.49 -8.09155
0.5 -8.086
0.51 -8.08043
0.52 -8.07485
0.53 -8.06926
0.54 -8.06365
0.55 -8.05803
0.56 -8.05239
0.57 -8.04673
0.58 -8.04106
0.59 -8.03537
0.6 -8.02967
0.61 -8.02395
0.62 -8.01822
0.63 -8.01247
0.64 -8.0067
0.65 -8.00091
0.66 -7.99511
0.67 -7.98929
0.68 -7.98345
0.69 -7.9776
0.7 -7.97172
0.71 -7.96583
0.72 -7.95992
0.73 -7.95399
0.74 -7.94804
0.75 -7.94207
0.76 -7.93608
0.77 -7.93007
0.78 -7.92404
0.79 -7.91799
0.8 -7.91192
0.81 -7.90583
0.82 -7.89971
0.83 -7.89358
0.84 -7.88742
0.85 -7.88123
0.86 -7.87503
0.87 -7.86879
0.88 -7.86254
0.89 -7.85626
0.9 -7.84995
0.91 -7.84362
0.92 -7.83726
0.93 -7.83087
0.94 -7.82446
0.95 -7.81802
0.96 -7.81154
0.97 -7.80504
0.98 -7.79851
0.99 -7.79195
1 -7.78536
1.01 -7.77874
1.02 -7.77208
1.03 -7.76539
1.04 -7.75867
1.05 -7.75191
1.06 -7.74511
1.07 -7.73828
1.08 -7.73142
1.09 -7.72451
1.1 -7.71757
1.11 -7.71059
1.12 -7.70357
1.13 -7.69651
1.14 -7.6894
1.15 -7.68226
1.16 -7.67507
1.17 -7.66783
1.18 -7.66055
1.19 -7.65323
1.2 -7.64586
1.21 -7.63844
1.22 -7.63097
1.23 -7.62345
1.24 -7.61588
1.25 -7.60826
1.26 -7.60059
1.27 -7.59286
1.28 -7.58508
1.29 -7.57725
1.3 -7.56935
1.31 -7.5614
1.32 -7.55339
1.33 -7.54532
1.34 -7.53719
1.35 -7.529
1.36 -7.52074
1.37 -7.51242
1.38 -7.50404
1.39 -7.49559
1.4 -7.48707
1.41 -7.47848
1.42 -7.46983
1.43 -7.4611
1.44 -7.45231
1.45 -7.44344
1.46 -7.4345
1.47 -7.42548
1.48 -7.41639
1.49 -7.40722
1.5 -7.39798
1.51 -7.38865
1.52 -7.37925
1.53 -7.36977
1.54 -7.3602
1.55 -7.35056
1.56 -7.34083
1.57 -7.33102
1.58 -7.32113
1.59 -7.31115
1.6 -7.30109
1.61 -7.29094
1.62 -7.2807
1.63 -7.27038
1.64 -7.25997
1.65 -7.24947
1.66 -7.23888
1.67 -7.2282
1.68 -7.21744
1.69 -7.20659
1.7 -7.19564
1.71 -7.18461
1.72 -7.17349
1.73 -7.16228
1.74 -7.15098
1.75 -7.13959
1.76 -7.12812
1.77 -7.11655
1.78 -7.1049
1.79 -7.09317
1.8 -7.08134
1.81 -7.06943
1.82 -7.05744
1.83 -7.04536
1.84 -7.0332
1.85 -7.02096
1.86 -7.00864
1.87 -6.99624
1.88 -6.98377
1.89 -6.97122
1.9 -6.95859
1.91 -6.9459
1.92 -6.93313
1.93 -6.9203
1.94 -6.9074
1.95 -6.89444
1.96 -6.88142
1.97 -6.86835
1.98 -6.85521
1.99 -6.84203
2 -6.82879
2.01 -6.81551
2.02 -6.80219
2.03 -6.78883
2.04 -6.77543
2.05 -6.762
2.06 -6.74854
2.07 -6.73505
2.08 -6.72154
2.09 -6.70802
2.1 -6.69448
2.11 -6.68093
2.12 -6.66738
2.13 -6.65382
2.14 -6.64027
2.15 -6.62672
2.16 -6.61319
2.17 -6.59968
2.18 -6.58618
2.19 -6.57271
2.2 -6.55927
2.21 -6.54587
2.22 -6.5325
2.23 -6.51918
2.24 -6.50591
2.25 -6.49269
2.26 -6.47953
2.27 -6.46643
2.28 -6.4534
2.29 -6.44044
2.3 -6.42755
2.31 -6.41475
2.32 -6.40203
2.33 -6.38939
2.34 -6.37686
2.35 -6.36441
2.36 -6.35207
2.37 -6.33984
2.38 -6.32771
2.39 -6.31569
2.4 -6.30379
2.41 -6.29201
2.42 -6.28035
2.43 -6.26882
2.44 -6.25741
2.45 -6.24613
2.46 -6.23499
2.47 -6.22398
2.48 -6.21311
2.49 -6.20238
2.5 -6.19179
2.51 -6.18135
2.52 -6.17105
2.53 -6.1609
2.54 -6.1509
2.55 -6.14104
2.56 -6.13134
2.57 -6.12178
2.58 -6.11238
2.59 -6.10313
2.6 -6.09404
2.61 -6.08509
2.62 -6.0763
2.63 -6.06766
2.64 -6.05917
2.65 -6.05084
2.66 -6.04265
2.67 -6.03462
2.68 -6.02674
2.69 -6.019
2.7 -6.01142
2.71 -6.00398
2.72 -5.99669
2.73 -5.98954
2.74 -5.98253
2.75 -5.97567
2.76 -5.96895
2.77 -5.96237
2.78 -5.95592
2.79 -5.94961
2.8 -5.94343
2.81 -5.93739
2.82 -5.93147
2.83 -5.92569
2.84 -5.92003
2.85 -5.91449
2.86 -5.90908
2.87 -5.90379
2.88 -5.89861
2.89 -5.89355
2.9 -5.88861
2.91 -5.88378
2.92 -5.87906
2.93 -5.87444
2.94 -5.86993
2.95 -5.86553
2.96 -5.86123
2.97 -5.85702
2.98 -5.85292
2.99 -5.84891
3 -5.84499
3.01 -5.84117
3.02 -5.83743
3.03 -5.83378
3.04 -5.83022
3.05 -5.82674
3.06 -5.82335
3.07 -5.82003
3.08 -5.81679
3.09 -5.81363
3.1 -5.81054
3.11 -5.80753
3.12 -5.80458
3.13 -5.80171
3.14 -5.7989
3.15 -5.79615
3.16 -5.79348
3.17 -5.79086
3.18 -5.78831
3.19 -5.78581
3.2 -5.78337
3.21 -5.78099
3.22 -5.77867
3.23 -5.77639
3.24 -5.77417
3.25 -5.772
3.26 -5.76988
3.27 -5.76781
3.28 -5.76579
3.29 -5.76381
3.3 -5.76187
3.31 -5.75998
3.32 -5.75813
3.33 -5.75632
3.34 -5.75455
3.35 -5.75282
3.36 -5.75113
3.37 -5.74947
3.38 -5.74785
3.39 -5.74626
3.4 -5.74471
3.41 -5.74319
3.42 -5.7417
3.43 -5.74025
3.44 -5.73882
3.45 -5.73742
3.46 -5.73605
3.47 -5.73471
3.48 -5.73339
3.49 -5.7321
3.5 -5.73084
3.51 -5.7296
3.52 -5.72838
3.53 -5.72719
3.54 -5.72602
3.55 -5.72487
3.56 -5.72374
3.57 -5.72264
3.58 -5.72155
3.59 -5.72048
3.6 -5.71943
3.61 -5.7184
3.62 -5.71739
3.63 -5.71639
3.64 -5.71541
3.65 -5.71444
3.66 -5.7135
3.67 -5.71256
3.68 -5.71164
3.69 -5.71074
3.7 -5.70985
3.71 -5.70897
3.72 -5.70811
3.73 -5.70725
3.74 -5.70641
3.75 -5.70558
3.76 -5.70477
3.77 -5.70396
3.78 -5.70316
3.79 -5.70238
3.8 -5.7016
3.81 -5.70083
3.82 -5.70008
3.83 -5.69933
3.84 -5.69859
3.85 -5.69785
3.86 -5.69713
3.87 -5.69641
3.88 -5.6957
3.89 -5.695
3.9 -5.69431
3.91 -5.69362
3.92 -5.69294
3.93 -5.69226
3.94 -5.69159
3.95 -5.69093
3.96 -5.69027
3.97 -5.68961
3.98 -5.68896
3.99 -5.68832
4 -5.68768
4.01 -5.68704
4.02 -5.68641
4.03 -5.68578
4.04 -5.68516
4.05 -5.68454
4.06 -5.68392
4.07 -5.68331
4.08 -5.6827
4.09 -5.68209
4.1 -5.68149
4.11 -5.68088
4.12 -5.68028
4.13 -5.67969
4.14 -5.67909
4.15 -5.6785
4.16 -5.6779
4.17 -5.67731
4.18 -5.67673
4.19 -5.67614
4.2 -5.67555
4.21 -5.67497
4.22 -5.67439
4.23 -5.6738
4.24 -5.67322
4.25 -5.67264
4.26 -5.67206
4.27 -5.67148
4.28 -5.6709
4.29 -5.67032
4.3 -5.66975
4.31 -5.66917
4.32 -5.66859
4.33 -5.66801
4.34 -5.66743
4.35 -5.66685
4.36 -5.66628
4.37 -5.6657
4.38 -5.66512
4.39 -5.66454
4.4 -5.66396
4.41 -5.66338
4.42 -5.6628
4.43 -5.66221
4.44 -5.66163
4.45 -5.66105
4.46 -5.66046
4.47 -5.65987
4.48 -5.65929
4.49 -5.6587
4.5 -5.65811
4.51 -5.65752
4.52 -5.65693
4.53 -5.65634
4.54 -5.65574
4.55 -5.65515
4.56 -5.65455
4.57 -5.65395
4.58 -5.65335
4.59 -5.65275
4.6 -5.65215
4.61 -5.65154
4.62 -5.65094
4.63 -5.65033
4.64 -5.64972
4.65 -5.64911
4.66 -5.64849
4.67 -5.64788
4.68 -5.64726
4.69 -5.64665
4.7 -5.64603
4.71 -5.6454
4.72 -5.64478
4.73 -5.64415
4.74 -5.64353
4.75 -5.6429
4.76 -5.64227
4.77 -5.64164
4.78 -5.641
4.79 -5.64036
4.8 -5.63973
4.81 -5.63909
4.82 -5.63844
4.83 -5.6378
4.84 -5.63715
4.85 -5.63651
4.86 -5.63586
4.87 -5.63521
4.88 -5.63455
4.89 -5.6339
4.9 -5.63324
4.91 -5.63258
4.92 -5.63192
4.93 -5.63126
4.94 -5.6306
4.95 -5.62993
4.96 -5.62926
4.97 -5.62859
4.98 -5.62792
4.99 -5.62725
5 -5.62658
5.01 -5.6259
5.02 -5.62523
5.03 -5.62455
5.04 -5.62387
5.05 -5.62319
5.06 -5.6225
5.07 -5.62182
5.08 -5.62113
5.09 -5.62045
5.1 -5.61976
5.11 -5.61907
5.12 -5.61838
5.13 -5.61769
5.14 -5.617
5.15 -5.6163
5.16 -5.61561
5.17 -5.61491
5.18 -5.61421
5.19 -5.61352
5.2 -5.61282
5.21 -5.61212
5.22 -5.61142
5.23 -5.61071
5.24 -5.61001
5.25 -5.60931
5.26 -5.60861
5.27 -5.6079
5.28 -5.6072
5.29 -5.60649
5.3 -5.60579
5.31 -5.60508
5.32 -5.60437
5.33 -5.60366
5.34 -5.60296
5.35 -5.60225
5.36 -5.60154
5.37 -5.60083
5.38 -5.60012
5.39 -5.59941
5.4 -5.5987
5.41 -5.59799
5.42 -5.59728
5.43 -5.59657
5.44 -5.59586
5.45 -5.59515
5.46 -5.59444
5.47 -5.59373
5.48 -5.59302
5.49 -5.5923
5.5 -5.59159
5.51 -5.59088
5.52 -5.59017
5.53 -5.58945
5.54 -5.58874
5.55 -5.58803
5.56 -5.58731
5.57 -5.5866
5.58 -5.58589
5.59 -5.58517
5.6 -5.58445
5.61 -5.58374
5.62 -5.58302
5.63 -5.5823
5.64 -5.58158
5.65 -5.58086
5.66 -5.58014
5.67 -5.57942
5.68 -5.5787
5.69 -5.57797
5.7 -5.57725
5.71 -5.57652
5.72 -5.57579
5.73 -5.57506
5.74 -5.57433
5.75 -5.5736
5.76 -5.57286
5.77 -5.57212
5.78 -5.57138
5.79 -5.57063
5.8 -5.56989
5.81 -5.56914
5.82 -5.56838
5.83 -5.56763
5.84 -5.56686
5.85 -5.5661
5.86 -5.56533
5.87 -5.56456
5.88 -5.56378
5.89 -5.563
5.9 -5.56221
5.91 -5.56142
5.92 -5.56063
5.93 -5.55982
5.94 -5.55902
5.95 -5.5582
5.96 -5.55738
5.97 -5.55655
5.98 -5.55572
5.99 -5.55488
6 -5.55403
6.01 -5.55317
6.02 -5.55231
6.03 -5.55144
6.04 -5.55056
6.05 -5.54967
6.06 -5.54878
6.07 -5.54787
6.08 -5.54695
6.09 -5.54603
6.1 -5.5451
6.11 -5.54415
6.12 -5.5432
6.13 -5.54224
6.14 -5.54126
6.15 -5.54028
6.16 -5.53928
6.17 -5.53828
6.18 -5.53726
6.19 -5.53623
6.2 -5.53519
6.21 -5.53414
6.22 -5.53308
6.23 -5.53201
6.24 -5.53092
6.25 -5.52983
6.26 -5.52872
6.27 -5.5276
6.28 -5.52648
6.29 -5.52534
6.3 -5.52419
6.31 -5.52303
6.32 -5.52186
6.33 -5.52068
6.34 -5.51949
6.35 -5.51829
6.36 -5.51708
6.37 -5.51586
6.38 -5.51464
6.39 -5.51341
6.4 -5.51217
6.41 -5.51093
6.42 -5.50968
6.43 -5.50842
6.44 -5.50717
6.45 -5.50591
6.46 -5.50464
6.47 -5.50338
6.48 -5.50212
6.49 -5.50086
6.5 -5.4996
6.51 -5.49834
6.52 -5.49709
6.53 -5.49585
6.54 -5.49461
6.55 -5.49339
6.56 -5.49217
6.57 -5.49097
6.58 -5.48979
6.59 -5.48862
6.6 -5.48747
6.61 -5.48634
6.62 -5.48524
6.63 -5.48416
6.64 -5.48311
6.65 -5.48209
6.66 -5.4811
6.67 -5.48015
6.68 -5.47923
6.69 -5.47836
6.7 -5.47753
6.71 -5.47675
6.72 -5.47602
6.73 -5.47534
6.74 -5.47471
6.75 -5.47415
6.76 -5.47365
6.77 -5.47322
6.78 -5.47285
6.79 -5.47256
6.8 -5.47235
6.81 -5.47222
6.82 -5.47217
6.83 -5.47222
6.84 -5.47235
6.85 -5.47258
6.86 -5.47291
6.87 -5.47335
6.88 -5.47389
6.89 -5.47455
6.9 -5.47533
6.91 -5.47622
6.92 -5.47724
6.93 -5.47839
6.94 -5.47967
6.95 -5.48109
6.96 -5.48265
6.97 -5.48436
6.98 -5.48622
6.99 -5.48822
7 -5.49039
7.01 -5.49272
7.02 -5.49521
7.03 -5.49787
7.04 -5.50071
7.05 -5.50371
7.06 -5.5069
7.07 -5.51027
7.08 -5.51383
7.09 -5.51757
7.1 -5.52151
7.11 -5.52564
7.12 -5.52997
7.13 -5.53449
7.14 -5.53922
7.15 -5.54415
7.16 -5.54929
7.17 -5.55463
7.18 -5.56018
7.19 -5.56594
7.2 -5.57192
7.21 -5.5781
7.22 -5.5845
7.23 -5.59111
7.24 -5.59793
7.25 -5.60497
7.26 -5.61221
7.27 -5.61967
7.28 -5.62734
7.29 -5.63523
7.3 -5.64331
7.31 -5.65161
7.32 -5.66011
7.33 -5.66882
7.34 -5.67773
7.35 -5.68683
7.36 -5.69613
7.37 -5.70563
7.38 -5.71531
7.39 -5.72518
7.4 -5.73524
7.41 -5.74547
7.42 -5.75588
7.43 -5.76646
7.44 -5.77721
7.45 -5.78812
7.46 -5.79919
7.47 -5.81041
7.48 -5.82178
7.49 -5.8333
7.5 -5.84495
7.51 -5.85674
7.52 -5.86865
7.53 -5.88069
7.54 -5.89285
7.55 -5.90512
7.56 -5.9175
7.57 -5.92998
7.58 -5.94256
7.59 -5.95523
7.6 -5.96798
7.61 -5.98082
7.62 -5.99373
7.63 -6.00672
7.64 -6.01977
7.65 -6.03288
7.66 -6.04605
7.67 -6.05927
7.68 -6.07253
7.69 -6.08584
7.7 -6.09919
7.71 -6.11256
7.72 -6.12597
7.73 -6.1394
7.74 -6.15285
7.75 -6.16631
7.76 -6.17979
7.77 -6.19328
7.78 -6.20677
7.79 -6.22026
7.8 -6.23376
7.81 -6.24724
7.82 -6.26072
7.83 -6.27419
7.84 -6.28764
7.85 -6.30108
7.86 -6.31449
7.87 -6.32789
7.88 -6.34126
7.89 -6.3546
7.9 -6.36792
7.91 -6.3812
7.92 -6.39445
7.93 -6.40767
7.94 -6.42085
7.95 -6.43399
7.96 -6.44709
7.97 -6.46015
7.98 -6.47317
7.99 -6.48615
8 -6.49907
8.01 -6.51196
8.02 -6.52479
8.03 -6.53758
8.04 -6.55032
8.05 -6.56301
8.06 -6.57565
8.07 -6.58823
8.08 -6.60077
8.09 -6.61325
8.1 -6.62568
8.11 -6.63805
8.12 -6.65037
8.13 -6.66263
8.14 -6.67484
8.15 -6.68699
8.16 -6.69909
8.17 -6.71113
8.18 -6.72311
8.19 -6.73503
8.2 -6.7469
8.21 -6.75871
8.22 -6.77046
8.23 -6.78216
8.24 -6.7938
8.25 -6.80538
8.26 -6.8169
8.27 -6.82836
8.28 -6.83977
8.29 -6.85111
8.3 -6.8624
8.31 -6.87363
8.32 -6.8848
8.33 -6.89592
8.34 -6.90698
8.35 -6.91797
8.36 -6.92891
8.37 -6.9398
8.38 -6.95062
8.39 -6.96139
8.4 -6.9721
8.41 -6.98275
8.42 -6.99334
8.43 -7.00388
8.44 -7.01436
8.45 -7.02478
8.46 -7.03515
8.47 -7.04546
8.48 -7.05571
8.49 -7.06591
8.5 -7.07605
8.51 -7.08613
8.52 -7.09616
8.53 -7.10613
8.54 -7.11605
8.55 -7.12591
8.56 -7.13572
8.57 -7.14547
8.58 -7.15517
8.59 -7.16481
8.6 -7.1744
8.61 -7.18393
8.62 -7.19341
8.63 -7.20284
8.64 -7.21221
8.65 -7.22153
8.66 -7.23079
8.67 -7.24001
8.68 -7.24917
8.69 -7.25828
8.7 -7.26733
8.71 -7.27634
8.72 -7.28529
8.73 -7.29419
8.74 -7.30304
8.75 -7.31184
8.76 -7.32058
8.77 -7.32928
8.78 -7.33793
8.79 -7.34652
8.8 -7.35507
8.81 -7.36357
8.82 -7.37202
8.83 -7.38042
8.84 -7.38877
8.85 -7.39707
8.86 -7.40532
8.87 -7.41353
8.88 -7.42169
8.89 -7.4298
8.9 -7.43786
8.91 -7.44588
8.92 -7.45385
8.93 -7.46178
8.94 -7.46966
8.95 -7.47749
8.96 -7.48528
8.97 -7.49302
8.98 -7.50072
8.99 -7.50838
9 -7.51599
9.01 -7.52355
9.02 -7.53107
9.03 -7.53855
9.04 -7.54599
9.05 -7.55338
9.06 -7.56074
9.07 -7.56805
9.08 -7.57531
9.09 -7.58254
9.1 -7.58973
9.11 -7.59687
9.12 -7.60397
9.13 -7.61104
9.14 -7.61806
9.15 -7.62505
9.16 -7.63199
9.17 -7.6389
9.18 -7.64576
9.19 -7.65259
9.2 -7.65938
9.21 -7.66613
9.22 -7.67285
9.23 -7.67953
9.24 -7.68617
9.25 -7.69277
9.26 -7.69934
9.27 -7.70587
9.28 -7.71237
9.29 -7.71883
9.3 -7.72525
9.31 -7.73164
9.32 -7.738
9.33 -7.74432
9.34 -7.75061
9.35 -7.75686
9.36 -7.76308
9.37 -7.76927
9.38 -7.77542
9.39 -7.78154
9.4 -7.78763
9.41 -7.79368
9.42 -7.79971
9.43 -7.8057
9.44 -7.81166
9.45 -7.81759
9.46 -7.82349
9.47 -7.82936
9.48 -7.8352
9.49 -7.841
9.5 -7.84678
9.51 -7.85253
9.52 -7.85825
9.53 -7.86394
9.54 -7.8696
9.55 -7.87523
9.56 -7.88083
9.57 -7.8864
9.58 -7.89195
9.59 -7.89747
9.6 -7.90296
9.61 -7.90842
9.62 -7.91386
9.63 -7.91927
9.64 -7.92465
9.65 -7.93001
9.66 -7.93533
9.67 -7.94064
9.68 -7.94591
9.69 -7.95117
9.7 -7.95639
9.71 -7.96159
9.72 -7.96677
9.73 -7.97191
9.74 -7.97704
9.75 -7.98214
9.76 -7.98721
9.77 -7.99227
9.78 -7.99729
9.79 -8.0023
9.8 -8.00727
9.81 -8.01223
9.82 -8.01716
9.83 -8.02207
9.84 -8.02695
9.85 -8.03182
9.86 -8.03665
9.87 -8.04147
9.88 -8.04626
9.89 -8.05104
9.9 -8.05578
9.91 -8.06051
9.92 -8.06522
9.93 -8.0699
9.94 -8.07456
9.95 -8.0792
9.96 -8.08381
9.97 -8.08841
9.98 -8.09299
9.99 -8.09754
10 -8.10207
10.001 -10
