0 0
0.01 0.041403
0.02 0.0403417
0.03 0.0392906
0.04 0.0382499
0.05 0.0372201
0.06 0.0362013
0.07 0.0351939
0.08 0.034198
0.09 0.0332141
0.1 0.0322424
0.11 0.0312832
0.12 0.0303368
0.13 0.0294036
0.14 0.0284837
0.15 0.0275776
0.16 0.0266855
0.17 0.0258078
0.18 0.0249448
0.19 0.0240967
0.2 0.0232641
0.21 0.0224471
0.22 0.0216461
0.23 0.0208614
0.24 0.0200934
0.25 0.0193425
0.26 0.0186089
0.27 0.0178931
0.28 0.0171954
0.29 0.016516
0.3 0.0158555
0.31 0.0152141
0.32 0.0145923
0.33 0.0139903
0.34 0.0134086
0.35 0.0128475
0.36 0.0123074
0.37 0.0117886
0.38 0.0112917
0.39 0.0108168
0.4 0.0103645
0.41 0.009935
0.42 0.00952882
0.43 0.0091463
0.44 0.00878784
0.45 0.00845381
0.46 0.00814461
0.47 0.00786063
0.48 0.00760225
0.49 0.00736988
0.5 0.00716391
0.51 0.00698472
0.52 0.00683272
0.53 0.00670828
0.54 0.00661182
0.55 0.00654372
0.56 0.00650436
0.57 0.00649416
0.58 0.00651348
0.59 0.00656273
0.6 0.00664229
0.61 0.00675255
0.62 0.0068939
0.63 0.00706671
0.64 0.00727136
0.65 0.00750824
0.66 0.00777771
0.67 0.00808016
0.68 0.00841594
0.69 0.00878543
0.7 0.00918898
0.71 0.00962695
0.72 0.0100997
0.73 0.0106076
0.74 0.0111509
0.75 0.01173
0.76 0.0123453
0.77 0.012997
0.78 0.0136855
0.79 0.0144111
0.8 0.0151741
0.81 0.0159747
0.82 0.0168133
0.83 0.0176902
0.84 0.0186056
0.85 0.0195598
0.86 0.0205531
0.87 0.0215856
0.88 0.0226576
0.89 0.0237694
0.9 0.0249212
0.91 0.026113
0.92 0.0273452
0.93 0.0286179
0.94 0.0299313
0.95 0.0312855
0.96 0.0326806
0.97 0.0341168
0.98 0.0355942
0.99 0.0371128
1 0.0386727
1.01 0.0402741
1.02 0.0419168
1.03 0.043601
1.04 0.0453266
1.05 0.0470937
1.06 0.0489021
1.07 0.0507519
1.08 0.052643
1.09 0.0545753
1.1 0.0565486
1.11 0.0585629
1.12 0.060618
1.13 0.0627137
1.14 0.0648499
1.15 0.0670262
1.16 0.0692425
1.17 0.0714986
1.18 0.073794
1.19 0.0761286
1.2 0.078502
1.21 0.0809138
1.22 0.0833638
1.23 0.0858514
1.24 0.0883762
1.25 0.0909379
1.26 0.0935359
1.27 0.0961698
1.28 0.0988391
1.29 0.101543
1.3 0.104282
1.31 0.107054
1.32 0.109859
1.33 0.112696
1.34 0.115566
1.35 0.118467
1.36 0.121398
1.37 0.124359
1.38 0.127349
1.39 0.130368
1.4 0.133414
1.41 0.136487
1.42 0.139586
1.43 0.142711
1.44 0.14586
1.45 0.149032
1.46 0.152228
1.47 0.155446
1.48 0.158685
1.49 0.161944
1.5 0.165223
1.51 0.16852
1.52 0.171835
1.53 0.175167
1.54 0.178515
1.55 0.181879
1.56 0.185257
1.57 0.188648
1.58 0.192052
1.59 0.195467
1.6 0.198894
1.61 0.202331
1.62 0.205777
1.63 0.209232
1.64 0.212694
1.65 0.216163
1.66 0.219639
1.67 0.22312
1.68 0.226605
1.69 0.230095
1.7 0.233588
1.71 0.237083
1.72 0.240581
1.73 0.244079
1.74 0.247579
1.75 0.251079
1.76 0.254578
1.77 0.258076
1.78 0.261573
1.79 0.265068
1.8 0.268561
1.81 0.272051
1.82 0.275538
1.83 0.279021
1.84 0.2825
1.85 0.285975
1.86 0.289446
1.87 0.292911
1.88 0.296372
1.89 0.299827
1.9 0.303277
1.91 0.306721
1.92 0.310159
1.93 0.313592
1.94 0.317018
1.95 0.320438
1.96 0.323852
1.97 0.32726
1.98 0.330662
1.99 0.334057
2 0.337446
2.01 0.340829
2.02 0.344206
2.03 0.347577
2.04 0.350942
2.05 0.354301
2.06 0.357654
2.07 0.361001
2.08 0.364343
2.09 0.36768
2.1 0.371011
2.11 0.374337
2.12 0.377658
2.13 0.380975
2.14 0.384286
2.15 0.387594
2.16 0.390897
2.17 0.394196
2.18 0.397491
2.19 0.400782
2.2 0.40407
2.21 0.407354
2.22 0.410636
2.23 0.413914
2.24 0.41719
2.25 0.420463
2.26 0.423734
2.27 0.427002
2.28 0.430269
2.29 0.433533
2.3 0.436796
2.31 0.440058
2.32 0.443318
2.33 0.446576
2.34 0.449834
2.35 0.453091
2.36 0.456347
2.37 0.459602
2.38 0.462857
2.39 0.466111
2.4 0.469365
2.41 0.472619
2.42 0.475873
2.43 0.479127
2.44 0.482381
2.45 0.485635
2.46 0.48889
2.47 0.492144
2.48 0.4954
2.49 0.498655
2.5 0.501912
2.51 0.505169
2.52 0.508426
2.53 0.511684
2.54 0.514943
2.55 0.518203
2.56 0.521463
2.57 0.524724
2.58 0.527986
2.59 0.531249
2.6 0.534513
2.61 0.537777
2.62 0.541042
2.63 0.544309
2.64 0.547575
2.65 0.550843
2.66 0.554111
2.67 0.557381
2.68 0.560651
2.69 0.563921
2.7 0.567192
2.71 0.570464
2.72 0.573737
2.73 0.57701
2.74 0.580283
2.75 0.583558
2.76 0.586832
2.77 0.590107
2.78 0.593382
2.79 0.596658
2.8 0.599934
2.81 0.60321
2.82 0.606486
2.83 0.609763
2.84 0.613039
2.85 0.616316
2.86 0.619593
2.87 0.622869
2.88 0.626145
2.89 0.629422
2.9 0.632698
2.91 0.635973
2.92 0.639249
2.93 0.642524
2.94 0.645799
2.95 0.649073
2.96 0.652347
2.97 0.65562
2.98 0.658893
2.99 0.662165
3 0.665437
3.01 0.668708
3.02 0.671978
3.03 0.675247
3.04 0.678516
3.05 0.681784
3.06 0.685051
3.07 0.688317
3.08 0.691582
3.09 0.694846
3.1 0.69811
3.11 0.701372
3.12 0.704634
3.13 0.707894
3.14 0.711154
3.15 0.714412
3.16 0.71767
3.17 0.720926
3.18 0.724182
3.19 0.727436
3.2 0.730689
3.21 0.733942
3.22 0.737193
3.23 0.740443
3.24 0.743692
3.25 0.746941
3.26 0.750188
3.27 0.753434
3.28 0.756679
3.29 0.759924
3.3 0.763167
3.31 0.76641
3.32 0.769651
3.33 0.772892
3.34 0.776132
3.35 0.779371
3.36 0.782609
3.37 0.785847
3.38 0.789084
3.39 0.79232
3.4 0.795555
3.41 0.79879
3.42 0.802025
3.43 0.805259
3.44 0.808492
3.45 0.811725
3.46 0.814958
3.47 0.818191
3.48 0.821423
3.49 0.824655
3.5 0.827887
3.51 0.831119
3.52 0.83435
3.53 0.837582
3.54 0.840814
3.55 0.844046
3.56 0.847279
3.57 0.850512
3.58 0.853745
3.59 0.856978
3.6 0.860212
3.61 0.863447
3.62 0.866682
3.63 0.869918
3.64 0.873155
3.65 0.876393
3.66 0.879632
3.67 0.882872
3.68 0.886113
3.69 0.889355
3.7 0.892598
3.71 0.895843
3.72 0.899089
3.73 0.902337
3.74 0.905587
3.75 0.908838
3.76 0.912091
3.77 0.915346
3.78 0.918604
3.79 0.921863
3.8 0.925124
3.81 0.928388
3.82 0.931654
3.83 0.934922
3.84 0.938193
3.85 0.941467
3.86 0.944743
3.87 0.948023
3.88 0.951305
3.89 0.95459
3.9 0.957879
3.91 0.96117
3.92 0.964465
3.93 0.967764
3.94 0.971066
3.95 0.974371
3.96 0.977681
3.97 0.980994
3.98 0.984311
3.99 0.987632
4 0.990958
4.01 0.994287
4.02 0.997621
4.03 1.00096
4.04 1.0043
4.05 1.00765
4.06 1.011
4.07 1.01436
4.08 1.01772
4.09 1.02109
4.1 1.02446
4.11 1.02784
4.12 1.03122
4.13 1.03461
4.14 1.038
4.15 1.0414
4.16 1.04481
4.17 1.04822
4.18 1.05164
4.19 1.05506
4.2 1.05849
4.21 1.06193
4.22 1.06537
4.23 1.06882
4.24 1.07228
4.25 1.07574
4.26 1.07921
4.27 1.08268
4.28 1.08617
4.29 1.08966
4.3 1.09315
4.31 1.09666
4.32 1.10017
4.33 1.10369
4.34 1.10722
4.35 1.11075
4.36 1.11429
4.37 1.11784
4.38 1.1214
4.39 1.12497
4.4 1.12854
4.41 1.13212
4.42 1.13572
4.43 1.13932
4.44 1.14292
4.45 1.14654
4.46 1.15017
4.47 1.1538
4.48 1.15744
4.49 1.1611
4.5 1.16476
4.51 1.16843
4.52 1.17211
4.53 1.1758
4.54 1.17949
4.55 1.1832
4.56 1.18692
4.57 1.19065
4.58 1.19438
4.59 1.19813
4.6 1.20189
4.61 1.20565
4.62 1.20943
4.63 1.21322
4.64 1.21701
4.65 1.22082
4.66 1.22464
4.67 1.22847
4.68 1.23231
4.69 1.23616
4.7 1.24002
4.71 1.24389
4.72 1.24777
4.73 1.25166
4.74 1.25556
4.75 1.25948
4.76 1.2634
4.77 1.26734
4.78 1.27129
4.79 1.27525
4.8 1.27922
4.81 1.2832
4.82 1.28719
4.83 1.2912
4.84 1.29521
4.85 1.29924
4.86 1.30328
4.87 1.30733
4.88 1.31139
4.89 1.31547
4.9 1.31955
4.91 1.32365
4.92 1.32776
4.93 1.33188
4.94 1.33602
4.95 1.34016
4.96 1.34432
4.97 1.34849
4.98 1.35267
4.99 1.35687
5 1.36107
5.01 1.36529
5.02 1.36952
5.03 1.37376
5.04 1.37802
5.05 1.38229
5.06 1.38657
5.07 1.39086
5.08 1.39516
5.09 1.39948
5.1 1.40381
5.11 1.40815
5.12 1.41251
5.13 1.41687
5.14 1.42125
5.15 1.42564
5.16 1.43005
5.17 1.43446
5.18 1.43889
5.19 1.44333
5.2 1.44778
5.21 1.45225
5.22 1.45673
5.23 1.46122
5.24 1.46572
5.25 1.47023
5.26 1.47476
5.27 1.4793
5.28 1.48385
5.29 1.48842
5.3 1.49299
5.31 1.49758
5.32 1.50218
5.33 1.5068
5.34 1.51142
5.35 1.51606
5.36 1.52071
5.37 1.52537
5.38 1.53004
5.39 1.53473
5.4 1.53943
5.41 1.54413
5.42 1.54886
5.43 1.55359
5.44 1.55833
5.45 1.56309
5.46 1.56786
5.47 1.57264
5.48 1.57743
5.49 1.58223
5.5 1.58704
5.51 1.59187
5.52 1.59671
5.53 1.60156
5.54 1.60642
5.55 1.61129
5.56 1.61617
5.57 1.62106
5.58 1.62596
5.59 1.63088
5.6 1.63581
5.61 1.64074
5.62 1.64569
5.63 1.65065
5.64 1.65562
5.65 1.6606
5.66 1.66559
5.67 1.67059
5.68 1.6756
5.69 1.68062
5.7 1.68565
5.71 1.69069
5.72 1.69574
5.73 1.7008
5.74 1.70587
5.75 1.71096
5.76 1.71605
5.77 1.72115
5.78 1.72626
5.79 1.73138
5.8 1.73651
5.81 1.74165
5.82 1.7468
5.83 1.75196
5.84 1.75713
5.85 1.7623
5.86 1.76749
5.87 1.77269
5.88 1.77789
5.89 1.7831
5.9 1.78833
5.91 1.79356
5.92 1.7988
5.93 1.80405
5.94 1.80931
5.95 1.81458
5.96 1.81985
5.97 1.82514
5.98 1.83043
5.99 1.83573
6 1.84104
6.01 1.84636
6.02 1.85169
6.03 1.85703
6.04 1.86237
6.05 1.86773
6.06 1.87309
6.07 1.87846
6.08 1.88384
6.09 1.88922
6.1 1.89462
6.11 1.90002
6.12 1.90544
6.13 1.91086
6.14 1.91629
6.15 1.92173
6.16 1.92717
6.17 1.93263
6.18 1.93809
6.19 1.94357
6.2 1.94905
6.21 1.95454
6.22 1.96004
6.23 1.96555
6.24 1.97106
6.25 1.97659
6.26 1.98212
6.27 1.98767
6.28 1.99322
6.29 1.99878
6.3 2.00435
6.31 2.00993
6.32 2.01553
6.33 2.02113
6.34 2.02674
6.35 2.03236
6.36 2.03799
6.37 2.04363
6.38 2.04928
6.39 2.05494
6.4 2.06061
6.41 2.06629
6.42 2.07198
6.43 2.07769
6.44 2.0834
6.45 2.08913
6.46 2.09487
6.47 2.10061
6.48 2.10638
6.49 2.11215
6.5 2.11794
6.51 2.12373
6.52 2.12954
6.53 2.13537
6.54 2.14121
6.55 2.14706
6.56 2.15292
6.57 2.1588
6.58 2.16469
6.59 2.1706
6.6 2.17652
6.61 2.18246
6.62 2.18841
6.63 2.19437
6.64 2.20036
6.65 2.20636
6.66 2.21237
6.67 2.2184
6.68 2.22445
6.69 2.23052
6.7 2.2366
6.71 2.2427
6.72 2.24883
6.73 2.25496
6.74 2.26112
6.75 2.2673
6.76 2.2735
6.77 2.27971
6.78 2.28595
6.79 2.29221
6.8 2.29849
6.81 2.30479
6.82 2.31111
6.83 2.31746
6.84 2.32383
6.85 2.33022
6.86 2.33663
6.87 2.34307
6.88 2.34953
6.89 2.35602
6.9 2.36253
6.91 2.36907
6.92 2.37563
6.93 2.38222
6.94 2.38884
6.95 2.39549
6.96 2.40216
6.97 2.40886
6.98 2.41558
6.99 2.42234
7 2.42913
7.01 2.43594
7.02 2.44279
7.03 2.44967
7.04 2.45658
7.05 2.46351
7.06 2.47049
7.07 2.47749
7.08 2.48453
7.09 2.49159
7.1 2.4987
7.11 2.50583
7.12 2.513
7.13 2.52021
7.14 2.52745
7.15 2.53473
7.16 2.54204
7.17 2.54939
7.18 2.55677
7.19 2.5642
7.2 2.57166
7.21 2.57915
7.22 2.58669
7.23 2.59426
7.24 2.60188
7.25 2.60953
7.26 2.61722
7.27 2.62495
7.28 2.63273
7.29 2.64054
7.3 2.64839
7.31 2.65629
7.32 2.66422
7.33 2.6722
7.34 2.68022
7.35 2.68828
7.36 2.69638
7.37 2.70453
7.38 2.71272
7.39 2.72095
7.4 2.72922
7.41 2.73754
7.42 2.7459
7.43 2.7543
7.44 2.76275
7.45 2.77124
7.46 2.77978
7.47 2.78836
7.48 2.79698
7.49 2.80564
7.5 2.81435
7.51 2.82311
7.52 2.8319
7.53 2.84074
7.54 2.84963
7.55 2.85855
7.56 2.86752
7.57 2.87654
7.58 2.88559
7.59 2.89469
7.6 2.90383
7.61 2.91302
7.62 2.92224
7.63 2.93151
7.64 2.94082
7.65 2.95017
7.66 2.95956
7.67 2.96899
7.68 2.97846
7.69 2.98797
7.7 2.99752
7.71 3.00711
7.72 3.01674
7.73 3.0264
7.74 3.03611
7.75 3.04584
7.76 3.05562
7.77 3.06543
7.78 3.07527
7.79 3.08515
7.8 3.09506
7.81 3.10501
7.82 3.11498
7.83 3.12499
7.84 3.13503
7.85 3.1451
7.86 3.15519
7.87 3.16532
7.88 3.17547
7.89 3.18565
7.9 3.19585
7.91 3.20608
7.92 3.21633
7.93 3.2266
7.94 3.2369
7.95 3.24722
7.96 3.25755
7.97 3.26791
7.98 3.27828
7.99 3.28867
8 3.29907
8.01 3.30949
8.02 3.31992
8.03 3.33036
8.04 3.34082
8.05 3.35128
8.06 3.36175
8.07 3.37223
8.08 3.38272
8.09 3.39321
8.1 3.40371
8.11 3.4142
8.12 3.4247
8.13 3.4352
8.14 3.4457
8.15 3.4562
8.16 3.46669
8.17 3.47718
8.18 3.48766
8.19 3.49814
8.2 3.5086
8.21 3.51906
8.22 3.52951
8.23 3.53994
8.24 3.55036
8.25 3.56076
8.26 3.57115
8.27 3.58152
8.28 3.59187
8.29 3.60221
8.3 3.61252
8.31 3.6228
8.32 3.63307
8.33 3.64331
8.34 3.65352
8.35 3.6637
8.36 3.67386
8.37 3.68398
8.38 3.69408
8.39 3.70414
8.4 3.71416
8.41 3.72415
8.42 3.73411
8.43 3.74402
8.44 3.7539
8.45 3.76374
8.46 3.77353
8.47 3.78328
8.48 3.79299
8.49 3.80265
8.5 3.81227
8.51 3.82184
8.52 3.83135
8.53 3.84082
8.54 3.85024
8.55 3.8596
8.56 3.86891
8.57 3.87817
8.58 3.88737
8.59 3.89651
8.6 3.90559
8.61 3.91461
8.62 3.92358
8.63 3.93248
8.64 3.94132
8.65 3.95009
8.66 3.9588
8.67 3.96744
8.68 3.97602
8.69 3.98453
8.7 3.99297
8.71 4.00134
8.72 4.00963
8.73 4.01786
8.74 4.02601
8.75 4.03409
8.76 4.0421
8.77 4.05003
8.78 4.05788
8.79 4.06566
8.8 4.07335
8.81 4.08097
8.82 4.08851
8.83 4.09597
8.84 4.10335
8.85 4.11065
8.86 4.11787
8.87 4.125
8.88 4.13205
8.89 4.13901
8.9 4.1459
8.91 4.15269
8.92 4.1594
8.93 4.16603
8.94 4.17257
8.95 4.17902
8.96 4.18539
8.97 4.19167
8.98 4.19786
8.99 4.20396
9 4.20998
9.01 4.2159
9.02 4.22174
9.03 4.2275
9.04 4.23316
9.05 4.23873
9.06 4.24422
9.07 4.24961
9.08 4.25492
9.09 4.26014
9.1 4.26527
9.11 4.27031
9.12 4.27527
9.13 4.28013
9.14 4.28491
9.15 4.2896
9.16 4.2942
9.17 4.29872
9.18 4.30315
9.19 4.30749
9.2 4.31174
9.21 4.31591
9.22 4.31999
9.23 4.32399
9.24 4.3279
9.25 4.33173
9.26 4.33547
9.27 4.33913
9.28 4.34271
9.29 4.3462
9.3 4.34961
9.31 4.35294
9.32 4.35619
9.33 4.35936
9.34 4.36245
9.35 4.36545
9.36 4.36838
9.37 4.37123
9.38 4.37401
9.39 4.3767
9.4 4.37932
9.41 4.38187
9.42 4.38433
9.43 4.38673
9.44 4.38905
9.45 4.39129
9.46 4.39347
9.47 4.39557
9.48 4.3976
9.49 4.39956
9.5 4.40145
9.51 4.40327
9.52 4.40502
9.53 4.4067
9.54 4.40832
9.55 4.40987
9.56 4.41136
9.57 4.41278
9.58 4.41413
9.59 4.41542
9.6 4.41665
9.61 4.41782
9.62 4.41892
9.63 4.41997
9.64 4.42095
9.65 4.42187
9.66 4.42274
9.67 4.42355
9.68 4.4243
9.69 4.42499
9.7 4.42563
9.71 4.42621
9.72 4.42673
9.73 4.42721
9.74 4.42763
9.75 4.42799
9.76 4.42831
9.77 4.42857
9.78 4.42878
9.79 4.42894
9.8 4.42906
9.81 4.42912
9.82 4.42914
9.83 4.4291
9.84 4.42903
9.85 4.4289
9.86 4.42873
9.87 4.42851
9.88 4.42825
9.89 4.42795
9.9 4.4276
9.91 4.42721
9.92 4.42678
9.93 4.4263
9.94 4.42579
9.95 4.42523
9.96 4.42463
9.97 4.424
9.98 4.42333
9.99 4.42261
10 4.42186
10.001 0
