0 5
0.01 4.28405
0.02 4.28538
0.03 4.28674
0.04 4.28811
0.05 4.28949
0.06 4.29089
0.07 4.2923
0.08 4.29373
0.09 4.29518
0.1 4.29664
0.11 4.29812
0.12 4.29961
0.13 4.30113
0.14 4.30265
0.15 4.3042
0.16 4.30576
0.17 4.30733
0.18 4.30893
0.19 4.31054
0.2 4.31216
0.21 4.31381
0.22 4.31547
0.23 4.31715
0.24 4.31885
0.25 4.32056
0.26 4.32229
0.27 4.32404
0.28 4.32581
0.29 4.3276
0.3 4.3294
0.31 4.33123
0.32 4.33307
0.33 4.33493
0.34 4.33681
0.35 4.33871
0.36 4.34062
0.37 4.34256
0.38 4.34452
0.39 4.34649
0.4 4.34849
0.41 4.3505
0.42 4.35254
0.43 4.3546
0.44 4.35667
0.45 4.35877
0.46 4.36089
0.47 4.36303
0.48 4.36519
0.49 4.36737
0.5 4.36957
0.51 4.3718
0.52 4.37405
0.53 4.37632
0.54 4.37861
0.55 4.38092
0.56 4.38326
0.57 4.38562
0.58 4.38801
0.59 4.39042
0.6 4.39285
0.61 4.39531
0.62 4.39779
0.63 4.4003
0.64 4.40283
0.65 4.40539
0.66 4.40797
0.67 4.41058
0.68 4.41321
0.69 4.41588
0.7 4.41856
0.71 4.42128
0.72 4.42403
0.73 4.4268
0.74 4.4296
0.75 4.43243
0.76 4.43529
0.77 4.43818
0.78 4.44109
0.79 4.44404
0.8 4.44702
0.81 4.45003
0.82 4.45307
0.83 4.45615
0.84 4.45925
0.85 4.46239
0.86 4.46557
0.87 4.46877
0.88 4.47201
0.89 4.47528
0.9 4.47859
0.91 4.48194
0.92 4.48532
0.93 4.48874
0.94 4.49219
0.95 4.49568
0.96 4.49921
0.97 4.50277
0.98 4.50638
0.99 4.51002
1 4.51371
1.01 4.51743
1.02 4.5212
1.03 4.525
1.04 4.52885
1.05 4.53274
1.06 4.53667
1.07 4.54064
1.08 4.54466
1.09 4.54872
1.1 4.55283
1.11 4.55698
1.12 4.56117
1.13 4.56541
1.14 4.5697
1.15 4.57403
1.16 4.57841
1.17 4.58283
1.18 4.58731
1.19 4.59183
1.2 4.59639
1.21 4.60101
1.22 4.60568
1.23 4.61039
1.24 4.61515
1.25 4.61997
1.26 4.62483
1.27 4.62974
1.28 4.6347
1.29 4.63972
1.3 4.64478
1.31 4.64989
1.32 4.65505
1.33 4.66027
1.34 4.66553
1.35 4.67085
1.36 4.67621
1.37 4.68163
1.38 4.68709
1.39 4.69261
1.4 4.69817
1.41 4.70378
1.42 4.70945
1.43 4.71516
1.44 4.72092
1.45 4.72673
1.46 4.73259
1.47 4.73849
1.48 4.74445
1.49 4.75044
1.5 4.75649
1.51 4.76258
1.52 4.76871
1.53 4.77489
1.54 4.78111
1.55 4.78737
1.56 4.79367
1.57 4.80002
1.58 4.8064
1.59 4.81282
1.6 4.81928
1.61 4.82578
1.62 4.83231
1.63 4.83888
1.64 4.84548
1.65 4.85211
1.66 4.85877
1.67 4.86546
1.68 4.87218
1.69 4.87892
1.7 4.8857
1.71 4.89249
1.72 4.89931
1.73 4.90615
1.74 4.91301
1.75 4.91988
1.76 4.92678
1.77 4.93369
1.78 4.94061
1.79 4.94754
1.8 4.95449
1.81 4.96144
1.82 4.9684
1.83 4.97537
1.84 4.98234
1.85 4.98931
1.86 4.99628
1.87 5.00325
1.88 5.01022
1.89 5.01719
1.9 5.02415
1.91 5.0311
1.92 5.03804
1.93 5.04498
1.94 5.0519
1.95 5.05881
1.96 5.0657
1.97 5.07258
1.98 5.07943
1.99 5.08627
2 5.09309
2.01 5.09989
2.02 5.10666
2.03 5.11341
2.04 5.12013
2.05 5.12683
2.06 5.1335
2.07 5.14014
2.08 5.14674
2.09 5.15332
2.1 5.15986
2.11 5.16637
2.12 5.17284
2.13 5.17928
2.14 5.18568
2.15 5.19205
2.16 5.19837
2.17 5.20466
2.18 5.21091
2.19 5.21711
2.2 5.22328
2.21 5.2294
2.22 5.23548
2.23 5.24152
2.24 5.24752
2.25 5.25347
2.26 5.25937
2.27 5.26524
2.28 5.27105
2.29 5.27682
2.3 5.28255
2.31 5.28823
2.32 5.29386
2.33 5.29945
2.34 5.30499
2.35 5.31048
2.36 5.31593
2.37 5.32133
2.38 5.32668
2.39 5.33198
2.4 5.33724
2.41 5.34245
2.42 5.34762
2.43 5.35274
2.44 5.35781
2.45 5.36283
2.46 5.36781
2.47 5.37274
2.48 5.37762
2.49 5.38246
2.5 5.38725
2.51 5.392
2.52 5.3967
2.53 5.40136
2.54 5.40597
2.55 5.41053
2.56 5.41506
2.57 5.41953
2.58 5.42397
2.59 5.42836
2.6 5.43271
2.61 5.43701
2.62 5.44127
2.63 5.44549
2.64 5.44967
2.65 5.45381
2.66 5.4579
2.67 5.46196
2.68 5.46597
2.69 5.46995
2.7 5.47388
2.71 5.47778
2.72 5.48164
2.73 5.48545
2.74 5.48923
2.75 5.49298
2.76 5.49668
2.77 5.50035
2.78 5.50398
2.79 5.50758
2.8 5.51114
2.81 5.51467
2.82 5.51816
2.83 5.52161
2.84 5.52504
2.85 5.52842
2.86 5.53178
2.87 5.5351
2.88 5.53839
2.89 5.54165
2.9 5.54488
2.91 5.54807
2.92 5.55124
2.93 5.55437
2.94 5.55747
2.95 5.56055
2.96 5.56359
2.97 5.56661
2.98 5.5696
2.99 5.57255
3 5.57548
3.01 5.57839
3.02 5.58126
3.03 5.58411
3.04 5.58694
3.05 5.58973
3.06 5.5925
3.07 5.59525
3.08 5.59797
3.09 5.60066
3.1 5.60334
3.11 5.60598
3.12 5.60861
3.13 5.61121
3.14 5.61378
3.15 5.61634
3.16 5.61887
3.17 5.62138
3.18 5.62386
3.19 5.62633
3.2 5.62877
3.21 5.6312
3.22 5.6336
3.23 5.63598
3.24 5.63835
3.25 5.64069
3.26 5.64301
3.27 5.64531
3.28 5.6476
3.29 5.64986
3.3 5.65211
3.31 5.65434
3.32 5.65655
3.33 5.65874
3.34 5.66092
3.35 5.66308
3.36 5.66522
3.37 5.66734
3.38 5.66945
3.39 5.67155
3.4 5.67362
3.41 5.67568
3.42 5.67773
3.43 5.67975
3.44 5.68177
3.45 5.68377
3.46 5.68575
3.47 5.68772
3.48 5.68968
3.49 5.69162
3.5 5.69355
3.51 5.69546
3.52 5.69736
3.53 5.69925
3.54 5.70112
3.55 5.70298
3.56 5.70483
3.57 5.70667
3.58 5.70849
3.59 5.7103
3.6 5.7121
3.61 5.71389
3.62 5.71567
3.63 5.71743
3.64 5.71918
3.65 5.72093
3.66 5.72266
3.67 5.72438
3.68 5.72609
3.69 5.72779
3.7 5.72947
3.71 5.73115
3.72 5.73282
3.73 5.73448
3.74 5.73613
3.75 5.73777
3.76 5.7394
3.77 5.74102
3.78 5.74263
3.79 5.74423
3.8 5.74583
3.81 5.74741
3.82 5.74899
3.83 5.75055
3.84 5.75211
3.85 5.75366
3.86 5.75521
3.87 5.75674
3.88 5.75827
3.89 5.75979
3.9 5.7613
3.91 5.7628
3.92 5.7643
3.93 5.76579
3.94 5.76727
3.95 5.76874
3.96 5.77021
3.97 5.77167
3.98 5.77312
3.99 5.77457
4 5.77601
4.01 5.77745
4.02 5.77887
4.03 5.7803
4.04 5.78171
4.05 5.78312
4.06 5.78452
4.07 5.78592
4.08 5.78731
4.09 5.7887
4.1 5.79008
4.11 5.79145
4.12 5.79282
4.13 5.79419
4.14 5.79555
4.15 5.7969
4.16 5.79825
4.17 5.79959
4.18 5.80093
4.19 5.80226
4.2 5.80359
4.21 5.80491
4.22 5.80623
4.23 5.80755
4.24 5.80886
4.25 5.81016
4.26 5.81147
4.27 5.81276
4.28 5.81405
4.29 5.81534
4.3 5.81663
4.31 5.81791
4.32 5.81918
4.33 5.82046
4.34 5.82173
4.35 5.82299
4.36 5.82425
4.37 5.82551
4.38 5.82676
4.39 5.82801
4.4 5.82926
4.41 5.8305
4.42 5.83174
4.43 5.83298
4.44 5.83421
4.45 5.83544
4.46 5.83667
4.47 5.8379
4.48 5.83912
4.49 5.84033
4.5 5.84155
4.51 5.84276
4.52 5.84397
4.53 5.84518
4.54 5.84638
4.55 5.84758
4.56 5.84878
4.57 5.84997
4.58 5.85117
4.59 5.85236
4.6 5.85354
4.61 5.85473
4.62 5.85591
4.63 5.85709
4.64 5.85827
4.65 5.85945
4.66 5.86062
4.67 5.86179
4.68 5.86296
4.69 5.86413
4.7 5.86529
4.71 5.86646
4.72 5.86762
4.73 5.86878
4.74 5.86993
4.75 5.87109
4.76 5.87224
4.77 5.87339
4.78 5.87454
4.79 5.87569
4.8 5.87683
4.81 5.87798
4.82 5.87912
4.83 5.88026
4.84 5.8814
4.85 5.88254
4.86 5.88367
4.87 5.8848
4.88 5.88594
4.89 5.88707
4.9 5.8882
4.91 5.88932
4.92 5.89045
4.93 5.89158
4.94 5.8927
4.95 5.89382
4.96 5.89494
4.97 5.89606
4.98 5.89718
4.99 5.8983
5 5.89941
5.01 5.90053
5.02 5.90164
5.03 5.90275
5.04 5.90386
5.05 5.90497
5.06 5.90608
5.07 5.90719
5.08 5.90829
5.09 5.9094
5.1 5.9105
5.11 5.91161
5.12 5.91271
5.13 5.91381
5.14 5.91491
5.15 5.91601
5.16 5.91711
5.17 5.9182
5.18 5.9193
5.19 5.92039
5.2 5.92149
5.21 5.92258
5.22 5.92368
5.23 5.92477
5.24 5.92586
5.25 5.92695
5.26 5.92804
5.27 5.92913
5.28 5.93022
5.29 5.9313
5.3 5.93239
5.31 5.93348
5.32 5.93456
5.33 5.93565
5.34 5.93673
5.35 5.93782
5.36 5.9389
5.37 5.93998
5.38 5.94106
5.39 5.94214
5.4 5.94323
5.41 5.94431
5.42 5.94539
5.43 5.94647
5.44 5.94754
5.45 5.94862
5.46 5.9497
5.47 5.95078
5.48 5.95185
5.49 5.95293
5.5 5.95401
5.51 5.95508
5.52 5.95616
5.53 5.95723
5.54 5.95831
5.55 5.95938
5.56 5.96046
5.57 5.96153
5.58 5.96261
5.59 5.96368
5.6 5.96475
5.61 5.96583
5.62 5.9669
5.63 5.96797
5.64 5.96904
5.65 5.97012
5.66 5.97119
5.67 5.97226
5.68 5.97333
5.69 5.97441
5.7 5.97548
5.71 5.97655
5.72 5.97762
5.73 5.9787
5.74 5.97977
5.75 5.98084
5.76 5.98191
5.77 5.98299
5.78 5.98406
5.79 5.98513
5.8 5.9862
5.81 5.98728
5.82 5.98835
5.83 5.98942
5.84 5.9905
5.85 5.99157
5.86 5.99265
5.87 5.99372
5.88 5.9948
5.89 5.99587
5.9 5.99695
5.91 5.99803
5.92 5.99911
5.93 6.00018
5.94 6.00126
5.95 6.00234
5.96 6.00342
5.97 6.0045
5.98 6.00558
5.99 6.00666
6 6.00775
6.01 6.00883
6.02 6.00991
6.03 6.011
6.04 6.01209
6.05 6.01317
6.06 6.01426
6.07 6.01535
6.08 6.01644
6.09 6.01753
6.1 6.01862
6.11 6.01971
6.12 6.02081
6.13 6.0219
6.14 6.023
6.15 6.0241
6.16 6.0252
6.17 6.0263
6.18 6.0274
6.19 6.02851
6.2 6.02961
6.21 6.03072
6.22 6.03183
6.23 6.03294
6.24 6.03405
6.25 6.03516
6.26 6.03628
6.27 6.03739
6.28 6.03851
6.29 6.03963
6.3 6.04076
6.31 6.04188
6.32 6.04301
6.33 6.04414
6.34 6.04527
6.35 6.0464
6.36 6.04754
6.37 6.04868
6.38 6.04982
6.39 6.05096
6.4 6.05211
6.41 6.05326
6.42 6.05441
6.43 6.05556
6.44 6.05672
6.45 6.05788
6.46 6.05904
6.47 6.06021
6.48 6.06137
6.49 6.06254
6.5 6.06372
6.51 6.06489
6.52 6.06608
6.53 6.06726
6.54 6.06845
6.55 6.06964
6.56 6.07083
6.57 6.07203
6.58 6.07323
6.59 6.07443
6.6 6.07564
6.61 6.07685
6.62 6.07806
6.63 6.07928
6.64 6.08051
6.65 6.08173
6.66 6.08296
6.67 6.0842
6.68 6.08544
6.69 6.08668
6.7 6.08793
6.71 6.08918
6.72 6.09043
6.73 6.09169
6.74 6.09295
6.75 6.09422
6.76 6.09549
6.77 6.09677
6.78 6.09805
6.79 6.09934
6.8 6.10063
6.81 6.10192
6.82 6.10322
6.83 6.10453
6.84 6.10584
6.85 6.10715
6.86 6.10847
6.87 6.10979
6.88 6.11112
6.89 6.11245
6.9 6.11379
6.91 6.11513
6.92 6.11647
6.93 6.11782
6.94 6.11918
6.95 6.12054
6.96 6.12191
6.97 6.12328
6.98 6.12465
6.99 6.12603
7 6.12741
7.01 6.1288
7.02 6.13019
7.03 6.13159
7.04 6.13299
7.05 6.1344
7.06 6.13581
7.07 6.13723
7.08 6.13864
7.09 6.14007
7.1 6.1415
7.11 6.14293
7.12 6.14436
7.13 6.1458
7.14 6.14724
7.15 6.14869
7.16 6.15014
7.17 6.15159
7.18 6.15305
7.19 6.15451
7.2 6.15597
7.21 6.15743
7.22 6.1589
7.23 6.16037
7.24 6.16184
7.25 6.16331
7.26 6.16478
7.27 6.16626
7.28 6.16774
7.29 6.16922
7.3 6.17069
7.31 6.17217
7.32 6.17365
7.33 6.17513
7.34 6.17661
7.35 6.17809
7.36 6.17956
7.37 6.18104
7.38 6.18251
7.39 6.18398
7.4 6.18545
7.41 6.18692
7.42 6.18838
7.43 6.18984
7.44 6.19129
7.45 6.19274
7.46 6.19419
7.47 6.19563
7.48 6.19706
7.49 6.19848
7.5 6.1999
7.51 6.20131
7.52 6.20272
7.53 6.20411
7.54 6.20549
7.55 6.20687
7.56 6.20823
7.57 6.20958
7.58 6.21092
7.59 6.21225
7.6 6.21356
7.61 6.21486
7.62 6.21614
7.63 6.21741
7.64 6.21866
7.65 6.2199
7.66 6.22111
7.67 6.22231
7.68 6.22349
7.69 6.22465
7.7 6.22578
7.71 6.2269
7.72 6.22799
7.73 6.22905
7.74 6.23009
7.75 6.23111
7.76 6.2321
7.77 6.23306
7.78 6.23399
7.79 6.23489
7.8 6.23576
7.81 6.23659
7.82 6.2374
7.83 6.23817
7.84 6.2389
7.85 6.2396
7.86 6.24026
7.87 6.24088
7.88 6.24146
7.89 6.242
7.9 6.2425
7.91 6.24295
7.92 6.24336
7.93 6.24373
7.94 6.24404
7.95 6.24431
7.96 6.24453
7.97 6.2447
7.98 6.24482
7.99 6.24488
8 6.2449
8.01 6.24485
8.02 6.24475
8.03 6.24459
8.04 6.24437
8.05 6.24409
8.06 6.24375
8.07 6.24335
8.08 6.24289
8.09 6.24236
8.1 6.24176
8.11 6.2411
8.12 6.24037
8.13 6.23957
8.14 6.2387
8.15 6.23776
8.16 6.23674
8.17 6.23566
8.18 6.23449
8.19 6.23326
8.2 6.23195
8.21 6.23056
8.22 6.22909
8.23 6.22754
8.24 6.22592
8.25 6.22421
8.26 6.22242
8.27 6.22055
8.28 6.2186
8.29 6.21657
8.3 6.21445
8.31 6.21225
8.32 6.20997
8.33 6.20759
8.34 6.20514
8.35 6.2026
8.36 6.19997
8.37 6.19726
8.38 6.19446
8.39 6.19157
8.4 6.1886
8.41 6.18554
8.42 6.18239
8.43 6.17916
8.44 6.17585
8.45 6.17244
8.46 6.16895
8.47 6.16538
8.48 6.16172
8.49 6.15797
8.5 6.15415
8.51 6.15024
8.52 6.14624
8.53 6.14217
8.54 6.13801
8.55 6.13377
8.56 6.12945
8.57 6.12506
8.58 6.12058
8.59 6.11603
8.6 6.11141
8.61 6.10671
8.62 6.10193
8.63 6.09708
8.64 6.09217
8.65 6.08718
8.66 6.08212
8.67 6.077
8.68 6.07181
8.69 6.06656
8.7 6.06124
8.71 6.05587
8.72 6.05043
8.73 6.04494
8.74 6.03939
8.75 6.03379
8.76 6.02813
8.77 6.02242
8.78 6.01667
8.79 6.01086
8.8 6.00501
8.81 5.99912
8.82 5.99318
8.83 5.9872
8.84 5.98119
8.85 5.97513
8.86 5.96905
8.87 5.96292
8.88 5.95677
8.89 5.95059
8.9 5.94438
8.91 5.93814
8.92 5.93188
8.93 5.92559
8.94 5.91929
8.95 5.91297
8.96 5.90662
8.97 5.90027
8.98 5.89389
8.99 5.88751
9 5.88112
9.01 5.87471
9.02 5.8683
9.03 5.86188
9.04 5.85546
9.05 5.84904
9.06 5.84261
9.07 5.83619
9.08 5.82976
9.09 5.82334
9.1 5.81692
9.11 5.81051
9.12 5.80411
9.13 5.79771
9.14 5.79132
9.15 5.78494
9.16 5.77858
9.17 5.77222
9.18 5.76589
9.19 5.75956
9.2 5.75325
9.21 5.74696
9.22 5.74069
9.23 5.73443
9.24 5.7282
9.25 5.72199
9.26 5.71579
9.27 5.70963
9.28 5.70348
9.29 5.69736
9.3 5.69126
9.31 5.68519
9.32 5.67914
9.33 5.67312
9.34 5.66712
9.35 5.66116
9.36 5.65522
9.37 5.64931
9.38 5.64344
9.39 5.63759
9.4 5.63177
9.41 5.62598
9.42 5.62022
9.43 5.6145
9.44 5.6088
9.45 5.60314
9.46 5.59751
9.47 5.59191
9.48 5.58635
9.49 5.58082
9.5 5.57532
9.51 5.56985
9.52 5.56442
9.53 5.55903
9.54 5.55366
9.55 5.54834
9.56 5.54304
9.57 5.53778
9.58 5.53256
9.59 5.52737
9.6 5.52221
9.61 5.51709
9.62 5.512
9.63 5.50695
9.64 5.50194
9.65 5.49695
9.66 5.49201
9.67 5.48709
9.68 5.48222
9.69 5.47737
9.7 5.47256
9.71 5.46779
9.72 5.46305
9.73 5.45834
9.74 5.45367
9.75 5.44903
9.76 5.44443
9.77 5.43986
9.78 5.43533
9.79 5.43082
9.8 5.42636
9.81 5.42192
9.82 5.41752
9.83 5.41315
9.84 5.40881
9.85 5.40451
9.86 5.40024
9.87 5.396
9.88 5.3918
9.89 5.38762
9.9 5.38348
9.91 5.37937
9.92 5.37529
9.93 5.37124
9.94 5.36723
9.95 5.36324
9.96 5.35929
9.97 5.35536
9.98 5.35147
9.99 5.34761
10 5.34377
10.001 5
