0 -10
0.01 -8.12456
0.02 -8.11911
0.03 -8.11364
0.04 -8.10815
0.05 -8.10264
0.06 -8.09711
0.07 -8.09156
0.08 -8.08599
0.09 -8.08039
0.1 -8.07478
0.11 -8.06915
0.12 -8.06349
0.13 -8.05781
0.14 -8.05211
0.15 -8.04639
0.16 -8.04065
0.17 -8.03488
0.18 -8.02909
0.19 -8.02328
0.2 -8.01744
0.21 -8.01158
0.22 -8.0057
0.23 -7.99979
0.24 -7.99385
0.25 -7.98789
0.26 -7.9819
0.27 -7.97589
0.28 -7.96985
0.29 -7.96378
0.3 -7.95769
0.31 -7.95157
0.32 -7.94542
0.33 -7.93924
0.34 -7.93303
0.35 -7.92679
0.36 -7.92052
0.37 -7.91422
0.38 -7.90789
0.39 -7.90153
0.4 -7.89514
0.41 -7.88871
0.42 -7.88225
0.43 -7.87576
0.44 -7.86923
0.45 -7.86267
0.46 -7.85607
0.47 -7.84943
0.48 -7.84276
0.49 -7.83605
0.5 -7.8293
0.51 -7.82252
0.52 -7.81569
0.53 -7.80883
0.54 -7.80192
0.55 -7.79497
0.56 -7.78798
0.57 -7.78095
0.58 -7.77387
0.59 -7.76675
0.6 -7.75959
0.61 -7.75238
0.62 -7.74512
0.63 -7.73781
0.64 -7.73046
0.65 -7.72306
0.66 -7.71561
0.67 -7.70811
0.68 -7.70055
0.69 -7.69295
0.7 -7.68529
0.71 -7.67758
0.72 -7.66982
0.73 -7.662
0.74 -7.65412
0.75 -7.64619
0.76 -7.6382
0.77 -7.63015
0.78 -7.62204
0.79 -7.61387
0.8 -7.60564
0.81 -7.59735
0.82 -7.589
0.83 -7.58058
0.84 -7.5721
0.85 -7.56356
0.86 -7.55495
0.87 -7.54627
0.88 -7.53753
0.89 -7.52872
0.9 -7.51984
0.91 -7.51089
0.92 -7.50187
0.93 -7.49278
0.94 -7.48362
0.95 -7.47439
0.96 -7.46508
0.97 -7.4557
0.98 -7.44625
0.99 -7.43673
1 -7.42713
1.01 -7.41745
1.02 -7.4077
1.03 -7.39787
1.04 -7.38797
1.05 -7.37799
1.06 -7.36793
1.07 -7.3578
1.08 -7.34759
1.09 -7.3373
1.1 -7.32693
1.11 -7.31649
1.12 -7.30597
1.13 -7.29537
1.14 -7.28469
1.15 -7.27394
1.16 -7.26311
1.17 -7.2522
1.18 -7.24121
1.19 -7.23015
1.2 -7.21901
1.21 -7.2078
1.22 -7.19651
1.23 -7.18515
1.24 -7.17371
1.25 -7.1622
1.26 -7.15062
1.27 -7.13897
1.28 -7.12725
1.29 -7.11545
1.3 -7.1036
1.31 -7.09167
1.32 -7.07968
1.33 -7.06762
1.34 -7.0555
1.35 -7.04333
1.36 -7.03109
1.37 -7.01879
1.38 -7.00644
1.39 -6.99403
1.4 -6.98157
1.41 -6.96906
1.42 -6.95651
1.43 -6.9439
1.44 -6.93125
1.45 -6.91856
1.46 -6.90584
1.47 -6.89307
1.48 -6.88027
1.49 -6.86744
1.5 -6.85458
1.51 -6.84169
1.52 -6.82878
1.53 -6.81585
1.54 -6.8029
1.55 -6.78993
1.56 -6.77696
1.57 -6.76397
1.58 -6.75098
1.59 -6.73798
1.6 -6.72498
1.61 -6.71199
1.62 -6.69901
1.63 -6.68603
1.64 -6.67307
1.65 -6.66012
1.66 -6.64719
1.67 -6.63429
1.68 -6.62141
1.69 -6.60856
1.7 -6.59574
1.71 -6.58296
1.72 -6.57022
1.73 -6.55752
1.74 -6.54486
1.75 -6.53226
1.76 -6.5197
1.77 -6.5072
1.78 -6.49476
1.79 -6.48238
1.8 -6.47007
1.81 -6.45782
1.82 -6.44564
1.83 -6.43354
1.84 -6.42151
1.85 -6.40955
1.86 -6.39768
1.87 -6.3859
1.88 -6.3742
1.89 -6.36258
1.9 -6.35106
1.91 -6.33963
1.92 -6.3283
1.93 -6.31706
1.94 -6.30593
1.95 -6.29489
1.96 -6.28396
1.97 -6.27313
1.98 -6.26241
1.99 -6.2518
2 -6.24129
2.01 -6.2309
2.02 -6.22062
2.03 -6.21045
2.04 -6.2004
2.05 -6.19047
2.06 -6.18065
2.07 -6.17094
2.08 -6.16136
2.09 -6.15189
2.1 -6.14255
2.11 -6.13332
2.12 -6.12421
2.13 -6.11522
2.14 -6.10636
2.15 -6.09761
2.16 -6.08899
2.17 -6.08049
2.18 -6.0721
2.19 -6.06384
2.2 -6.0557
2.21 -6.04768
2.22 -6.03977
2.23 -6.03199
2.24 -6.02433
2.25 -6.01678
2.26 -6.00935
2.27 -6.00204
2.28 -5.99484
2.29 -5.98777
2.3 -5.9808
2.31 -5.97395
2.32 -5.96721
2.33 -5.96058
2.34 -5.95407
2.35 -5.94766
2.36 -5.94137
2.37 -5.93518
2.38 -5.9291
2.39 -5.92312
2.4 -5.91725
2.41 -5.91148
2.42 -5.90581
2.43 -5.90025
2.44 -5.89478
2.45 -5.88942
2.46 -5.88415
2.47 -5.87898
2.48 -5.8739
2.49 -5.86891
2.5 -5.86402
2.51 -5.85922
2.52 -5.8545
2.53 -5.84988
2.54 -5.84534
2.55 -5.84089
2.56 -5.83652
2.57 -5.83224
2.58 -5.82804
2.59 -5.82391
2.6 -5.81987
2.61 -5.81591
2.62 -5.81202
2.63 -5.8082
2.64 -5.80446
2.65 -5.8008
2.66 -5.7972
2.67 -5.79368
2.68 -5.79022
2.69 -5.78683
2.7 -5.78351
2.71 -5.78025
2.72 -5.77706
2.73 -5.77393
2.74 -5.77087
2.75 -5.76786
2.76 -5.76492
2.77 -5.76203
2.78 -5.7592
2.79 -5.75642
2.8 -5.7537
2.81 -5.75104
2.82 -5.74843
2.83 -5.74587
2.84 -5.74336
2.85 -5.7409
2.86 -5.73849
2.87 -5.73613
2.88 -5.73382
2.89 -5.73155
2.9 -5.72933
2.91 -5.72715
2.92 -5.72502
2.93 -5.72293
2.94 -5.72088
2.95 -5.71887
2.96 -5.7169
2.97 -5.71498
2.98 -5.71309
2.99 -5.71123
3 -5.70942
3.01 -5.70764
3.02 -5.70589
3.03 -5.70419
3.04 -5.70251
3.05 -5.70087
3.06 -5.69926
3.07 -5.69768
3.08 -5.69614
3.09 -5.69462
3.1 -5.69313
3.11 -5.69168
3.12 -5.69025
3.13 -5.68885
3.14 -5.68748
3.15 -5.68613
3.16 -5.68481
3.17 -5.68352
3.18 -5.68225
3.19 -5.68101
3.2 -5.67979
3.21 -5.67859
3.22 -5.67742
3.23 -5.67627
3.24 -5.67514
3.25 -5.67403
3.26 -5.67295
3.27 -5.67188
3.28 -5.67084
3.29 -5.66981
3.3 -5.66881
3.31 -5.66782
3.32 -5.66685
3.33 -5.6659
3.34 -5.66497
3.35 -5.66405
3.36 -5.66316
3.37 -5.66227
3.38 -5.66141
3.39 -5.66056
3.4 -5.65973
3.41 -5.65891
3.42 -5.6581
3.43 -5.65731
3.44 -5.65654
3.45 -5.65578
3.46 -5.65503
3.47 -5.6543
3.48 -5.65357
3.49 -5.65287
3.5 -5.65217
3.51 -5.65148
3.52 -5.65081
3.53 -5.65015
3.54 -5.6495
3.55 -5.64886
3.56 -5.64824
3.57 -5.64762
3.58 -5.64701
3.59 -5.64642
3.6 -5.64583
3.61 -5.64525
3.62 -5.64469
3.63 -5.64413
3.64 -5.64358
3.65 -5.64304
3.66 -5.64251
3.67 -5.64198
3.68 -5.64147
3.69 -5.64096
3.7 -5.64046
3.71 -5.63997
3.72 -5.63949
3.73 -5.63901
3.74 -5.63854
3.75 -5.63808
3.76 -5.63762
3.77 -5.63717
3.78 -5.63673
3.79 -5.6363
3.8 -5.63587
3.81 -5.63544
3.82 -5.63503
3.83 -5.63462
3.84 -5.63421
3.85 -5.63381
3.86 -5.63341
3.87 -5.63303
3.88 -5.63264
3.89 -5.63226
3.9 -5.63189
3.91 -5.63152
3.92 -5.63115
3.93 -5.63079
3.94 -5.63044
3.95 -5.63009
3.96 -5.62974
3.97 -5.6294
3.98 -5.62906
3.99 -5.62873
4 -5.6284
4.01 -5.62807
4.02 -5.62775
4.03 -5.62743
4.04 -5.62712
4.05 -5.6268
4.06 -5.6265
4.07 -5.62619
4.08 -5.62589
4.09 -5.62559
4.1 -5.6253
4.11 -5.625
4.12 -5.62471
4.13 -5.62443
4.14 -5.62415
4.15 -5.62386
4.16 -5.62359
4.17 -5.62331
4.18 -5.62304
4.19 -5.62277
4.2 -5.6225
4.21 -5.62224
4.22 -5.62197
4.23 -5.62171
4.24 -5.62146
4.25 -5.6212
4.26 -5.62095
4.27 -5.6207
4.28 -5.62045
4.29 -5.6202
4.3 -5.61995
4.31 -5.61971
4.32 -5.61947
4.33 -5.61923
4.34 -5.61899
4.35 -5.61876
4.36 -5.61852
4.37 -5.61829
4.38 -5.61806
4.39 -5.61783
4.4 -5.6176
4.41 -5.61738
4.42 -5.61715
4.43 -5.61693
4.44 -5.61671
4.45 -5.61649
4.46 -5.61627
4.47 -5.61605
4.48 -5.61584
4.49 -5.61562
4.5 -5.61541
4.51 -5.6152
4.52 -5.61499
4.53 -5.61478
4.54 -5.61457
4.55 -5.61437
4.56 -5.61416
4.57 -5.61396
4.58 -5.61375
4.59 -5.61355
4.6 -5.61335
4.61 -5.61315
4.62 -5.61295
4.63 -5.61276
4.64 -5.61256
4.65 -5.61236
4.66 -5.61217
4.67 -5.61198
4.68 -5.61179
4.69 -5.61159
4.7 -5.6114
4.71 -5.61121
4.72 -5.61103
4.73 -5.61084
4.74 -5.61065
4.75 -5.61047
4.76 -5.61028
4.77 -5.6101
4.78 -5.60992
4.79 -5.60974
4.8 -5.60955
4.81 -5.60937
4.82 -5.6092
4.83 -5.60902
4.84 -5.60884
4.85 -5.60866
4.86 -5.60849
4.87 -5.60831
4.88 -5.60814
4.89 -5.60797
4.9 -5.60779
4.91 -5.60762
4.92 -5.60745
4.93 -5.60728
4.94 -5.60712
4.95 -5.60695
4.96 -5.60678
4.97 -5.60661
4.98 -5.60645
4.99 -5.60628
5 -5.60612
5.01 -5.60596
5.02 -5.6058
5.03 -5.60564
5.04 -5.60548
5.05 -5.60532
5.06 -5.60516
5.07 -5.605
5.08 -5.60484
5.09 -5.60469
5.1 -5.60453
5.11 -5.60438
5.12 -5.60422
5.13 -5.60407
5.14 -5.60392
5.15 -5.60377
5.16 -5.60362
5.17 -5.60347
5.18 -5.60332
5.19 -5.60317
5.2 -5.60303
5.21 -5.60288
5.22 -5.60274
5.23 -5.60259
5.24 -5.60245
5.25 -5.60231
5.26 -5.60217
5.27 -5.60203
5.28 -5.60189
5.29 -5.60175
5.3 -5.60161
5.31 -5.60147
5.32 -5.60134
5.33 -5.6012
5.34 -5.60107
5.35 -5.60094
5.36 -5.6008
5.37 -5.60067
5.38 -5.60054
5.39 -5.60041
5.4 -5.60028
5.41 -5.60016
5.42 -5.60003
5.43 -5.5999
5.44 -5.59978
5.45 -5.59965
5.46 -5.59953
5.47 -5.59941
5.48 -5.59929
5.49 -5.59917
5.5 -5.59905
5.51 -5.59893
5.52 -5.59881
5.53 -5.59869
5.54 -5.59858
5.55 -5.59846
5.56 -5.59835
5.57 -5.59823
5.58 -5.59812
5.59 -5.59801
5.6 -5.5979
5.61 -5.59779
5.62 -5.59768
5.63 -5.59757
5.64 -5.59746
5.65 -5.59735
5.66 -5.59725
5.67 -5.59714
5.68 -5.59704
5.69 -5.59694
5.7 -5.59683
5.71 -5.59673
5.72 -5.59663
5.73 -5.59653
5.74 -5.59643
5.75 -5.59633
5.76 -5.59623
5.77 -5.59613
5.78 -5.59603
5.79 -5.59594
5.8 -5.59584
5.81 -5.59575
5.82 -5.59565
5.83 -5.59556
5.84 -5.59546
5.85 -5.59537
5.86 -5.59528
5.87 -5.59518
5.88 -5.59509
5.89 -5.595
5.9 -5.59491
5.91 -5.59482
5.92 -5.59473
5.93 -5.59464
5.94 -5.59455
5.95 -5.59446
5.96 -5.59437
5.97 -5.59428
5.98 -5.5942
5.99 -5.59411
6 -5.59402
6.01 -5.59393
6.02 -5.59384
6.03 -5.59376
6.04 -5.59367
6.05 -5.59358
6.06 -5.59349
6.07 -5.59341
6.08 -5.59332
6.09 -5.59323
6.1 -5.59314
6.11 -5.59306
6.12 -5.59297
6.13 -5.59288
6.14 -5.59279
6.15 -5.5927
6.16 -5.59261
6.17 -5.59252
6.18 -5.59243
6.19 -5.59234
6.2 -5.59225
6.21 -5.59216
6.22 -5.59207
6.23 -5.59198
6.24 -5.59188
6.25 -5.59179
6.26 -5.59169
6.27 -5.5916
6.28 -5.5915
6.29 -5.59141
6.3 -5.59131
6.31 -5.59121
6.32 -5.59111
6.33 -5.59101
6.34 -5.59091
6.35 -5.59081
6.36 -5.5907
6.37 -5.5906
6.38 -5.59049
6.39 -5.59038
6.4 -5.59027
6.41 -5.59016
6.42 -5.59005
6.43 -5.58994
6.44 -5.58983
6.45 -5.58971
6.46 -5.58959
6.47 -5.58948
6.48 -5.58936
6.49 -5.58923
6.5 -5.58911
6.51 -5.58899
6.52 -5.58886
6.53 -5.58873
6.54 -5.5886
6.55 -5.58847
6.56 -5.58834
6.57 -5.5882
6.58 -5.58806
6.59 -5.58792
6.6 -5.58778
6.61 -5.58764
6.62 -5.58749
6.63 -5.58734
6.64 -5.5872
6.65 -5.58704
6.66 -5.58689
6.67 -5.58673
6.68 -5.58658
6.69 -5.58642
6.7 -5.58625
6.71 -5.58609
6.72 -5.58592
6.73 -5.58575
6.74 -5.58558
6.75 -5.58541
6.76 -5.58523
6.77 -5.58506
6.78 -5.58488
6.79 -5.58469
6.8 -5.58451
6.81 -5.58432
6.82 -5.58414
6.83 -5.58394
6.84 -5.58375
6.85 -5.58356
6.86 -5.58336
6.87 -5.58316
6.88 -5.58296
6.89 -5.58276
6.9 -5.58255
6.91 -5.58234
6.92 -5.58213
6.93 -5.58192
6.94 -5.58171
6.95 -5.5815
6.96 -5.58128
6.97 -5.58106
6.98 -5.58084
6.99 -5.58062
7 -5.5804
7.01 -5.58018
7.02 -5.57995
7.03 -5.57973
7.04 -5.5795
7.05 -5.57927
7.06 -5.57904
7.07 -5.57881
7.08 -5.57858
7.09 -5.57835
7.1 -5.57812
7.11 -5.57789
7.12 -5.57766
7.13 -5.57743
7.14 -5.5772
7.15 -5.57697
7.16 -5.57674
7.17 -5.57651
7.18 -5.57629
7.19 -5.57606
7.2 -5.57584
7.21 -5.57561
7.22 -5.57539
7.23 -5.57517
7.24 -5.57496
7.25 -5.57474
7.26 -5.57453
7.27 -5.57432
7.28 -5.57412
7.29 -5.57391
7.3 -5.57372
7.31 -5.57352
7.32 -5.57333
7.33 -5.57315
7.34 -5.57297
7.35 -5.5728
7.36 -5.57263
7.37 -5.57247
7.38 -5.57231
7.39 -5.57217
7.4 -5.57203
7.41 -5.5719
7.42 -5.57177
7.43 -5.57166
7.44 -5.57155
7.45 -5.57145
7.46 -5.57137
7.47 -5.57129
7.48 -5.57123
7.49 -5.57117
7.5 -5.57113
7.51 -5.57111
7.52 -5.57109
7.53 -5.57109
7.54 -5.5711
7.55 -5.57113
7.56 -5.57117
7.57 -5.57123
7.58 -5.57131
7.59 -5.5714
7.6 -5.57152
7.61 -5.57165
7.62 -5.5718
7.63 -5.57197
7.64 -5.57216
7.65 -5.57237
7.66 -5.57261
7.67 -5.57287
7.68 -5.57315
7.69 -5.57346
7.7 -5.57379
7.71 -5.57415
7.72 -5.57453
7.73 -5.57495
7.74 -5.57539
7.75 -5.57586
7.76 -5.57637
7.77 -5.5769
7.78 -5.57747
7.79 -5.57807
7.8 -5.5787
7.81 -5.57937
7.82 -5.58008
7.83 -5.58082
7.84 -5.5816
7.85 -5.58242
7.86 -5.58328
7.87 -5.58418
7.88 -5.58512
7.89 -5.58611
7.9 -5.58714
7.91 -5.58821
7.92 -5.58933
7.93 -5.5905
7.94 -5.59171
7.95 -5.59298
7.96 -5.59429
7.97 -5.59566
7.98 -5.59708
7.99 -5.59855
8 -5.60008
8.01 -5.60166
8.02 -5.6033
8.03 -5.605
8.04 -5.60676
8.05 -5.60857
8.06 -5.61045
8.07 -5.61239
8.08 -5.61439
8.09 -5.61645
8.1 -5.61858
8.11 -5.62078
8.12 -5.62305
8.13 -5.62538
8.14 -5.62778
8.15 -5.63025
8.16 -5.63279
8.17 -5.6354
8.18 -5.63809
8.19 -5.64085
8.2 -5.64369
8.21 -5.6466
8.22 -5.64959
8.23 -5.65265
8.24 -5.65579
8.25 -5.65901
8.26 -5.66231
8.27 -5.66569
8.28 -5.66916
8.29 -5.6727
8.3 -5.67633
8.31 -5.68003
8.32 -5.68383
8.33 -5.6877
8.34 -5.69166
8.35 -5.69571
8.36 -5.69984
8.37 -5.70406
8.38 -5.70836
8.39 -5.71275
8.4 -5.71723
8.41 -5.72179
8.42 -5.72644
8.43 -5.73118
8.44 -5.736
8.45 -5.74092
8.46 -5.74592
8.47 -5.75101
8.48 -5.75619
8.49 -5.76145
8.5 -5.7668
8.51 -5.77224
8.52 -5.77777
8.53 -5.78338
8.54 -5.78908
8.55 -5.79487
8.56 -5.80074
8.57 -5.8067
8.58 -5.81274
8.59 -5.81886
8.6 -5.82507
8.61 -5.83137
8.62 -5.83774
8.63 -5.8442
8.64 -5.85074
8.65 -5.85736
8.66 -5.86406
8.67 -5.87084
8.68 -5.8777
8.69 -5.88463
8.7 -5.89164
8.71 -5.89872
8.72 -5.90588
8.73 -5.91311
8.74 -5.92042
8.75 -5.92779
8.76 -5.93524
8.77 -5.94275
8.78 -5.95033
8.79 -5.95798
8.8 -5.9657
8.81 -5.97347
8.82 -5.98131
8.83 -5.98921
8.84 -5.99717
8.85 -6.0052
8.86 -6.01327
8.87 -6.02141
8.88 -6.0296
8.89 -6.03784
8.9 -6.04613
8.91 -6.05448
8.92 -6.06288
8.93 -6.07132
8.94 -6.07981
8.95 -6.08835
8.96 -6.09693
8.97 -6.10555
8.98 -6.11421
8.99 -6.12292
9 -6.13166
9.01 -6.14044
9.02 -6.14926
9.03 -6.15811
9.04 -6.16699
9.05 -6.17591
9.06 -6.18486
9.07 -6.19383
9.08 -6.20284
9.09 -6.21187
9.1 -6.22093
9.11 -6.23001
9.12 -6.23911
9.13 -6.24824
9.14 -6.25738
9.15 -6.26655
9.16 -6.27573
9.17 -6.28494
9.18 -6.29415
9.19 -6.30338
9.2 -6.31263
9.21 -6.32189
9.22 -6.33116
9.23 -6.34044
9.24 -6.34973
9.25 -6.35903
9.26 -6.36833
9.27 -6.37765
9.28 -6.38696
9.29 -6.39628
9.3 -6.40561
9.31 -6.41494
9.32 -6.42427
9.33 -6.4336
9.34 -6.44293
9.35 -6.45226
9.36 -6.46158
9.37 -6.47091
9.38 -6.48023
9.39 -6.48955
9.4 -6.49886
9.41 -6.50817
9.42 -6.51747
9.43 -6.52676
9.44 -6.53605
9.45 -6.54532
9.46 -6.55459
9.47 -6.56385
9.48 -6.5731
9.49 -6.58234
9.5 -6.59156
9.51 -6.60077
9.52 -6.60997
9.53 -6.61916
9.54 -6.62833
9.55 -6.63749
9.56 -6.64664
9.57 -6.65577
9.58 -6.66488
9.59 -6.67397
9.6 -6.68305
9.61 -6.69212
9.62 -6.70116
9.63 -6.71019
9.64 -6.7192
9.65 -6.72819
9.66 -6.73716
9.67 -6.74611
9.68 -6.75504
9.69 -6.76395
9.7 -6.77284
9.71 -6.78171
9.72 -6.79055
9.73 -6.79938
9.74 -6.80819
9.75 -6.81697
9.76 -6.82573
9.77 -6.83446
9.78 -6.84318
9.79 -6.85187
9.8 -6.86054
9.81 -6.86918
9.82 -6.8778
9.83 -6.8864
9.84 -6.89497
9.85 -6.90351
9.86 -6.91204
9.87 -6.92054
9.88 -6.92901
9.89 -6.93746
9.9 -6.94588
9.91 -6.95427
9.92 -6.96264
9.93 -6.97099
9.94 -6.97931
9.95 -6.9876
9.96 -6.99587
9.97 -7.00411
9.98 -7.01232
9.99 -7.02051
10 -7.02867
10.001 -10
