0 -10
0.01 -7.93917
0.02 -7.93433
0.03 -7.92948
0.04 -7.92462
0.05 -7.91975
0.06 -7.91487
0.07 -7.90998
0.08 -7.90507
0.09 -7.90016
0.1 -7.89523
0.11 -7.89029
0.12 -7.88534
0.13 -7.88038
0.14 -7.8754
0.15 -7.87042
0.16 -7.86542
0.17 -7.8604
0.18 -7.85538
0.19 -7.85034
0.2 -7.84529
0.21 -7.84022
0.22 -7.83515
0.23 -7.83005
0.24 -7.82495
0.25 -7.81983
0.26 -7.81469
0.27 -7.80954
0.28 -7.80438
0.29 -7.7992
0.3 -7.794
0.31 -7.78879
0.32 -7.78357
0.33 -7.77832
0.34 -7.77307
0.35 -7.76779
0.36 -7.7625
0.37 -7.75719
0.38 -7.75187
0.39 -7.74653
0.4 -7.74117
0.41 -7.73579
0.42 -7.73039
0.43 -7.72498
0.44 -7.71955
0.45 -7.71409
0.46 -7.70862
0.47 -7.70313
0.48 -7.69763
0.49 -7.6921
0.5 -7.68655
0.51 -7.68098
0.52 -7.67539
0.53 -7.66977
0.54 -7.66414
0.55 -7.65849
0.56 -7.65281
0.57 -7.64711
0.58 -7.64139
0.59 -7.63565
0.6 -7.62988
0.61 -7.62409
0.62 -7.61828
0.63 -7.61244
0.64 -7.60658
0.65 -7.60069
0.66 -7.59478
0.67 -7.58884
0.68 -7.58288
0.69 -7.57689
0.7 -7.57088
0.71 -7.56484
0.72 -7.55877
0.73 -7.55268
0.74 -7.54655
0.75 -7.54041
0.76 -7.53423
0.77 -7.52802
0.78 -7.52179
0.79 -7.51553
0.8 -7.50924
0.81 -7.50292
0.82 -7.49657
0.83 -7.49019
0.84 -7.48378
0.85 -7.47734
0.86 -7.47087
0.87 -7.46437
0.88 -7.45783
0.89 -7.45127
0.9 -7.44467
0.91 -7.43804
0.92 -7.43138
0.93 -7.42469
0.94 -7.41796
0.95 -7.4112
0.96 -7.40441
0.97 -7.39758
0.98 -7.39072
0.99 -7.38383
1 -7.3769
1.01 -7.36994
1.02 -7.36295
1.03 -7.35592
1.04 -7.34885
1.05 -7.34175
1.06 -7.33461
1.07 -7.32744
1.08 -7.32024
1.09 -7.313
1.1 -7.30572
1.11 -7.29841
1.12 -7.29106
1.13 -7.28368
1.14 -7.27626
1.15 -7.2688
1.16 -7.26131
1.17 -7.25378
1.18 -7.24622
1.19 -7.23862
1.2 -7.23099
1.21 -7.22332
1.22 -7.21561
1.23 -7.20787
1.24 -7.20009
1.25 -7.19228
1.26 -7.18443
1.27 -7.17655
1.28 -7.16863
1.29 -7.16068
1.3 -7.15269
1.31 -7.14467
1.32 -7.13661
1.33 -7.12852
1.34 -7.1204
1.35 -7.11224
1.36 -7.10405
1.37 -7.09583
1.38 -7.08758
1.39 -7.07929
1.4 -7.07097
1.41 -7.06262
1.42 -7.05424
1.43 -7.04583
1.44 -7.03739
1.45 -7.02892
1.46 -7.02042
1.47 -7.01189
1.48 -7.00334
1.49 -6.99476
1.5 -6.98615
1.51 -6.97751
1.52 -6.96886
1.53 -6.96017
1.54 -6.95146
1.55 -6.94273
1.56 -6.93398
1.57 -6.9252
1.58 -6.91641
1.59 -6.90759
1.6 -6.89876
1.61 -6.8899
1.62 -6.88103
1.63 -6.87215
1.64 -6.86324
1.65 -6.85433
1.66 -6.84539
1.67 -6.83645
1.68 -6.82749
1.69 -6.81852
1.7 -6.80955
1.71 -6.80056
1.72 -6.79157
1.73 -6.78257
1.74 -6.77356
1.75 -6.76455
1.76 -6.75553
1.77 -6.74652
1.78 -6.7375
1.79 -6.72848
1.8 -6.71947
1.81 -6.71045
1.82 -6.70144
1.83 -6.69244
1.84 -6.68344
1.85 -6.67444
1.86 -6.66546
1.87 -6.65648
1.88 -6.64752
1.89 -6.63857
1.9 -6.62963
1.91 -6.62071
1.92 -6.6118
1.93 -6.60291
1.94 -6.59403
1.95 -6.58518
1.96 -6.57635
1.97 -6.56754
1.98 -6.55875
1.99 -6.54999
2 -6.54125
2.01 -6.53254
2.02 -6.52386
2.03 -6.51521
2.04 -6.50659
2.05 -6.498
2.06 -6.48945
2.07 -6.48092
2.08 -6.47244
2.09 -6.46399
2.1 -6.45557
2.11 -6.4472
2.12 -6.43887
2.13 -6.43057
2.14 -6.42232
2.15 -6.41411
2.16 -6.40595
2.17 -6.39783
2.18 -6.38976
2.19 -6.38173
2.2 -6.37375
2.21 -6.36582
2.22 -6.35794
2.23 -6.35012
2.24 -6.34234
2.25 -6.33461
2.26 -6.32694
2.27 -6.31932
2.28 -6.31176
2.29 -6.30425
2.3 -6.2968
2.31 -6.2894
2.32 -6.28206
2.33 -6.27478
2.34 -6.26756
2.35 -6.26039
2.36 -6.25329
2.37 -6.24624
2.38 -6.23926
2.39 -6.23234
2.4 -6.22547
2.41 -6.21867
2.42 -6.21193
2.43 -6.20526
2.44 -6.19865
2.45 -6.19209
2.46 -6.18561
2.47 -6.17918
2.48 -6.17282
2.49 -6.16653
2.5 -6.16029
2.51 -6.15412
2.52 -6.14802
2.53 -6.14198
2.54 -6.136
2.55 -6.13009
2.56 -6.12424
2.57 -6.11846
2.58 -6.11274
2.59 -6.10708
2.6 -6.10149
2.61 -6.09596
2.62 -6.0905
2.63 -6.0851
2.64 -6.07976
2.65 -6.07448
2.66 -6.06927
2.67 -6.06412
2.68 -6.05903
2.69 -6.05401
2.7 -6.04905
2.71 -6.04414
2.72 -6.0393
2.73 -6.03452
2.74 -6.0298
2.75 -6.02515
2.76 -6.02055
2.77 -6.01601
2.78 -6.01153
2.79 -6.0071
2.8 -6.00274
2.81 -5.99843
2.82 -5.99418
2.83 -5.98999
2.84 -5.98586
2.85 -5.98178
2.86 -5.97775
2.87 -5.97378
2.88 -5.96987
2.89 -5.966
2.9 -5.9622
2.91 -5.95844
2.92 -5.95474
2.93 -5.95109
2.94 -5.94749
2.95 -5.94394
2.96 -5.94044
2.97 -5.937
2.98 -5.9336
2.99 -5.93025
3 -5.92694
3.01 -5.92369
3.02 -5.92048
3.03 -5.91732
3.04 -5.91421
3.05 -5.91114
3.06 -5.90812
3.07 -5.90514
3.08 -5.9022
3.09 -5.89931
3.1 -5.89646
3.11 -5.89365
3.12 -5.89089
3.13 -5.88816
3.14 -5.88548
3.15 -5.88284
3.16 -5.88023
3.17 -5.87767
3.18 -5.87514
3.19 -5.87265
3.2 -5.8702
3.21 -5.86779
3.22 -5.86541
3.23 -5.86307
3.24 -5.86077
3.25 -5.8585
3.26 -5.85626
3.27 -5.85406
3.28 -5.85189
3.29 -5.84976
3.3 -5.84765
3.31 -5.84558
3.32 -5.84355
3.33 -5.84154
3.34 -5.83956
3.35 -5.83761
3.36 -5.8357
3.37 -5.83381
3.38 -5.83195
3.39 -5.83012
3.4 -5.82832
3.41 -5.82654
3.42 -5.8248
3.43 -5.82308
3.44 -5.82138
3.45 -5.81971
3.46 -5.81807
3.47 -5.81645
3.48 -5.81486
3.49 -5.81329
3.5 -5.81175
3.51 -5.81023
3.52 -5.80873
3.53 -5.80726
3.54 -5.8058
3.55 -5.80437
3.56 -5.80297
3.57 -5.80158
3.58 -5.80021
3.59 -5.79887
3.6 -5.79754
3.61 -5.79624
3.62 -5.79495
3.63 -5.79369
3.64 -5.79244
3.65 -5.79121
3.66 -5.79
3.67 -5.78881
3.68 -5.78764
3.69 -5.78648
3.7 -5.78534
3.71 -5.78422
3.72 -5.78312
3.73 -5.78203
3.74 -5.78096
3.75 -5.7799
3.76 -5.77886
3.77 -5.77783
3.78 -5.77682
3.79 -5.77582
3.8 -5.77484
3.81 -5.77388
3.82 -5.77292
3.83 -5.77198
3.84 -5.77106
3.85 -5.77015
3.86 -5.76925
3.87 -5.76836
3.88 -5.76749
3.89 -5.76662
3.9 -5.76578
3.91 -5.76494
3.92 -5.76411
3.93 -5.7633
3.94 -5.7625
3.95 -5.76171
3.96 -5.76093
3.97 -5.76016
3.98 -5.7594
3.99 -5.75865
4 -5.75791
4.01 -5.75718
4.02 -5.75647
4.03 -5.75576
4.04 -5.75506
4.05 -5.75437
4.06 -5.75369
4.07 -5.75302
4.08 -5.75235
4.09 -5.7517
4.1 -5.75106
4.11 -5.75042
4.12 -5.74979
4.13 -5.74917
4.14 -5.74856
4.15 -5.74795
4.16 -5.74736
4.17 -5.74677
4.18 -5.74618
4.19 -5.74561
4.2 -5.74504
4.21 -5.74448
4.22 -5.74393
4.23 -5.74338
4.24 -5.74284
4.25 -5.7423
4.26 -5.74178
4.27 -5.74126
4.28 -5.74074
4.29 -5.74023
4.3 -5.73973
4.31 -5.73923
4.32 -5.73874
4.33 -5.73825
4.34 -5.73777
4.35 -5.73729
4.36 -5.73682
4.37 -5.73636
4.38 -5.7359
4.39 -5.73544
4.4 -5.73499
4.41 -5.73455
4.42 -5.73411
4.43 -5.73367
4.44 -5.73324
4.45 -5.73281
4.46 -5.73239
4.47 -5.73197
4.48 -5.73156
4.49 -5.73115
4.5 -5.73074
4.51 -5.73034
4.52 -5.72994
4.53 -5.72955
4.54 -5.72915
4.55 -5.72877
4.56 -5.72838
4.57 -5.728
4.58 -5.72763
4.59 -5.72725
4.6 -5.72688
4.61 -5.72651
4.62 -5.72615
4.63 -5.72579
4.64 -5.72543
4.65 -5.72508
4.66 -5.72472
4.67 -5.72437
4.68 -5.72403
4.69 -5.72368
4.7 -5.72334
4.71 -5.723
4.72 -5.72267
4.73 -5.72233
4.74 -5.722
4.75 -5.72167
4.76 -5.72134
4.77 -5.72102
4.78 -5.7207
4.79 -5.72038
4.8 -5.72006
4.81 -5.71974
4.82 -5.71943
4.83 -5.71912
4.84 -5.71881
4.85 -5.7185
4.86 -5.71819
4.87 -5.71789
4.88 -5.71758
4.89 -5.71728
4.9 -5.71698
4.91 -5.71668
4.92 -5.71638
4.93 -5.71609
4.94 -5.71579
4.95 -5.7155
4.96 -5.71521
4.97 -5.71492
4.98 -5.71463
4.99 -5.71434
5 -5.71406
5.01 -5.71377
5.02 -5.71349
5.03 -5.71321
5.04 -5.71292
5.05 -5.71264
5.06 -5.71236
5.07 -5.71208
5.08 -5.7118
5.09 -5.71153
5.1 -5.71125
5.11 -5.71098
5.12 -5.7107
5.13 -5.71043
5.14 -5.71015
5.15 -5.70988
5.16 -5.70961
5.17 -5.70934
5.18 -5.70906
5.19 -5.70879
5.2 -5.70852
5.21 -5.70825
5.22 -5.70799
5.23 -5.70772
5.24 -5.70745
5.25 -5.70718
5.26 -5.70691
5.27 -5.70665
5.28 -5.70638
5.29 -5.70611
5.3 -5.70585
5.31 -5.70558
5.32 -5.70531
5.33 -5.70505
5.34 -5.70478
5.35 -5.70451
5.36 -5.70425
5.37 -5.70398
5.38 -5.70372
5.39 -5.70345
5.4 -5.70318
5.41 -5.70292
5.42 -5.70265
5.43 -5.70239
5.44 -5.70212
5.45 -5.70185
5.46 -5.70159
5.47 -5.70132
5.48 -5.70105
5.49 -5.70078
5.5 -5.70051
5.51 -5.70025
5.52 -5.69998
5.53 -5.69971
5.54 -5.69944
5.55 -5.69917
5.56 -5.6989
5.57 -5.69863
5.58 -5.69836
5.59 -5.69808
5.6 -5.69781
5.61 -5.69754
5.62 -5.69726
5.63 -5.69699
5.64 -5.69671
5.65 -5.69644
5.66 -5.69616
5.67 -5.69589
5.68 -5.69561
5.69 -5.69533
5.7 -5.69505
5.71 -5.69477
5.72 -5.69449
5.73 -5.69421
5.74 -5.69392
5.75 -5.69364
5.76 -5.69335
5.77 -5.69307
5.78 -5.69278
5.79 -5.69249
5.8 -5.69221
5.81 -5.69192
5.82 -5.69162
5.83 -5.69133
5.84 -5.69104
5.85 -5.69075
5.86 -5.69045
5.87 -5.69015
5.88 -5.68986
5.89 -5.68956
5.9 -5.68926
5.91 -5.68895
5.92 -5.68865
5.93 -5.68835
5.94 -5.68804
5.95 -5.68774
5.96 -5.68743
5.97 -5.68712
5.98 -5.68681
5.99 -5.68649
6 -5.68618
6.01 -5.68586
6.02 -5.68555
6.03 -5.68523
6.04 -5.68491
6.05 -5.68459
6.06 -5.68426
6.07 -5.68394
6.08 -5.68361
6.09 -5.68328
6.1 -5.68295
6.11 -5.68262
6.12 -5.68229
6.13 -5.68195
6.14 -5.68162
6.15 -5.68128
6.16 -5.68094
6.17 -5.68059
6.18 -5.68025
6.19 -5.6799
6.2 -5.67956
6.21 -5.67921
6.22 -5.67885
6.23 -5.6785
6.24 -5.67814
6.25 -5.67779
6.26 -5.67743
6.27 -5.67706
6.28 -5.6767
6.29 -5.67633
6.3 -5.67597
6.31 -5.6756
6.32 -5.67522
6.33 -5.67485
6.34 -5.67447
6.35 -5.67409
6.36 -5.67371
6.37 -5.67333
6.38 -5.67294
6.39 -5.67256
6.4 -5.67217
6.41 -5.67177
6.42 -5.67138
6.43 -5.67098
6.44 -5.67058
6.45 -5.67018
6.46 -5.66978
6.47 -5.66937
6.48 -5.66896
6.49 -5.66855
6.5 -5.66814
6.51 -5.66772
6.52 -5.66731
6.53 -5.66689
6.54 -5.66646
6.55 -5.66604
6.56 -5.66561
6.57 -5.66518
6.58 -5.66475
6.59 -5.66431
6.6 -5.66388
6.61 -5.66344
6.62 -5.66299
6.63 -5.66255
6.64 -5.6621
6.65 -5.66165
6.66 -5.6612
6.67 -5.66075
6.68 -5.66029
6.69 -5.65983
6.7 -5.65937
6.71 -5.65891
6.72 -5.65844
6.73 -5.65797
6.74 -5.6575
6.75 -5.65703
6.76 -5.65655
6.77 -5.65607
6.78 -5.65559
6.79 -5.65511
6.8 -5.65463
6.81 -5.65414
6.82 -5.65365
6.83 -5.65316
6.84 -5.65267
6.85 -5.65217
6.86 -5.65167
6.87 -5.65117
6.88 -5.65067
6.89 -5.65017
6.9 -5.64966
6.91 -5.64916
6.92 -5.64865
6.93 -5.64814
6.94 -5.64763
6.95 -5.64711
6.96 -5.6466
6.97 -5.64608
6.98 -5.64556
6.99 -5.64504
7 -5.64452
7.01 -5.64399
7.02 -5.64347
7.03 -5.64294
7.04 -5.64242
7.05 -5.64189
7.06 -5.64136
7.07 -5.64083
7.08 -5.6403
7.09 -5.63976
7.1 -5.63923
7.11 -5.6387
7.12 -5.63816
7.13 -5.63763
7.14 -5.63709
7.15 -5.63655
7.16 -5.63602
7.17 -5.63548
7.18 -5.63494
7.19 -5.6344
7.2 -5.63387
7.21 -5.63333
7.22 -5.63279
7.23 -5.63225
7.24 -5.63171
7.25 -5.63118
7.26 -5.63064
7.27 -5.6301
7.28 -5.62956
7.29 -5.62903
7.3 -5.62849
7.31 -5.62795
7.32 -5.62742
7.33 -5.62688
7.34 -5.62635
7.35 -5.62582
7.36 -5.62528
7.37 -5.62475
7.38 -5.62422
7.39 -5.62369
7.4 -5.62316
7.41 -5.62263
7.42 -5.6221
7.43 -5.62157
7.44 -5.62105
7.45 -5.62052
7.46 -5.62
7.47 -5.61947
7.48 -5.61895
7.49 -5.61842
7.5 -5.6179
7.51 -5.61737
7.52 -5.61685
7.53 -5.61633
7.54 -5.61581
7.55 -5.61528
7.56 -5.61476
7.57 -5.61424
7.58 -5.61372
7.59 -5.61319
7.6 -5.61267
7.61 -5.61214
7.62 -5.61162
7.63 -5.61109
7.64 -5.61056
7.65 -5.61003
7.66 -5.6095
7.67 -5.60897
7.68 -5.60843
7.69 -5.60789
7.7 -5.60735
7.71 -5.60681
7.72 -5.60626
7.73 -5.60571
7.74 -5.60516
7.75 -5.6046
7.76 -5.60404
7.77 -5.60347
7.78 -5.6029
7.79 -5.60232
7.8 -5.60174
7.81 -5.60115
7.82 -5.60056
7.83 -5.59995
7.84 -5.59935
7.85 -5.59873
7.86 -5.59811
7.87 -5.59748
7.88 -5.59684
7.89 -5.5962
7.9 -5.59554
7.91 -5.59488
7.92 -5.59421
7.93 -5.59352
7.94 -5.59283
7.95 -5.59213
7.96 -5.59142
7.97 -5.59069
7.98 -5.58996
7.99 -5.58922
8 -5.58846
8.01 -5.58769
8.02 -5.58691
8.03 -5.58612
8.04 -5.58532
8.05 -5.58451
8.06 -5.58368
8.07 -5.58284
8.08 -5.58199
8.09 -5.58112
8.1 -5.58025
8.11 -5.57936
8.12 -5.57846
8.13 -5.57754
8.14 -5.57662
8.15 -5.57568
8.16 -5.57473
8.17 -5.57377
8.18 -5.5728
8.19 -5.57182
8.2 -5.57082
8.21 -5.56982
8.22 -5.56881
8.23 -5.56778
8.24 -5.56675
8.25 -5.56571
8.26 -5.56466
8.27 -5.5636
8.28 -5.56254
8.29 -5.56147
8.3 -5.56039
8.31 -5.55931
8.32 -5.55823
8.33 -5.55714
8.34 -5.55605
8.35 -5.55496
8.36 -5.55387
8.37 -5.55277
8.38 -5.55168
8.39 -5.5506
8.4 -5.54951
8.41 -5.54844
8.42 -5.54737
8.43 -5.5463
8.44 -5.54525
8.45 -5.5442
8.46 -5.54317
8.47 -5.54215
8.48 -5.54114
8.49 -5.54015
8.5 -5.53917
8.51 -5.53822
8.52 -5.53728
8.53 -5.53637
8.54 -5.53548
8.55 -5.53462
8.56 -5.53378
8.57 -5.53297
8.58 -5.53219
8.59 -5.53145
8.6 -5.53073
8.61 -5.53006
8.62 -5.52942
8.63 -5.52882
8.64 -5.52826
8.65 -5.52774
8.66 -5.52727
8.67 -5.52684
8.68 -5.52646
8.69 -5.52613
8.7 -5.52585
8.71 -5.52563
8.72 -5.52546
8.73 -5.52535
8.74 -5.52529
8.75 -5.5253
8.76 -5.52537
8.77 -5.5255
8.78 -5.5257
8.79 -5.52596
8.8 -5.5263
8.81 -5.5267
8.82 -5.52717
8.83 -5.52772
8.84 -5.52835
8.85 -5.52904
8.86 -5.52982
8.87 -5.53068
8.88 -5.53161
8.89 -5.53263
8.9 -5.53373
8.91 -5.53492
8.92 -5.53619
8.93 -5.53754
8.94 -5.53899
8.95 -5.54052
8.96 -5.54214
8.97 -5.54385
8.98 -5.54565
8.99 -5.54754
9 -5.54953
9.01 -5.55161
9.02 -5.55378
9.03 -5.55604
9.04 -5.5584
9.05 -5.56086
9.06 -5.56341
9.07 -5.56606
9.08 -5.5688
9.09 -5.57164
9.1 -5.57457
9.11 -5.57761
9.12 -5.58073
9.13 -5.58396
9.14 -5.58728
9.15 -5.59069
9.16 -5.5942
9.17 -5.59781
9.18 -5.60151
9.19 -5.60531
9.2 -5.6092
9.21 -5.61319
9.22 -5.61727
9.23 -5.62144
9.24 -5.6257
9.25 -5.63005
9.26 -5.6345
9.27 -5.63903
9.28 -5.64365
9.29 -5.64837
9.3 -5.65316
9.31 -5.65805
9.32 -5.66301
9.33 -5.66807
9.34 -5.6732
9.35 -5.67842
9.36 -5.68371
9.37 -5.68909
9.38 -5.69454
9.39 -5.70007
9.4 -5.70567
9.41 -5.71135
9.42 -5.7171
9.43 -5.72293
9.44 -5.72882
9.45 -5.73478
9.46 -5.7408
9.47 -5.7469
9.48 -5.75305
9.49 -5.75927
9.5 -5.76555
9.51 -5.77188
9.52 -5.77828
9.53 -5.78473
9.54 -5.79124
9.55 -5.7978
9.56 -5.80441
9.57 -5.81107
9.58 -5.81777
9.59 -5.82453
9.6 -5.83133
9.61 -5.83817
9.62 -5.84506
9.63 -5.85198
9.64 -5.85895
9.65 -5.86595
9.66 -5.87299
9.67 -5.88006
9.68 -5.88716
9.69 -5.8943
9.7 -5.90146
9.71 -5.90866
9.72 -5.91588
9.73 -5.92312
9.74 -5.93039
9.75 -5.93769
9.76 -5.945
9.77 -5.95233
9.78 -5.95968
9.79 -5.96705
9.8 -5.97443
9.81 -5.98183
9.82 -5.98924
9.83 -5.99667
9.84 -6.0041
9.85 -6.01155
9.86 -6.019
9.87 -6.02646
9.88 -6.03392
9.89 -6.04139
9.9 -6.04886
9.91 -6.05634
9.92 -6.06382
9.93 -6.0713
9.94 -6.07877
9.95 -6.08625
9.96 -6.09372
9.97 -6.10119
9.98 -6.10866
9.99 -6.11612
10 -6.12358
10.001 -10
