0 5
0.01 3.98261
0.02 3.98424
0.03 3.98589
0.04 3.98754
0.05 3.98921
0.06 3.99089
0.07 3.99258
0.08 3.99427
0.09 3.99598
0.1 3.9977
0.11 3.99943
0.12 4.00117
0.13 4.00293
0.14 4.00469
0.15 4.00647
0.16 4.00825
0.17 4.01005
0.18 4.01186
0.19 4.01368
0.2 4.01551
0.21 4.01735
0.22 4.01921
0.23 4.02108
0.24 4.02296
0.25 4.02485
0.26 4.02675
0.27 4.02867
0.28 4.03059
0.29 4.03253
0.3 4.03449
0.31 4.03645
0.32 4.03843
0.33 4.04042
0.34 4.04242
0.35 4.04444
0.36 4.04647
0.37 4.04851
0.38 4.05056
0.39 4.05263
0.4 4.05471
0.41 4.05681
0.42 4.05892
0.43 4.06104
0.44 4.06318
0.45 4.06533
0.46 4.0675
0.47 4.06968
0.48 4.07187
0.49 4.07408
0.5 4.0763
0.51 4.07854
0.52 4.08079
0.53 4.08306
0.54 4.08534
0.55 4.08764
0.56 4.08996
0.57 4.09229
0.58 4.09463
0.59 4.097
0.6 4.09937
0.61 4.10177
0.62 4.10418
0.63 4.10661
0.64 4.10905
0.65 4.11151
0.66 4.11399
0.67 4.11649
0.68 4.119
0.69 4.12154
0.7 4.12408
0.71 4.12665
0.72 4.12924
0.73 4.13184
0.74 4.13447
0.75 4.13711
0.76 4.13977
0.77 4.14245
0.78 4.14515
0.79 4.14787
0.8 4.15061
0.81 4.15337
0.82 4.15615
0.83 4.15895
0.84 4.16178
0.85 4.16462
0.86 4.16748
0.87 4.17037
0.88 4.17328
0.89 4.17621
0.9 4.17916
0.91 4.18213
0.92 4.18513
0.93 4.18815
0.94 4.19119
0.95 4.19426
0.96 4.19735
0.97 4.20047
0.98 4.20361
0.99 4.20677
1 4.20996
1.01 4.21317
1.02 4.21641
1.03 4.21967
1.04 4.22296
1.05 4.22628
1.06 4.22962
1.07 4.23299
1.08 4.23639
1.09 4.23981
1.1 4.24326
1.11 4.24674
1.12 4.25024
1.13 4.25378
1.14 4.25734
1.15 4.26093
1.16 4.26455
1.17 4.2682
1.18 4.27187
1.19 4.27558
1.2 4.27932
1.21 4.28309
1.22 4.28688
1.23 4.29071
1.24 4.29457
1.25 4.29846
1.26 4.30238
1.27 4.30633
1.28 4.31032
1.29 4.31433
1.3 4.31838
1.31 4.32246
1.32 4.32657
1.33 4.33072
1.34 4.33489
1.35 4.3391
1.36 4.34335
1.37 4.34762
1.38 4.35193
1.39 4.35628
1.4 4.36065
1.41 4.36506
1.42 4.36951
1.43 4.37399
1.44 4.3785
1.45 4.38304
1.46 4.38762
1.47 4.39223
1.48 4.39688
1.49 4.40156
1.5 4.40628
1.51 4.41103
1.52 4.41581
1.53 4.42063
1.54 4.42548
1.55 4.43036
1.56 4.43528
1.57 4.44024
1.58 4.44522
1.59 4.45024
1.6 4.45529
1.61 4.46038
1.62 4.46549
1.63 4.47064
1.64 4.47583
1.65 4.48104
1.66 4.48629
1.67 4.49156
1.68 4.49687
1.69 4.50221
1.7 4.50758
1.71 4.51298
1.72 4.51841
1.73 4.52387
1.74 4.52936
1.75 4.53488
1.76 4.54042
1.77 4.546
1.78 4.5516
1.79 4.55722
1.8 4.56287
1.81 4.56855
1.82 4.57425
1.83 4.57998
1.84 4.58573
1.85 4.5915
1.86 4.5973
1.87 4.60311
1.88 4.60895
1.89 4.61481
1.9 4.62069
1.91 4.62658
1.92 4.6325
1.93 4.63843
1.94 4.64438
1.95 4.65034
1.96 4.65632
1.97 4.66231
1.98 4.66832
1.99 4.67434
2 4.68037
2.01 4.68641
2.02 4.69246
2.03 4.69852
2.04 4.70459
2.05 4.71066
2.06 4.71674
2.07 4.72283
2.08 4.72892
2.09 4.73501
2.1 4.74111
2.11 4.7472
2.12 4.7533
2.13 4.7594
2.14 4.7655
2.15 4.77159
2.16 4.77769
2.17 4.78378
2.18 4.78986
2.19 4.79594
2.2 4.80201
2.21 4.80807
2.22 4.81413
2.23 4.82017
2.24 4.82621
2.25 4.83224
2.26 4.83825
2.27 4.84425
2.28 4.85024
2.29 4.85621
2.3 4.86217
2.31 4.86811
2.32 4.87404
2.33 4.87994
2.34 4.88583
2.35 4.8917
2.36 4.89756
2.37 4.90339
2.38 4.9092
2.39 4.91498
2.4 4.92075
2.41 4.92649
2.42 4.93221
2.43 4.93791
2.44 4.94358
2.45 4.94922
2.46 4.95484
2.47 4.96044
2.48 4.966
2.49 4.97154
2.5 4.97705
2.51 4.98254
2.52 4.98799
2.53 4.99342
2.54 4.99881
2.55 5.00418
2.56 5.00952
2.57 5.01482
2.58 5.0201
2.59 5.02534
2.6 5.03055
2.61 5.03573
2.62 5.04088
2.63 5.046
2.64 5.05108
2.65 5.05614
2.66 5.06116
2.67 5.06614
2.68 5.0711
2.69 5.07602
2.7 5.0809
2.71 5.08576
2.72 5.09058
2.73 5.09536
2.74 5.10012
2.75 5.10484
2.76 5.10952
2.77 5.11417
2.78 5.11879
2.79 5.12338
2.8 5.12793
2.81 5.13245
2.82 5.13693
2.83 5.14138
2.84 5.1458
2.85 5.15018
2.86 5.15453
2.87 5.15885
2.88 5.16313
2.89 5.16738
2.9 5.1716
2.91 5.17578
2.92 5.17994
2.93 5.18405
2.94 5.18814
2.95 5.1922
2.96 5.19622
2.97 5.20021
2.98 5.20417
2.99 5.20809
3 5.21199
3.01 5.21585
3.02 5.21968
3.03 5.22349
3.04 5.22726
3.05 5.231
3.06 5.23471
3.07 5.23839
3.08 5.24204
3.09 5.24566
3.1 5.24925
3.11 5.25281
3.12 5.25634
3.13 5.25984
3.14 5.26331
3.15 5.26676
3.16 5.27018
3.17 5.27357
3.18 5.27693
3.19 5.28026
3.2 5.28357
3.21 5.28685
3.22 5.2901
3.23 5.29332
3.24 5.29652
3.25 5.29969
3.26 5.30284
3.27 5.30596
3.28 5.30905
3.29 5.31212
3.3 5.31517
3.31 5.31819
3.32 5.32118
3.33 5.32415
3.34 5.3271
3.35 5.33002
3.36 5.33291
3.37 5.33579
3.38 5.33864
3.39 5.34147
3.4 5.34427
3.41 5.34705
3.42 5.34981
3.43 5.35255
3.44 5.35527
3.45 5.35796
3.46 5.36063
3.47 5.36328
3.48 5.36591
3.49 5.36852
3.5 5.3711
3.51 5.37367
3.52 5.37622
3.53 5.37874
3.54 5.38125
3.55 5.38373
3.56 5.3862
3.57 5.38865
3.58 5.39107
3.59 5.39348
3.6 5.39587
3.61 5.39824
3.62 5.4006
3.63 5.40293
3.64 5.40525
3.65 5.40755
3.66 5.40983
3.67 5.41209
3.68 5.41434
3.69 5.41657
3.7 5.41878
3.71 5.42098
3.72 5.42315
3.73 5.42532
3.74 5.42746
3.75 5.42959
3.76 5.43171
3.77 5.4338
3.78 5.43589
3.79 5.43795
3.8 5.44001
3.81 5.44204
3.82 5.44406
3.83 5.44607
3.84 5.44806
3.85 5.45004
3.86 5.45201
3.87 5.45396
3.88 5.45589
3.89 5.45781
3.9 5.45972
3.91 5.46161
3.92 5.4635
3.93 5.46536
3.94 5.46722
3.95 5.46906
3.96 5.47089
3.97 5.4727
3.98 5.47451
3.99 5.4763
4 5.47808
4.01 5.47984
4.02 5.4816
4.03 5.48334
4.04 5.48507
4.05 5.48679
4.06 5.48849
4.07 5.49019
4.08 5.49187
4.09 5.49355
4.1 5.49521
4.11 5.49686
4.12 5.4985
4.13 5.50013
4.14 5.50175
4.15 5.50336
4.16 5.50496
4.17 5.50655
4.18 5.50813
4.19 5.50969
4.2 5.51125
4.21 5.5128
4.22 5.51434
4.23 5.51587
4.24 5.51739
4.25 5.5189
4.26 5.5204
4.27 5.52189
4.28 5.52337
4.29 5.52485
4.3 5.52631
4.31 5.52777
4.32 5.52922
4.33 5.53066
4.34 5.53209
4.35 5.53351
4.36 5.53492
4.37 5.53633
4.38 5.53773
4.39 5.53912
4.4 5.5405
4.41 5.54187
4.42 5.54324
4.43 5.5446
4.44 5.54595
4.45 5.54729
4.46 5.54863
4.47 5.54996
4.48 5.55128
4.49 5.55259
4.5 5.5539
4.51 5.5552
4.52 5.5565
4.53 5.55778
4.54 5.55906
4.55 5.56034
4.56 5.5616
4.57 5.56286
4.58 5.56412
4.59 5.56537
4.6 5.56661
4.61 5.56784
4.62 5.56907
4.63 5.5703
4.64 5.57151
4.65 5.57272
4.66 5.57393
4.67 5.57513
4.68 5.57632
4.69 5.57751
4.7 5.5787
4.71 5.57987
4.72 5.58105
4.73 5.58221
4.74 5.58338
4.75 5.58453
4.76 5.58568
4.77 5.58683
4.78 5.58797
4.79 5.58911
4.8 5.59024
4.81 5.59137
4.82 5.59249
4.83 5.5936
4.84 5.59472
4.85 5.59582
4.86 5.59693
4.87 5.59803
4.88 5.59912
4.89 5.60021
4.9 5.6013
4.91 5.60238
4.92 5.60346
4.93 5.60453
4.94 5.6056
4.95 5.60667
4.96 5.60773
4.97 5.60879
4.98 5.60984
4.99 5.61089
5 5.61194
5.01 5.61298
5.02 5.61402
5.03 5.61506
5.04 5.61609
5.05 5.61712
5.06 5.61814
5.07 5.61917
5.08 5.62018
5.09 5.6212
5.1 5.62221
5.11 5.62322
5.12 5.62423
5.13 5.62523
5.14 5.62623
5.15 5.62723
5.16 5.62822
5.17 5.62921
5.18 5.6302
5.19 5.63119
5.2 5.63217
5.21 5.63315
5.22 5.63413
5.23 5.6351
5.24 5.63608
5.25 5.63705
5.26 5.63802
5.27 5.63898
5.28 5.63994
5.29 5.64091
5.3 5.64186
5.31 5.64282
5.32 5.64377
5.33 5.64473
5.34 5.64568
5.35 5.64662
5.36 5.64757
5.37 5.64851
5.38 5.64946
5.39 5.6504
5.4 5.65133
5.41 5.65227
5.42 5.65321
5.43 5.65414
5.44 5.65507
5.45 5.656
5.46 5.65693
5.47 5.65785
5.48 5.65878
5.49 5.6597
5.5 5.66062
5.51 5.66154
5.52 5.66246
5.53 5.66338
5.54 5.6643
5.55 5.66521
5.56 5.66613
5.57 5.66704
5.58 5.66795
5.59 5.66886
5.6 5.66977
5.61 5.67068
5.62 5.67159
5.63 5.67249
5.64 5.6734
5.65 5.6743
5.66 5.67521
5.67 5.67611
5.68 5.67701
5.69 5.67791
5.7 5.67881
5.71 5.67971
5.72 5.68061
5.73 5.68151
5.74 5.68241
5.75 5.68331
5.76 5.6842
5.77 5.6851
5.78 5.68599
5.79 5.68689
5.8 5.68778
5.81 5.68868
5.82 5.68957
5.83 5.69046
5.84 5.69136
5.85 5.69225
5.86 5.69314
5.87 5.69404
5.88 5.69493
5.89 5.69582
5.9 5.69671
5.91 5.6976
5.92 5.69849
5.93 5.69939
5.94 5.70028
5.95 5.70117
5.96 5.70206
5.97 5.70295
5.98 5.70384
5.99 5.70474
6 5.70563
6.01 5.70652
6.02 5.70741
6.03 5.7083
6.04 5.7092
6.05 5.71009
6.06 5.71098
6.07 5.71187
6.08 5.71277
6.09 5.71366
6.1 5.71456
6.11 5.71545
6.12 5.71635
6.13 5.71724
6.14 5.71814
6.15 5.71903
6.16 5.71993
6.17 5.72083
6.18 5.72173
6.19 5.72263
6.2 5.72352
6.21 5.72442
6.22 5.72532
6.23 5.72622
6.24 5.72713
6.25 5.72803
6.26 5.72893
6.27 5.72983
6.28 5.73074
6.29 5.73164
6.3 5.73255
6.31 5.73345
6.32 5.73436
6.33 5.73527
6.34 5.73618
6.35 5.73709
6.36 5.738
6.37 5.73891
6.38 5.73982
6.39 5.74073
6.4 5.74165
6.41 5.74256
6.42 5.74348
6.43 5.74439
6.44 5.74531
6.45 5.74623
6.46 5.74715
6.47 5.74806
6.48 5.74899
6.49 5.74991
6.5 5.75083
6.51 5.75175
6.52 5.75268
6.53 5.7536
6.54 5.75453
6.55 5.75546
6.56 5.75638
6.57 5.75731
6.58 5.75824
6.59 5.75917
6.6 5.7601
6.61 5.76104
6.62 5.76197
6.63 5.76291
6.64 5.76384
6.65 5.76478
6.66 5.76572
6.67 5.76665
6.68 5.76759
6.69 5.76853
6.7 5.76947
6.71 5.77042
6.72 5.77136
6.73 5.7723
6.74 5.77325
6.75 5.77419
6.76 5.77514
6.77 5.77609
6.78 5.77703
6.79 5.77798
6.8 5.77893
6.81 5.77988
6.82 5.78083
6.83 5.78179
6.84 5.78274
6.85 5.78369
6.86 5.78465
6.87 5.7856
6.88 5.78656
6.89 5.78751
6.9 5.78847
6.91 5.78943
6.92 5.79039
6.93 5.79134
6.94 5.7923
6.95 5.79326
6.96 5.79422
6.97 5.79519
6.98 5.79615
6.99 5.79711
7 5.79807
7.01 5.79903
7.02 5.8
7.03 5.80096
7.04 5.80193
7.05 5.80289
7.06 5.80386
7.07 5.80482
7.08 5.80579
7.09 5.80675
7.1 5.80772
7.11 5.80869
7.12 5.80966
7.13 5.81062
7.14 5.81159
7.15 5.81256
7.16 5.81353
7.17 5.8145
7.18 5.81547
7.19 5.81644
7.2 5.81741
7.21 5.81838
7.22 5.81935
7.23 5.82032
7.24 5.82129
7.25 5.82226
7.26 5.82323
7.27 5.8242
7.28 5.82518
7.29 5.82615
7.3 5.82713
7.31 5.8281
7.32 5.82907
7.33 5.83005
7.34 5.83103
7.35 5.832
7.36 5.83298
7.37 5.83396
7.38 5.83494
7.39 5.83592
7.4 5.8369
7.41 5.83789
7.42 5.83887
7.43 5.83986
7.44 5.84084
7.45 5.84183
7.46 5.84282
7.47 5.84382
7.48 5.84481
7.49 5.84581
7.5 5.84681
7.51 5.84781
7.52 5.84881
7.53 5.84982
7.54 5.85082
7.55 5.85184
7.56 5.85285
7.57 5.85387
7.58 5.85489
7.59 5.85592
7.6 5.85695
7.61 5.85798
7.62 5.85902
7.63 5.86006
7.64 5.86111
7.65 5.86216
7.66 5.86322
7.67 5.86428
7.68 5.86535
7.69 5.86642
7.7 5.8675
7.71 5.86859
7.72 5.86969
7.73 5.87079
7.74 5.8719
7.75 5.87301
7.76 5.87414
7.77 5.87527
7.78 5.87641
7.79 5.87756
7.8 5.87872
7.81 5.87988
7.82 5.88106
7.83 5.88225
7.84 5.88345
7.85 5.88465
7.86 5.88587
7.87 5.8871
7.88 5.88834
7.89 5.88959
7.9 5.89085
7.91 5.89213
7.92 5.89342
7.93 5.89471
7.94 5.89603
7.95 5.89735
7.96 5.89869
7.97 5.90004
7.98 5.9014
7.99 5.90278
8 5.90417
8.01 5.90558
8.02 5.907
8.03 5.90843
8.04 5.90988
8.05 5.91134
8.06 5.91281
8.07 5.9143
8.08 5.91581
8.09 5.91732
8.1 5.91886
8.11 5.9204
8.12 5.92196
8.13 5.92353
8.14 5.92512
8.15 5.92672
8.16 5.92833
8.17 5.92996
8.18 5.9316
8.19 5.93325
8.2 5.93491
8.21 5.93659
8.22 5.93827
8.23 5.93997
8.24 5.94168
8.25 5.94339
8.26 5.94512
8.27 5.94685
8.28 5.9486
8.29 5.95035
8.3 5.9521
8.31 5.95386
8.32 5.95563
8.33 5.9574
8.34 5.95917
8.35 5.96095
8.36 5.96273
8.37 5.96451
8.38 5.96628
8.39 5.96806
8.4 5.96983
8.41 5.9716
8.42 5.97336
8.43 5.97511
8.44 5.97686
8.45 5.9786
8.46 5.98032
8.47 5.98204
8.48 5.98374
8.49 5.98542
8.5 5.98709
8.51 5.98874
8.52 5.99037
8.53 5.99198
8.54 5.99356
8.55 5.99512
8.56 5.99665
8.57 5.99816
8.58 5.99963
8.59 6.00107
8.6 6.00248
8.61 6.00385
8.62 6.00518
8.63 6.00647
8.64 6.00772
8.65 6.00893
8.66 6.01009
8.67 6.01121
8.68 6.01227
8.69 6.01328
8.7 6.01424
8.71 6.01515
8.72 6.016
8.73 6.01678
8.74 6.01751
8.75 6.01817
8.76 6.01877
8.77 6.0193
8.78 6.01977
8.79 6.02016
8.8 6.02048
8.81 6.02072
8.82 6.02089
8.83 6.02099
8.84 6.021
8.85 6.02093
8.86 6.02078
8.87 6.02054
8.88 6.02022
8.89 6.01981
8.9 6.01932
8.91 6.01873
8.92 6.01805
8.93 6.01728
8.94 6.01642
8.95 6.01546
8.96 6.0144
8.97 6.01325
8.98 6.012
8.99 6.01065
9 6.0092
9.01 6.00765
9.02 6.006
9.03 6.00425
9.04 6.0024
9.05 6.00044
9.06 5.99838
9.07 5.99621
9.08 5.99395
9.09 5.99158
9.1 5.9891
9.11 5.98652
9.12 5.98384
9.13 5.98105
9.14 5.97816
9.15 5.97517
9.16 5.97207
9.17 5.96887
9.18 5.96557
9.19 5.96216
9.2 5.95866
9.21 5.95505
9.22 5.95135
9.23 5.94755
9.24 5.94365
9.25 5.93965
9.26 5.93556
9.27 5.93137
9.28 5.92709
9.29 5.92272
9.3 5.91826
9.31 5.91371
9.32 5.90907
9.33 5.90434
9.34 5.89953
9.35 5.89464
9.36 5.88966
9.37 5.88461
9.38 5.87947
9.39 5.87426
9.4 5.86898
9.41 5.86362
9.42 5.85819
9.43 5.85269
9.44 5.84713
9.45 5.8415
9.46 5.8358
9.47 5.83005
9.48 5.82423
9.49 5.81836
9.5 5.81243
9.51 5.80646
9.52 5.80042
9.53 5.79435
9.54 5.78822
9.55 5.78205
9.56 5.77584
9.57 5.76958
9.58 5.76329
9.59 5.75696
9.6 5.7506
9.61 5.7442
9.62 5.73778
9.63 5.73132
9.64 5.72484
9.65 5.71834
9.66 5.71182
9.67 5.70527
9.68 5.69871
9.69 5.69213
9.7 5.68553
9.71 5.67893
9.72 5.67231
9.73 5.66568
9.74 5.65905
9.75 5.65241
9.76 5.64577
9.77 5.63913
9.78 5.63249
9.79 5.62584
9.8 5.61921
9.81 5.61257
9.82 5.60594
9.83 5.59932
9.84 5.59271
9.85 5.58611
9.86 5.57952
9.87 5.57295
9.88 5.56639
9.89 5.55984
9.9 5.55332
9.91 5.54681
9.92 5.54032
9.93 5.53385
9.94 5.5274
9.95 5.52098
9.96 5.51458
9.97 5.5082
9.98 5.50185
9.99 5.49552
10 5.48923
10.001 5
