0 0
0.01 0.312639
0.02 0.311886
0.03 0.311141
0.04 0.310401
0.05 0.309669
0.06 0.308944
0.07 0.308226
0.08 0.307515
0.09 0.306811
0.1 0.306115
0.11 0.305427
0.12 0.304746
0.13 0.304073
0.14 0.303408
0.15 0.302751
0.16 0.302102
0.17 0.301461
0.18 0.300829
0.19 0.300206
0.2 0.299591
0.21 0.298985
0.22 0.298388
0.23 0.297801
0.24 0.297222
0.25 0.296653
0.26 0.296093
0.27 0.295543
0.28 0.295003
0.29 0.294473
0.3 0.293952
0.31 0.293442
0.32 0.292942
0.33 0.292452
0.34 0.291973
0.35 0.291505
0.36 0.291048
0.37 0.290601
0.38 0.290165
0.39 0.289741
0.4 0.289328
0.41 0.288927
0.42 0.288537
0.43 0.288158
0.44 0.287792
0.45 0.287437
0.46 0.287095
0.47 0.286765
0.48 0.286447
0.49 0.286142
0.5 0.285849
0.51 0.285569
0.52 0.285302
0.53 0.285048
0.54 0.284807
0.55 0.284579
0.56 0.284364
0.57 0.284163
0.58 0.283975
0.59 0.283801
0.6 0.283641
0.61 0.283495
0.62 0.283363
0.63 0.283244
0.64 0.28314
0.65 0.283051
0.66 0.282975
0.67 0.282914
0.68 0.282868
0.69 0.282837
0.7 0.28282
0.71 0.282818
0.72 0.282831
0.73 0.282859
0.74 0.282903
0.75 0.282961
0.76 0.283035
0.77 0.283124
0.78 0.283229
0.79 0.283349
0.8 0.283484
0.81 0.283636
0.82 0.283803
0.83 0.283985
0.84 0.284184
0.85 0.284398
0.86 0.284629
0.87 0.284875
0.88 0.285137
0.89 0.285416
0.9 0.28571
0.91 0.28602
0.92 0.286347
0.93 0.28669
0.94 0.287048
0.95 0.287423
0.96 0.287814
0.97 0.288222
0.98 0.288645
0.99 0.289085
1 0.289541
1.01 0.290012
1.02 0.2905
1.03 0.291005
1.04 0.291525
1.05 0.292061
1.06 0.292613
1.07 0.293181
1.08 0.293766
1.09 0.294366
1.1 0.294981
1.11 0.295613
1.12 0.29626
1.13 0.296923
1.14 0.297601
1.15 0.298295
1.16 0.299005
1.17 0.299729
1.18 0.300469
1.19 0.301224
1.2 0.301993
1.21 0.302778
1.22 0.303578
1.23 0.304392
1.24 0.30522
1.25 0.306063
1.26 0.306921
1.27 0.307792
1.28 0.308677
1.29 0.309577
1.3 0.31049
1.31 0.311416
1.32 0.312356
1.33 0.313309
1.34 0.314276
1.35 0.315255
1.36 0.316246
1.37 0.317251
1.38 0.318268
1.39 0.319297
1.4 0.320337
1.41 0.32139
1.42 0.322455
1.43 0.32353
1.44 0.324617
1.45 0.325715
1.46 0.326824
1.47 0.327944
1.48 0.329074
1.49 0.330214
1.5 0.331364
1.51 0.332524
1.52 0.333694
1.53 0.334873
1.54 0.336062
1.55 0.337259
1.56 0.338465
1.57 0.33968
1.58 0.340903
1.59 0.342134
1.6 0.343374
1.61 0.344621
1.62 0.345875
1.63 0.347138
1.64 0.348407
1.65 0.349683
1.66 0.350966
1.67 0.352256
1.68 0.353553
1.69 0.354855
1.7 0.356164
1.71 0.357479
1.72 0.358799
1.73 0.360126
1.74 0.361457
1.75 0.362794
1.76 0.364137
1.77 0.365484
1.78 0.366836
1.79 0.368193
1.8 0.369555
1.81 0.370922
1.82 0.372293
1.83 0.373668
1.84 0.375048
1.85 0.376432
1.86 0.37782
1.87 0.379212
1.88 0.380608
1.89 0.382008
1.9 0.383412
1.91 0.38482
1.92 0.386231
1.93 0.387647
1.94 0.389066
1.95 0.390489
1.96 0.391916
1.97 0.393346
1.98 0.394781
1.99 0.396219
2 0.397661
2.01 0.399106
2.02 0.400556
2.03 0.402009
2.04 0.403467
2.05 0.404928
2.06 0.406394
2.07 0.407863
2.08 0.409337
2.09 0.410815
2.1 0.412297
2.11 0.413784
2.12 0.415275
2.13 0.416771
2.14 0.418271
2.15 0.419776
2.16 0.421286
2.17 0.422801
2.18 0.424321
2.19 0.425846
2.2 0.427376
2.21 0.428912
2.22 0.430453
2.23 0.432
2.24 0.433553
2.25 0.435111
2.26 0.436675
2.27 0.438246
2.28 0.439822
2.29 0.441405
2.3 0.442994
2.31 0.444589
2.32 0.446191
2.33 0.4478
2.34 0.449416
2.35 0.451038
2.36 0.452668
2.37 0.454305
2.38 0.455948
2.39 0.457599
2.4 0.459258
2.41 0.460924
2.42 0.462597
2.43 0.464278
2.44 0.465967
2.45 0.467664
2.46 0.469368
2.47 0.47108
2.48 0.4728
2.49 0.474529
2.5 0.476265
2.51 0.47801
2.52 0.479762
2.53 0.481523
2.54 0.483292
2.55 0.48507
2.56 0.486856
2.57 0.48865
2.58 0.490453
2.59 0.492264
2.6 0.494083
2.61 0.495911
2.62 0.497747
2.63 0.499592
2.64 0.501445
2.65 0.503306
2.66 0.505176
2.67 0.507054
2.68 0.508941
2.69 0.510836
2.7 0.51274
2.71 0.514651
2.72 0.516572
2.73 0.5185
2.74 0.520436
2.75 0.522381
2.76 0.524334
2.77 0.526295
2.78 0.528264
2.79 0.530241
2.8 0.532226
2.81 0.534218
2.82 0.536219
2.83 0.538227
2.84 0.540243
2.85 0.542267
2.86 0.544298
2.87 0.546337
2.88 0.548383
2.89 0.550437
2.9 0.552497
2.91 0.554565
2.92 0.55664
2.93 0.558722
2.94 0.560811
2.95 0.562907
2.96 0.56501
2.97 0.567119
2.98 0.569235
2.99 0.571357
3 0.573486
3.01 0.575621
3.02 0.577762
3.03 0.57991
3.04 0.582063
3.05 0.584223
3.06 0.586388
3.07 0.588559
3.08 0.590735
3.09 0.592917
3.1 0.595105
3.11 0.597298
3.12 0.599496
3.13 0.601699
3.14 0.603907
3.15 0.60612
3.16 0.608339
3.17 0.610561
3.18 0.612789
3.19 0.615021
3.2 0.617257
3.21 0.619498
3.22 0.621742
3.23 0.623991
3.24 0.626244
3.25 0.628501
3.26 0.630762
3.27 0.633026
3.28 0.635294
3.29 0.637566
3.3 0.639841
3.31 0.642119
3.32 0.6444
3.33 0.646685
3.34 0.648972
3.35 0.651263
3.36 0.653556
3.37 0.655852
3.38 0.658151
3.39 0.660452
3.4 0.662756
3.41 0.665061
3.42 0.66737
3.43 0.66968
3.44 0.671992
3.45 0.674307
3.46 0.676623
3.47 0.678941
3.48 0.681261
3.49 0.683582
3.5 0.685905
3.51 0.68823
3.52 0.690555
3.53 0.692882
3.54 0.695211
3.55 0.69754
3.56 0.69987
3.57 0.702202
3.58 0.704534
3.59 0.706867
3.6 0.709201
3.61 0.711536
3.62 0.713871
3.63 0.716207
3.64 0.718543
3.65 0.720879
3.66 0.723216
3.67 0.725553
3.68 0.727891
3.69 0.730228
3.7 0.732566
3.71 0.734904
3.72 0.737241
3.73 0.739579
3.74 0.741916
3.75 0.744253
3.76 0.74659
3.77 0.748926
3.78 0.751262
3.79 0.753598
3.8 0.755934
3.81 0.758268
3.82 0.760602
3.83 0.762936
3.84 0.765269
3.85 0.767601
3.86 0.769933
3.87 0.772264
3.88 0.774594
3.89 0.776923
3.9 0.779251
3.91 0.781579
3.92 0.783905
3.93 0.786231
3.94 0.788556
3.95 0.790879
3.96 0.793202
3.97 0.795523
3.98 0.797843
3.99 0.800163
4 0.802481
4.01 0.804798
4.02 0.807114
4.03 0.809428
4.04 0.811742
4.05 0.814054
4.06 0.816365
4.07 0.818675
4.08 0.820983
4.09 0.823291
4.1 0.825597
4.11 0.827902
4.12 0.830205
4.13 0.832507
4.14 0.834808
4.15 0.837108
4.16 0.839406
4.17 0.841703
4.18 0.843999
4.19 0.846294
4.2 0.848587
4.21 0.850879
4.22 0.85317
4.23 0.85546
4.24 0.857748
4.25 0.860035
4.26 0.862321
4.27 0.864606
4.28 0.866889
4.29 0.869172
4.3 0.871453
4.31 0.873733
4.32 0.876012
4.33 0.87829
4.34 0.880567
4.35 0.882842
4.36 0.885117
4.37 0.887391
4.38 0.889663
4.39 0.891935
4.4 0.894206
4.41 0.896476
4.42 0.898745
4.43 0.901013
4.44 0.903281
4.45 0.905547
4.46 0.907813
4.47 0.910078
4.48 0.912343
4.49 0.914607
4.5 0.91687
4.51 0.919133
4.52 0.921395
4.53 0.923656
4.54 0.925918
4.55 0.928178
4.56 0.930439
4.57 0.932699
4.58 0.934959
4.59 0.937218
4.6 0.939478
4.61 0.941737
4.62 0.943996
4.63 0.946256
4.64 0.948515
4.65 0.950774
4.66 0.953033
4.67 0.955293
4.68 0.957552
4.69 0.959812
4.7 0.962073
4.71 0.964333
4.72 0.966594
4.73 0.968856
4.74 0.971118
4.75 0.973381
4.76 0.975644
4.77 0.977908
4.78 0.980173
4.79 0.982439
4.8 0.984705
4.81 0.986973
4.82 0.989242
4.83 0.991511
4.84 0.993782
4.85 0.996055
4.86 0.998328
4.87 1.0006
4.88 1.00288
4.89 1.00516
4.9 1.00744
4.91 1.00972
4.92 1.012
4.93 1.01428
4.94 1.01657
4.95 1.01886
4.96 1.02115
4.97 1.02344
4.98 1.02574
4.99 1.02803
5 1.03033
5.01 1.03263
5.02 1.03494
5.03 1.03725
5.04 1.03956
5.05 1.04187
5.06 1.04418
5.07 1.0465
5.08 1.04882
5.09 1.05115
5.1 1.05347
5.11 1.0558
5.12 1.05814
5.13 1.06047
5.14 1.06281
5.15 1.06516
5.16 1.06751
5.17 1.06986
5.18 1.07222
5.19 1.07458
5.2 1.07694
5.21 1.07931
5.22 1.08168
5.23 1.08406
5.24 1.08644
5.25 1.08882
5.26 1.09121
5.27 1.09361
5.28 1.09601
5.29 1.09842
5.3 1.10083
5.31 1.10324
5.32 1.10566
5.33 1.10809
5.34 1.11052
5.35 1.11296
5.36 1.1154
5.37 1.11785
5.38 1.12031
5.39 1.12277
5.4 1.12524
5.41 1.12771
5.42 1.13019
5.43 1.13268
5.44 1.13518
5.45 1.13768
5.46 1.14018
5.47 1.1427
5.48 1.14522
5.49 1.14775
5.5 1.15029
5.51 1.15283
5.52 1.15539
5.53 1.15795
5.54 1.16052
5.55 1.16309
5.56 1.16568
5.57 1.16827
5.58 1.17087
5.59 1.17348
5.6 1.1761
5.61 1.17873
5.62 1.18137
5.63 1.18402
5.64 1.18667
5.65 1.18934
5.66 1.19201
5.67 1.1947
5.68 1.1974
5.69 1.2001
5.7 1.20282
5.71 1.20554
5.72 1.20828
5.73 1.21103
5.74 1.21379
5.75 1.21656
5.76 1.21934
5.77 1.22213
5.78 1.22494
5.79 1.22776
5.8 1.23058
5.81 1.23343
5.82 1.23628
5.83 1.23915
5.84 1.24202
5.85 1.24492
5.86 1.24782
5.87 1.25074
5.88 1.25367
5.89 1.25661
5.9 1.25957
5.91 1.26255
5.92 1.26553
5.93 1.26853
5.94 1.27155
5.95 1.27458
5.96 1.27763
5.97 1.28069
5.98 1.28377
5.99 1.28686
6 1.28997
6.01 1.29309
6.02 1.29623
6.03 1.29939
6.04 1.30256
6.05 1.30575
6.06 1.30896
6.07 1.31219
6.08 1.31543
6.09 1.31869
6.1 1.32197
6.11 1.32526
6.12 1.32858
6.13 1.33191
6.14 1.33527
6.15 1.33864
6.16 1.34203
6.17 1.34544
6.18 1.34888
6.19 1.35233
6.2 1.3558
6.21 1.35929
6.22 1.36281
6.23 1.36634
6.24 1.3699
6.25 1.37348
6.26 1.37708
6.27 1.3807
6.28 1.38435
6.29 1.38802
6.3 1.39171
6.31 1.39543
6.32 1.39916
6.33 1.40293
6.34 1.40672
6.35 1.41053
6.36 1.41436
6.37 1.41823
6.38 1.42211
6.39 1.42603
6.4 1.42996
6.41 1.43393
6.42 1.43792
6.43 1.44194
6.44 1.44598
6.45 1.45006
6.46 1.45416
6.47 1.45829
6.48 1.46245
6.49 1.46663
6.5 1.47085
6.51 1.47509
6.52 1.47937
6.53 1.48367
6.54 1.488
6.55 1.49237
6.56 1.49676
6.57 1.50119
6.58 1.50565
6.59 1.51014
6.6 1.51466
6.61 1.51922
6.62 1.52381
6.63 1.52843
6.64 1.53308
6.65 1.53777
6.66 1.54249
6.67 1.54725
6.68 1.55204
6.69 1.55686
6.7 1.56173
6.71 1.56662
6.72 1.57156
6.73 1.57653
6.74 1.58153
6.75 1.58657
6.76 1.59165
6.77 1.59677
6.78 1.60192
6.79 1.60712
6.8 1.61235
6.81 1.61762
6.82 1.62293
6.83 1.62827
6.84 1.63366
6.85 1.63909
6.86 1.64455
6.87 1.65006
6.88 1.65561
6.89 1.6612
6.9 1.66682
6.91 1.67249
6.92 1.6782
6.93 1.68396
6.94 1.68975
6.95 1.69559
6.96 1.70146
6.97 1.70738
6.98 1.71335
6.99 1.71935
7 1.7254
7.01 1.73149
7.02 1.73762
7.03 1.7438
7.04 1.75002
7.05 1.75628
7.06 1.76259
7.07 1.76894
7.08 1.77533
7.09 1.78177
7.1 1.78825
7.11 1.79477
7.12 1.80134
7.13 1.80795
7.14 1.8146
7.15 1.8213
7.16 1.82804
7.17 1.83482
7.18 1.84165
7.19 1.84851
7.2 1.85543
7.21 1.86238
7.22 1.86938
7.23 1.87641
7.24 1.88349
7.25 1.89062
7.26 1.89778
7.27 1.90498
7.28 1.91223
7.29 1.91952
7.3 1.92684
7.31 1.93421
7.32 1.94162
7.33 1.94906
7.34 1.95655
7.35 1.96407
7.36 1.97163
7.37 1.97923
7.38 1.98686
7.39 1.99454
7.4 2.00225
7.41 2.00999
7.42 2.01777
7.43 2.02559
7.44 2.03344
7.45 2.04133
7.46 2.04925
7.47 2.0572
7.48 2.06518
7.49 2.0732
7.5 2.08125
7.51 2.08933
7.52 2.09744
7.53 2.10558
7.54 2.11375
7.55 2.12195
7.56 2.13018
7.57 2.13844
7.58 2.14673
7.59 2.15504
7.6 2.16339
7.61 2.17175
7.62 2.18015
7.63 2.18857
7.64 2.19702
7.65 2.2055
7.66 2.214
7.67 2.22253
7.68 2.23108
7.69 2.23966
7.7 2.24826
7.71 2.25689
7.72 2.26554
7.73 2.27422
7.74 2.28293
7.75 2.29166
7.76 2.30041
7.77 2.30919
7.78 2.318
7.79 2.32684
7.8 2.3357
7.81 2.34458
7.82 2.3535
7.83 2.36244
7.84 2.37141
7.85 2.38041
7.86 2.38944
7.87 2.3985
7.88 2.40759
7.89 2.41672
7.9 2.42587
7.91 2.43506
7.92 2.44428
7.93 2.45354
7.94 2.46283
7.95 2.47216
7.96 2.48152
7.97 2.49092
7.98 2.50037
7.99 2.50985
8 2.51938
8.01 2.52894
8.02 2.53855
8.03 2.54821
8.04 2.55791
8.05 2.56766
8.06 2.57746
8.07 2.5873
8.08 2.5972
8.09 2.60714
8.1 2.61714
8.11 2.62719
8.12 2.6373
8.13 2.64746
8.14 2.65768
8.15 2.66795
8.16 2.67829
8.17 2.68868
8.18 2.69913
8.19 2.70964
8.2 2.72022
8.21 2.73085
8.22 2.74155
8.23 2.75231
8.24 2.76314
8.25 2.77403
8.26 2.78499
8.27 2.79601
8.28 2.80709
8.29 2.81824
8.3 2.82946
8.31 2.84074
8.32 2.85209
8.33 2.8635
8.34 2.87498
8.35 2.88652
8.36 2.89813
8.37 2.9098
8.38 2.92153
8.39 2.93333
8.4 2.94518
8.41 2.9571
8.42 2.96908
8.43 2.98112
8.44 2.99322
8.45 3.00537
8.46 3.01758
8.47 3.02984
8.48 3.04215
8.49 3.05452
8.5 3.06693
8.51 3.07939
8.52 3.0919
8.53 3.10445
8.54 3.11704
8.55 3.12967
8.56 3.14234
8.57 3.15505
8.58 3.16779
8.59 3.18056
8.6 3.19336
8.61 3.20618
8.62 3.21903
8.63 3.2319
8.64 3.24479
8.65 3.2577
8.66 3.27062
8.67 3.28355
8.68 3.29649
8.69 3.30944
8.7 3.32239
8.71 3.33535
8.72 3.3483
8.73 3.36124
8.74 3.37418
8.75 3.38711
8.76 3.40003
8.77 3.41293
8.78 3.42582
8.79 3.43869
8.8 3.45153
8.81 3.46436
8.82 3.47715
8.83 3.48991
8.84 3.50265
8.85 3.51535
8.86 3.52801
8.87 3.54064
8.88 3.55322
8.89 3.56577
8.9 3.57827
8.91 3.59072
8.92 3.60312
8.93 3.61548
8.94 3.62778
8.95 3.64003
8.96 3.65222
8.97 3.66436
8.98 3.67644
8.99 3.68845
9 3.70041
9.01 3.71231
9.02 3.72414
9.03 3.73591
9.04 3.74761
9.05 3.75924
9.06 3.7708
9.07 3.7823
9.08 3.79373
9.09 3.80508
9.1 3.81636
9.11 3.82757
9.12 3.83871
9.13 3.84977
9.14 3.86076
9.15 3.87168
9.16 3.88251
9.17 3.89328
9.18 3.90396
9.19 3.91457
9.2 3.9251
9.21 3.93555
9.22 3.94593
9.23 3.95623
9.24 3.96644
9.25 3.97658
9.26 3.98664
9.27 3.99663
9.28 4.00653
9.29 4.01635
9.3 4.02609
9.31 4.03576
9.32 4.04534
9.33 4.05484
9.34 4.06427
9.35 4.07361
9.36 4.08288
9.37 4.09206
9.38 4.10117
9.39 4.11019
9.4 4.11913
9.41 4.128
9.42 4.13678
9.43 4.14549
9.44 4.15411
9.45 4.16265
9.46 4.17112
9.47 4.1795
9.48 4.18781
9.49 4.19603
9.5 4.20418
9.51 4.21225
9.52 4.22023
9.53 4.22814
9.54 4.23597
9.55 4.24371
9.56 4.25138
9.57 4.25897
9.58 4.26648
9.59 4.27392
9.6 4.28127
9.61 4.28854
9.62 4.29574
9.63 4.30285
9.64 4.30989
9.65 4.31685
9.66 4.32374
9.67 4.33054
9.68 4.33726
9.69 4.34391
9.7 4.35048
9.71 4.35698
9.72 4.36339
9.73 4.36973
9.74 4.37599
9.75 4.38218
9.76 4.38829
9.77 4.39432
9.78 4.40028
9.79 4.40616
9.8 4.41196
9.81 4.41769
9.82 4.42335
9.83 4.42893
9.84 4.43443
9.85 4.43986
9.86 4.44522
9.87 4.4505
9.88 4.45572
9.89 4.46085
9.9 4.46592
9.91 4.47091
9.92 4.47583
9.93 4.48068
9.94 4.48546
9.95 4.49017
9.96 4.4948
9.97 4.49937
9.98 4.50387
9.99 4.5083
10 4.51266
10.001 0
