0 -10
0.01 -7.58061
0.02 -7.57464
0.03 -7.56864
0.04 -7.5626
0.05 -7.55652
0.06 -7.55041
0.07 -7.54426
0.08 -7.53807
0.09 -7.53184
0.1 -7.52557
0.11 -7.51926
0.12 -7.51291
0.13 -7.50652
0.14 -7.50009
0.15 -7.49361
0.16 -7.48709
0.17 -7.48053
0.18 -7.47392
0.19 -7.46727
0.2 -7.46058
0.21 -7.45384
0.22 -7.44705
0.23 -7.44022
0.24 -7.43333
0.25 -7.42641
0.26 -7.41943
0.27 -7.41241
0.28 -7.40533
0.29 -7.39821
0.3 -7.39104
0.31 -7.38381
0.32 -7.37654
0.33 -7.36921
0.34 -7.36184
0.35 -7.35441
0.36 -7.34692
0.37 -7.33939
0.38 -7.3318
0.39 -7.32416
0.4 -7.31646
0.41 -7.30871
0.42 -7.30091
0.43 -7.29305
0.44 -7.28513
0.45 -7.27716
0.46 -7.26913
0.47 -7.26105
0.48 -7.25291
0.49 -7.24471
0.5 -7.23646
0.51 -7.22815
0.52 -7.21978
0.53 -7.21135
0.54 -7.20287
0.55 -7.19433
0.56 -7.18573
0.57 -7.17708
0.58 -7.16837
0.59 -7.1596
0.6 -7.15078
0.61 -7.14189
0.62 -7.13296
0.63 -7.12396
0.64 -7.11491
0.65 -7.1058
0.66 -7.09664
0.67 -7.08742
0.68 -7.07814
0.69 -7.06882
0.7 -7.05943
0.71 -7.05
0.72 -7.04051
0.73 -7.03097
0.74 -7.02138
0.75 -7.01173
0.76 -7.00204
0.77 -6.9923
0.78 -6.98251
0.79 -6.97267
0.8 -6.96278
0.81 -6.95285
0.82 -6.94288
0.83 -6.93286
0.84 -6.9228
0.85 -6.91269
0.86 -6.90255
0.87 -6.89237
0.88 -6.88215
0.89 -6.8719
0.9 -6.86161
0.91 -6.85129
0.92 -6.84094
0.93 -6.83056
0.94 -6.82015
0.95 -6.80971
0.96 -6.79925
0.97 -6.78877
0.98 -6.77827
0.99 -6.76775
1 -6.75721
1.01 -6.74666
1.02 -6.73609
1.03 -6.72551
1.04 -6.71493
1.05 -6.70433
1.06 -6.69374
1.07 -6.68314
1.08 -6.67254
1.09 -6.66195
1.1 -6.65136
1.11 -6.64078
1.12 -6.6302
1.13 -6.61964
1.14 -6.6091
1.15 -6.59857
1.16 -6.58806
1.17 -6.57757
1.18 -6.56711
1.19 -6.55668
1.2 -6.54627
1.21 -6.5359
1.22 -6.52556
1.23 -6.51526
1.24 -6.505
1.25 -6.49478
1.26 -6.4846
1.27 -6.47448
1.28 -6.4644
1.29 -6.45437
1.3 -6.4444
1.31 -6.43449
1.32 -6.42463
1.33 -6.41484
1.34 -6.40511
1.35 -6.39545
1.36 -6.38585
1.37 -6.37632
1.38 -6.36687
1.39 -6.35749
1.4 -6.34819
1.41 -6.33896
1.42 -6.32982
1.43 -6.32075
1.44 -6.31177
1.45 -6.30288
1.46 -6.29407
1.47 -6.28535
1.48 -6.27672
1.49 -6.26819
1.5 -6.25974
1.51 -6.25139
1.52 -6.24313
1.53 -6.23497
1.54 -6.2269
1.55 -6.21894
1.56 -6.21107
1.57 -6.2033
1.58 -6.19563
1.59 -6.18807
1.6 -6.1806
1.61 -6.17324
1.62 -6.16598
1.63 -6.15882
1.64 -6.15176
1.65 -6.14481
1.66 -6.13796
1.67 -6.13121
1.68 -6.12457
1.69 -6.11803
1.7 -6.11159
1.71 -6.10525
1.72 -6.09902
1.73 -6.09289
1.74 -6.08686
1.75 -6.08093
1.76 -6.07511
1.77 -6.06938
1.78 -6.06375
1.79 -6.05823
1.8 -6.0528
1.81 -6.04747
1.82 -6.04223
1.83 -6.03709
1.84 -6.03205
1.85 -6.0271
1.86 -6.02224
1.87 -6.01748
1.88 -6.01281
1.89 -6.00823
1.9 -6.00373
1.91 -5.99933
1.92 -5.99501
1.93 -5.99078
1.94 -5.98664
1.95 -5.98258
1.96 -5.9786
1.97 -5.9747
1.98 -5.97089
1.99 -5.96715
2 -5.96349
2.01 -5.95991
2.02 -5.9564
2.03 -5.95297
2.04 -5.94962
2.05 -5.94633
2.06 -5.94312
2.07 -5.93997
2.08 -5.9369
2.09 -5.93389
2.1 -5.93095
2.11 -5.92808
2.12 -5.92526
2.13 -5.92252
2.14 -5.91983
2.15 -5.9172
2.16 -5.91464
2.17 -5.91213
2.18 -5.90968
2.19 -5.90728
2.2 -5.90494
2.21 -5.90266
2.22 -5.90042
2.23 -5.89824
2.24 -5.89611
2.25 -5.89403
2.26 -5.892
2.27 -5.89002
2.28 -5.88808
2.29 -5.88619
2.3 -5.88435
2.31 -5.88255
2.32 -5.88079
2.33 -5.87907
2.34 -5.87739
2.35 -5.87576
2.36 -5.87416
2.37 -5.87261
2.38 -5.87109
2.39 -5.86961
2.4 -5.86816
2.41 -5.86675
2.42 -5.86537
2.43 -5.86403
2.44 -5.86272
2.45 -5.86144
2.46 -5.8602
2.47 -5.85898
2.48 -5.8578
2.49 -5.85664
2.5 -5.85552
2.51 -5.85442
2.52 -5.85335
2.53 -5.8523
2.54 -5.85129
2.55 -5.85029
2.56 -5.84933
2.57 -5.84838
2.58 -5.84746
2.59 -5.84657
2.6 -5.8457
2.61 -5.84484
2.62 -5.84402
2.63 -5.84321
2.64 -5.84242
2.65 -5.84165
2.66 -5.8409
2.67 -5.84018
2.68 -5.83947
2.69 -5.83878
2.7 -5.8381
2.71 -5.83745
2.72 -5.83681
2.73 -5.83618
2.74 -5.83558
2.75 -5.83499
2.76 -5.83441
2.77 -5.83385
2.78 -5.83331
2.79 -5.83277
2.8 -5.83226
2.81 -5.83175
2.82 -5.83126
2.83 -5.83079
2.84 -5.83032
2.85 -5.82987
2.86 -5.82943
2.87 -5.829
2.88 -5.82858
2.89 -5.82817
2.9 -5.82778
2.91 -5.82739
2.92 -5.82701
2.93 -5.82665
2.94 -5.82629
2.95 -5.82595
2.96 -5.82561
2.97 -5.82528
2.98 -5.82496
2.99 -5.82465
3 -5.82435
3.01 -5.82405
3.02 -5.82377
3.03 -5.82349
3.04 -5.82322
3.05 -5.82295
3.06 -5.8227
3.07 -5.82244
3.08 -5.8222
3.09 -5.82196
3.1 -5.82173
3.11 -5.82151
3.12 -5.82129
3.13 -5.82108
3.14 -5.82087
3.15 -5.82067
3.16 -5.82047
3.17 -5.82028
3.18 -5.82009
3.19 -5.81991
3.2 -5.81973
3.21 -5.81956
3.22 -5.81939
3.23 -5.81923
3.24 -5.81907
3.25 -5.81891
3.26 -5.81876
3.27 -5.81861
3.28 -5.81847
3.29 -5.81833
3.3 -5.81819
3.31 -5.81805
3.32 -5.81792
3.33 -5.8178
3.34 -5.81767
3.35 -5.81755
3.36 -5.81743
3.37 -5.81732
3.38 -5.8172
3.39 -5.81709
3.4 -5.81698
3.41 -5.81688
3.42 -5.81677
3.43 -5.81667
3.44 -5.81657
3.45 -5.81647
3.46 -5.81638
3.47 -5.81629
3.48 -5.81619
3.49 -5.8161
3.5 -5.81602
3.51 -5.81593
3.52 -5.81584
3.53 -5.81576
3.54 -5.81568
3.55 -5.8156
3.56 -5.81552
3.57 -5.81544
3.58 -5.81536
3.59 -5.81528
3.6 -5.81521
3.61 -5.81513
3.62 -5.81506
3.63 -5.81499
3.64 -5.81492
3.65 -5.81485
3.66 -5.81478
3.67 -5.81471
3.68 -5.81464
3.69 -5.81457
3.7 -5.8145
3.71 -5.81443
3.72 -5.81437
3.73 -5.8143
3.74 -5.81423
3.75 -5.81417
3.76 -5.8141
3.77 -5.81404
3.78 -5.81397
3.79 -5.81391
3.8 -5.81384
3.81 -5.81378
3.82 -5.81371
3.83 -5.81365
3.84 -5.81358
3.85 -5.81352
3.86 -5.81346
3.87 -5.81339
3.88 -5.81333
3.89 -5.81326
3.9 -5.8132
3.91 -5.81313
3.92 -5.81306
3.93 -5.813
3.94 -5.81293
3.95 -5.81287
3.96 -5.8128
3.97 -5.81273
3.98 -5.81267
3.99 -5.8126
4 -5.81253
4.01 -5.81246
4.02 -5.81239
4.03 -5.81232
4.04 -5.81225
4.05 -5.81218
4.06 -5.81211
4.07 -5.81204
4.08 -5.81196
4.09 -5.81189
4.1 -5.81182
4.11 -5.81174
4.12 -5.81167
4.13 -5.81159
4.14 -5.81152
4.15 -5.81144
4.16 -5.81136
4.17 -5.81128
4.18 -5.8112
4.19 -5.81112
4.2 -5.81104
4.21 -5.81096
4.22 -5.81088
4.23 -5.8108
4.24 -5.81071
4.25 -5.81063
4.26 -5.81054
4.27 -5.81045
4.28 -5.81037
4.29 -5.81028
4.3 -5.81019
4.31 -5.8101
4.32 -5.81001
4.33 -5.80991
4.34 -5.80982
4.35 -5.80973
4.36 -5.80963
4.37 -5.80954
4.38 -5.80944
4.39 -5.80934
4.4 -5.80924
4.41 -5.80914
4.42 -5.80904
4.43 -5.80894
4.44 -5.80884
4.45 -5.80873
4.46 -5.80863
4.47 -5.80852
4.48 -5.80841
4.49 -5.8083
4.5 -5.80819
4.51 -5.80808
4.52 -5.80797
4.53 -5.80786
4.54 -5.80774
4.55 -5.80763
4.56 -5.80751
4.57 -5.80739
4.58 -5.80727
4.59 -5.80715
4.6 -5.80703
4.61 -5.80691
4.62 -5.80679
4.63 -5.80666
4.64 -5.80654
4.65 -5.80641
4.66 -5.80628
4.67 -5.80615
4.68 -5.80602
4.69 -5.80589
4.7 -5.80576
4.71 -5.80562
4.72 -5.80549
4.73 -5.80535
4.74 -5.80521
4.75 -5.80507
4.76 -5.80493
4.77 -5.80479
4.78 -5.80464
4.79 -5.8045
4.8 -5.80435
4.81 -5.8042
4.82 -5.80406
4.83 -5.80391
4.84 -5.80375
4.85 -5.8036
4.86 -5.80345
4.87 -5.80329
4.88 -5.80314
4.89 -5.80298
4.9 -5.80282
4.91 -5.80266
4.92 -5.80249
4.93 -5.80233
4.94 -5.80217
4.95 -5.802
4.96 -5.80183
4.97 -5.80166
4.98 -5.80149
4.99 -5.80132
5 -5.80115
5.01 -5.80097
5.02 -5.8008
5.03 -5.80062
5.04 -5.80044
5.05 -5.80026
5.06 -5.80008
5.07 -5.79989
5.08 -5.79971
5.09 -5.79952
5.1 -5.79933
5.11 -5.79914
5.12 -5.79895
5.13 -5.79876
5.14 -5.79856
5.15 -5.79837
5.16 -5.79817
5.17 -5.79797
5.18 -5.79777
5.19 -5.79757
5.2 -5.79737
5.21 -5.79716
5.22 -5.79696
5.23 -5.79675
5.24 -5.79654
5.25 -5.79633
5.26 -5.79612
5.27 -5.7959
5.28 -5.79569
5.29 -5.79547
5.3 -5.79525
5.31 -5.79503
5.32 -5.79481
5.33 -5.79459
5.34 -5.79436
5.35 -5.79413
5.36 -5.7939
5.37 -5.79367
5.38 -5.79344
5.39 -5.79321
5.4 -5.79297
5.41 -5.79274
5.42 -5.7925
5.43 -5.79226
5.44 -5.79202
5.45 -5.79177
5.46 -5.79153
5.47 -5.79128
5.48 -5.79103
5.49 -5.79078
5.5 -5.79053
5.51 -5.79028
5.52 -5.79002
5.53 -5.78977
5.54 -5.78951
5.55 -5.78925
5.56 -5.78898
5.57 -5.78872
5.58 -5.78846
5.59 -5.78819
5.6 -5.78792
5.61 -5.78765
5.62 -5.78738
5.63 -5.7871
5.64 -5.78683
5.65 -5.78655
5.66 -5.78627
5.67 -5.78599
5.68 -5.78571
5.69 -5.78542
5.7 -5.78513
5.71 -5.78485
5.72 -5.78456
5.73 -5.78426
5.74 -5.78397
5.75 -5.78368
5.76 -5.78338
5.77 -5.78308
5.78 -5.78278
5.79 -5.78248
5.8 -5.78217
5.81 -5.78187
5.82 -5.78156
5.83 -5.78125
5.84 -5.78094
5.85 -5.78063
5.86 -5.78032
5.87 -5.78
5.88 -5.77968
5.89 -5.77936
5.9 -5.77904
5.91 -5.77872
5.92 -5.77839
5.93 -5.77807
5.94 -5.77774
5.95 -5.77741
5.96 -5.77708
5.97 -5.77675
5.98 -5.77641
5.99 -5.77608
6 -5.77574
6.01 -5.7754
6.02 -5.77506
6.03 -5.77472
6.04 -5.77437
6.05 -5.77403
6.06 -5.77368
6.07 -5.77333
6.08 -5.77298
6.09 -5.77263
6.1 -5.77228
6.11 -5.77192
6.12 -5.77157
6.13 -5.77121
6.14 -5.77085
6.15 -5.77049
6.16 -5.77013
6.17 -5.76977
6.18 -5.7694
6.19 -5.76904
6.2 -5.76867
6.21 -5.7683
6.22 -5.76793
6.23 -5.76756
6.24 -5.76719
6.25 -5.76682
6.26 -5.76644
6.27 -5.76607
6.28 -5.76569
6.29 -5.76531
6.3 -5.76494
6.31 -5.76456
6.32 -5.76417
6.33 -5.76379
6.34 -5.76341
6.35 -5.76303
6.36 -5.76264
6.37 -5.76226
6.38 -5.76187
6.39 -5.76148
6.4 -5.76109
6.41 -5.76071
6.42 -5.76032
6.43 -5.75993
6.44 -5.75953
6.45 -5.75914
6.46 -5.75875
6.47 -5.75836
6.48 -5.75796
6.49 -5.75757
6.5 -5.75717
6.51 -5.75678
6.52 -5.75638
6.53 -5.75598
6.54 -5.75558
6.55 -5.75519
6.56 -5.75479
6.57 -5.75439
6.58 -5.75399
6.59 -5.75359
6.6 -5.75319
6.61 -5.75278
6.62 -5.75238
6.63 -5.75198
6.64 -5.75158
6.65 -5.75117
6.66 -5.75077
6.67 -5.75036
6.68 -5.74996
6.69 -5.74955
6.7 -5.74914
6.71 -5.74873
6.72 -5.74832
6.73 -5.74791
6.74 -5.7475
6.75 -5.74709
6.76 -5.74668
6.77 -5.74627
6.78 -5.74585
6.79 -5.74544
6.8 -5.74502
6.81 -5.7446
6.82 -5.74418
6.83 -5.74376
6.84 -5.74334
6.85 -5.74292
6.86 -5.74249
6.87 -5.74206
6.88 -5.74163
6.89 -5.7412
6.9 -5.74077
6.91 -5.74033
6.92 -5.73989
6.93 -5.73945
6.94 -5.73901
6.95 -5.73856
6.96 -5.73811
6.97 -5.73766
6.98 -5.7372
6.99 -5.73674
7 -5.73627
7.01 -5.73581
7.02 -5.73533
7.03 -5.73486
7.04 -5.73438
7.05 -5.73389
7.06 -5.7334
7.07 -5.7329
7.08 -5.7324
7.09 -5.7319
7.1 -5.73138
7.11 -5.73087
7.12 -5.73034
7.13 -5.72981
7.14 -5.72927
7.15 -5.72873
7.16 -5.72817
7.17 -5.72761
7.18 -5.72705
7.19 -5.72647
7.2 -5.72589
7.21 -5.7253
7.22 -5.7247
7.23 -5.72409
7.24 -5.72347
7.25 -5.72284
7.26 -5.7222
7.27 -5.72155
7.28 -5.7209
7.29 -5.72023
7.3 -5.71955
7.31 -5.71886
7.32 -5.71817
7.33 -5.71746
7.34 -5.71673
7.35 -5.716
7.36 -5.71526
7.37 -5.7145
7.38 -5.71374
7.39 -5.71296
7.4 -5.71217
7.41 -5.71137
7.42 -5.71056
7.43 -5.70973
7.44 -5.7089
7.45 -5.70805
7.46 -5.70719
7.47 -5.70632
7.48 -5.70543
7.49 -5.70454
7.5 -5.70363
7.51 -5.70272
7.52 -5.70179
7.53 -5.70085
7.54 -5.69991
7.55 -5.69895
7.56 -5.69798
7.57 -5.697
7.58 -5.69602
7.59 -5.69503
7.6 -5.69403
7.61 -5.69302
7.62 -5.69201
7.63 -5.69099
7.64 -5.68996
7.65 -5.68893
7.66 -5.6879
7.67 -5.68686
7.68 -5.68583
7.69 -5.68479
7.7 -5.68375
7.71 -5.68271
7.72 -5.68168
7.73 -5.68065
7.74 -5.67962
7.75 -5.6786
7.76 -5.67758
7.77 -5.67657
7.78 -5.67558
7.79 -5.67459
7.8 -5.67362
7.81 -5.67266
7.82 -5.67171
7.83 -5.67079
7.84 -5.66988
7.85 -5.66899
7.86 -5.66813
7.87 -5.66729
7.88 -5.66647
7.89 -5.66569
7.9 -5.66493
7.91 -5.66421
7.92 -5.66352
7.93 -5.66287
7.94 -5.66226
7.95 -5.66168
7.96 -5.66115
7.97 -5.66067
7.98 -5.66023
7.99 -5.65985
8 -5.65951
8.01 -5.65924
8.02 -5.65902
8.03 -5.65885
8.04 -5.65876
8.05 -5.65872
8.06 -5.65876
8.07 -5.65886
8.08 -5.65904
8.09 -5.65929
8.1 -5.65962
8.11 -5.66002
8.12 -5.66052
8.13 -5.66109
8.14 -5.66176
8.15 -5.66251
8.16 -5.66336
8.17 -5.66431
8.18 -5.66535
8.19 -5.66649
8.2 -5.66773
8.21 -5.66908
8.22 -5.67054
8.23 -5.67211
8.24 -5.67379
8.25 -5.67558
8.26 -5.67749
8.27 -5.67952
8.28 -5.68167
8.29 -5.68395
8.3 -5.68634
8.31 -5.68887
8.32 -5.69152
8.33 -5.6943
8.34 -5.69721
8.35 -5.70026
8.36 -5.70344
8.37 -5.70676
8.38 -5.71022
8.39 -5.71381
8.4 -5.71754
8.41 -5.72142
8.42 -5.72543
8.43 -5.72959
8.44 -5.73389
8.45 -5.73833
8.46 -5.74292
8.47 -5.74765
8.48 -5.75253
8.49 -5.75755
8.5 -5.76271
8.51 -5.76802
8.52 -5.77348
8.53 -5.77908
8.54 -5.78482
8.55 -5.7907
8.56 -5.79673
8.57 -5.80289
8.58 -5.8092
8.59 -5.81565
8.6 -5.82223
8.61 -5.82895
8.62 -5.83581
8.63 -5.8428
8.64 -5.84992
8.65 -5.85717
8.66 -5.86455
8.67 -5.87206
8.68 -5.87969
8.69 -5.88744
8.7 -5.89531
8.71 -5.9033
8.72 -5.9114
8.73 -5.91962
8.74 -5.92795
8.75 -5.93638
8.76 -5.94491
8.77 -5.95355
8.78 -5.96229
8.79 -5.97112
8.8 -5.98004
8.81 -5.98905
8.82 -5.99815
8.83 -6.00733
8.84 -6.01659
8.85 -6.02593
8.86 -6.03534
8.87 -6.04481
8.88 -6.05436
8.89 -6.06397
8.9 -6.07364
8.91 -6.08336
8.92 -6.09314
8.93 -6.10296
8.94 -6.11284
8.95 -6.12275
8.96 -6.13271
8.97 -6.1427
8.98 -6.15273
8.99 -6.16278
9 -6.17287
9.01 -6.18297
9.02 -6.1931
9.03 -6.20324
9.04 -6.2134
9.05 -6.22358
9.06 -6.23376
9.07 -6.24394
9.08 -6.25413
9.09 -6.26432
9.1 -6.27451
9.11 -6.2847
9.12 -6.29487
9.13 -6.30504
9.14 -6.31519
9.15 -6.32534
9.16 -6.33546
9.17 -6.34557
9.18 -6.35565
9.19 -6.36572
9.2 -6.37575
9.21 -6.38577
9.22 -6.39575
9.23 -6.4057
9.24 -6.41563
9.25 -6.42552
9.26 -6.43537
9.27 -6.44519
9.28 -6.45497
9.29 -6.46471
9.3 -6.47441
9.31 -6.48407
9.32 -6.49369
9.33 -6.50326
9.34 -6.51279
9.35 -6.52227
9.36 -6.53171
9.37 -6.5411
9.38 -6.55044
9.39 -6.55973
9.4 -6.56898
9.41 -6.57817
9.42 -6.58731
9.43 -6.5964
9.44 -6.60544
9.45 -6.61443
9.46 -6.62336
9.47 -6.63224
9.48 -6.64107
9.49 -6.64985
9.5 -6.65857
9.51 -6.66723
9.52 -6.67584
9.53 -6.6844
9.54 -6.6929
9.55 -6.70135
9.56 -6.70974
9.57 -6.71808
9.58 -6.72637
9.59 -6.73459
9.6 -6.74277
9.61 -6.75089
9.62 -6.75895
9.63 -6.76696
9.64 -6.77492
9.65 -6.78282
9.66 -6.79066
9.67 -6.79846
9.68 -6.80619
9.69 -6.81388
9.7 -6.82151
9.71 -6.82909
9.72 -6.83661
9.73 -6.84409
9.74 -6.85151
9.75 -6.85887
9.76 -6.86619
9.77 -6.87345
9.78 -6.88066
9.79 -6.88783
9.8 -6.89494
9.81 -6.902
9.82 -6.909
9.83 -6.91596
9.84 -6.92287
9.85 -6.92973
9.86 -6.93654
9.87 -6.94331
9.88 -6.95002
9.89 -6.95669
9.9 -6.96331
9.91 -6.96988
9.92 -6.9764
9.93 -6.98288
9.94 -6.98931
9.95 -6.9957
9.96 -7.00204
9.97 -7.00833
9.98 -7.01458
9.99 -7.02079
10 -7.02695
10.001 -10
