0 5
0.01 4.28273
0.02 4.28517
0.03 4.28763
0.04 4.29012
0.05 4.29264
0.06 4.29518
0.07 4.29774
0.08 4.30033
0.09 4.30295
0.1 4.3056
0.11 4.30827
0.12 4.31098
0.13 4.31371
0.14 4.31646
0.15 4.31925
0.16 4.32207
0.17 4.32492
0.18 4.3278
0.19 4.33071
0.2 4.33365
0.21 4.33663
0.22 4.33963
0.23 4.34267
0.24 4.34574
0.25 4.34885
0.26 4.35199
0.27 4.35517
0.28 4.35838
0.29 4.36163
0.3 4.36491
0.31 4.36824
0.32 4.3716
0.33 4.37499
0.34 4.37843
0.35 4.3819
0.36 4.38542
0.37 4.38898
0.38 4.39257
0.39 4.39621
0.4 4.39989
0.41 4.40362
0.42 4.40738
0.43 4.41119
0.44 4.41505
0.45 4.41895
0.46 4.4229
0.47 4.42689
0.48 4.43093
0.49 4.43502
0.5 4.43915
0.51 4.44334
0.52 4.44757
0.53 4.45186
0.54 4.45619
0.55 4.46058
0.56 4.46502
0.57 4.46951
0.58 4.47405
0.59 4.47865
0.6 4.4833
0.61 4.488
0.62 4.49277
0.63 4.49758
0.64 4.50246
0.65 4.50739
0.66 4.51238
0.67 4.51742
0.68 4.52253
0.69 4.52769
0.7 4.53292
0.71 4.5382
0.72 4.54355
0.73 4.54895
0.74 4.55442
0.75 4.55995
0.76 4.56554
0.77 4.57119
0.78 4.57691
0.79 4.58268
0.8 4.58852
0.81 4.59443
0.82 4.6004
0.83 4.60643
0.84 4.61252
0.85 4.61868
0.86 4.6249
0.87 4.63119
0.88 4.63754
0.89 4.64395
0.9 4.65043
0.91 4.65697
0.92 4.66358
0.93 4.67024
0.94 4.67697
0.95 4.68376
0.96 4.69062
0.97 4.69753
0.98 4.70451
0.99 4.71154
1 4.71863
1.01 4.72579
1.02 4.733
1.03 4.74027
1.04 4.74759
1.05 4.75497
1.06 4.7624
1.07 4.76989
1.08 4.77743
1.09 4.78502
1.1 4.79266
1.11 4.80035
1.12 4.80809
1.13 4.81587
1.14 4.82369
1.15 4.83156
1.16 4.83947
1.17 4.84742
1.18 4.8554
1.19 4.86342
1.2 4.87148
1.21 4.87957
1.22 4.88769
1.23 4.89583
1.24 4.90401
1.25 4.91221
1.26 4.92043
1.27 4.92867
1.28 4.93693
1.29 4.9452
1.3 4.95349
1.31 4.9618
1.32 4.97011
1.33 4.97843
1.34 4.98675
1.35 4.99508
1.36 5.00341
1.37 5.01173
1.38 5.02006
1.39 5.02837
1.4 5.03668
1.41 5.04498
1.42 5.05327
1.43 5.06154
1.44 5.06979
1.45 5.07803
1.46 5.08625
1.47 5.09444
1.48 5.10261
1.49 5.11075
1.5 5.11886
1.51 5.12694
1.52 5.13499
1.53 5.143
1.54 5.15098
1.55 5.15891
1.56 5.16681
1.57 5.17467
1.58 5.18249
1.59 5.19026
1.6 5.19798
1.61 5.20566
1.62 5.21329
1.63 5.22087
1.64 5.2284
1.65 5.23588
1.66 5.2433
1.67 5.25067
1.68 5.25799
1.69 5.26525
1.7 5.27245
1.71 5.27959
1.72 5.28668
1.73 5.29371
1.74 5.30067
1.75 5.30758
1.76 5.31443
1.77 5.32121
1.78 5.32794
1.79 5.3346
1.8 5.3412
1.81 5.34774
1.82 5.35421
1.83 5.36063
1.84 5.36698
1.85 5.37326
1.86 5.37949
1.87 5.38565
1.88 5.39174
1.89 5.39778
1.9 5.40375
1.91 5.40966
1.92 5.41551
1.93 5.42129
1.94 5.42701
1.95 5.43267
1.96 5.43827
1.97 5.44381
1.98 5.44929
1.99 5.45471
2 5.46006
2.01 5.46536
2.02 5.4706
2.03 5.47578
2.04 5.4809
2.05 5.48596
2.06 5.49096
2.07 5.49591
2.08 5.5008
2.09 5.50564
2.1 5.51042
2.11 5.51514
2.12 5.51981
2.13 5.52443
2.14 5.52899
2.15 5.5335
2.16 5.53796
2.17 5.54237
2.18 5.54672
2.19 5.55103
2.2 5.55528
2.21 5.55949
2.22 5.56364
2.23 5.56775
2.24 5.57181
2.25 5.57582
2.26 5.57979
2.27 5.58371
2.28 5.58758
2.29 5.59141
2.3 5.5952
2.31 5.59894
2.32 5.60263
2.33 5.60629
2.34 5.6099
2.35 5.61347
2.36 5.617
2.37 5.62049
2.38 5.62393
2.39 5.62734
2.4 5.63071
2.41 5.63404
2.42 5.63733
2.43 5.64059
2.44 5.6438
2.45 5.64698
2.46 5.65013
2.47 5.65324
2.48 5.65631
2.49 5.65935
2.5 5.66235
2.51 5.66532
2.52 5.66826
2.53 5.67116
2.54 5.67403
2.55 5.67687
2.56 5.67968
2.57 5.68246
2.58 5.6852
2.59 5.68792
2.6 5.6906
2.61 5.69326
2.62 5.69588
2.63 5.69848
2.64 5.70105
2.65 5.70359
2.66 5.7061
2.67 5.70859
2.68 5.71104
2.69 5.71348
2.7 5.71588
2.71 5.71826
2.72 5.72061
2.73 5.72294
2.74 5.72525
2.75 5.72753
2.76 5.72978
2.77 5.73201
2.78 5.73422
2.79 5.73641
2.8 5.73857
2.81 5.74071
2.82 5.74282
2.83 5.74492
2.84 5.74699
2.85 5.74904
2.86 5.75107
2.87 5.75308
2.88 5.75507
2.89 5.75704
2.9 5.75899
2.91 5.76091
2.92 5.76282
2.93 5.76471
2.94 5.76658
2.95 5.76844
2.96 5.77027
2.97 5.77208
2.98 5.77388
2.99 5.77566
3 5.77742
3.01 5.77917
3.02 5.78089
3.03 5.78261
3.04 5.7843
3.05 5.78598
3.06 5.78764
3.07 5.78928
3.08 5.79091
3.09 5.79253
3.1 5.79413
3.11 5.79571
3.12 5.79728
3.13 5.79883
3.14 5.80037
3.15 5.80189
3.16 5.80341
3.17 5.8049
3.18 5.80638
3.19 5.80785
3.2 5.80931
3.21 5.81075
3.22 5.81218
3.23 5.8136
3.24 5.815
3.25 5.81639
3.26 5.81777
3.27 5.81914
3.28 5.82049
3.29 5.82183
3.3 5.82316
3.31 5.82448
3.32 5.82579
3.33 5.82708
3.34 5.82837
3.35 5.82964
3.36 5.83091
3.37 5.83216
3.38 5.8334
3.39 5.83463
3.4 5.83585
3.41 5.83706
3.42 5.83826
3.43 5.83945
3.44 5.84063
3.45 5.8418
3.46 5.84296
3.47 5.84412
3.48 5.84526
3.49 5.84639
3.5 5.84752
3.51 5.84863
3.52 5.84974
3.53 5.85084
3.54 5.85193
3.55 5.85301
3.56 5.85408
3.57 5.85514
3.58 5.8562
3.59 5.85725
3.6 5.85829
3.61 5.85932
3.62 5.86034
3.63 5.86136
3.64 5.86237
3.65 5.86337
3.66 5.86437
3.67 5.86535
3.68 5.86633
3.69 5.86731
3.7 5.86827
3.71 5.86923
3.72 5.87018
3.73 5.87113
3.74 5.87207
3.75 5.873
3.76 5.87393
3.77 5.87485
3.78 5.87576
3.79 5.87667
3.8 5.87757
3.81 5.87846
3.82 5.87935
3.83 5.88024
3.84 5.88111
3.85 5.88199
3.86 5.88285
3.87 5.88371
3.88 5.88457
3.89 5.88542
3.9 5.88626
3.91 5.8871
3.92 5.88794
3.93 5.88877
3.94 5.88959
3.95 5.89041
3.96 5.89122
3.97 5.89203
3.98 5.89284
3.99 5.89364
4 5.89443
4.01 5.89522
4.02 5.89601
4.03 5.89679
4.04 5.89757
4.05 5.89834
4.06 5.89911
4.07 5.89987
4.08 5.90063
4.09 5.90139
4.1 5.90214
4.11 5.90289
4.12 5.90363
4.13 5.90437
4.14 5.9051
4.15 5.90584
4.16 5.90657
4.17 5.90729
4.18 5.90801
4.19 5.90873
4.2 5.90944
4.21 5.91015
4.22 5.91086
4.23 5.91156
4.24 5.91226
4.25 5.91296
4.26 5.91365
4.27 5.91434
4.28 5.91503
4.29 5.91571
4.3 5.9164
4.31 5.91707
4.32 5.91775
4.33 5.91842
4.34 5.91909
4.35 5.91976
4.36 5.92042
4.37 5.92108
4.38 5.92174
4.39 5.92239
4.4 5.92304
4.41 5.92369
4.42 5.92434
4.43 5.92499
4.44 5.92563
4.45 5.92627
4.46 5.9269
4.47 5.92754
4.48 5.92817
4.49 5.9288
4.5 5.92943
4.51 5.93005
4.52 5.93068
4.53 5.9313
4.54 5.93191
4.55 5.93253
4.56 5.93315
4.57 5.93376
4.58 5.93437
4.59 5.93498
4.6 5.93558
4.61 5.93619
4.62 5.93679
4.63 5.93739
4.64 5.93799
4.65 5.93858
4.66 5.93918
4.67 5.93977
4.68 5.94036
4.69 5.94095
4.7 5.94154
4.71 5.94213
4.72 5.94271
4.73 5.94329
4.74 5.94387
4.75 5.94445
4.76 5.94503
4.77 5.94561
4.78 5.94618
4.79 5.94676
4.8 5.94733
4.81 5.9479
4.82 5.94847
4.83 5.94904
4.84 5.9496
4.85 5.95017
4.86 5.95073
4.87 5.95129
4.88 5.95185
4.89 5.95241
4.9 5.95297
4.91 5.95353
4.92 5.95409
4.93 5.95464
4.94 5.9552
4.95 5.95575
4.96 5.9563
4.97 5.95685
4.98 5.9574
4.99 5.95795
5 5.9585
5.01 5.95904
5.02 5.95959
5.03 5.96013
5.04 5.96068
5.05 5.96122
5.06 5.96176
5.07 5.9623
5.08 5.96284
5.09 5.96338
5.1 5.96392
5.11 5.96446
5.12 5.96499
5.13 5.96553
5.14 5.96606
5.15 5.9666
5.16 5.96713
5.17 5.96766
5.18 5.96819
5.19 5.96873
5.2 5.96926
5.21 5.96979
5.22 5.97031
5.23 5.97084
5.24 5.97137
5.25 5.9719
5.26 5.97242
5.27 5.97295
5.28 5.97348
5.29 5.974
5.3 5.97452
5.31 5.97505
5.32 5.97557
5.33 5.97609
5.34 5.97662
5.35 5.97714
5.36 5.97766
5.37 5.97818
5.38 5.9787
5.39 5.97922
5.4 5.97974
5.41 5.98025
5.42 5.98077
5.43 5.98129
5.44 5.98181
5.45 5.98232
5.46 5.98284
5.47 5.98336
5.48 5.98387
5.49 5.98439
5.5 5.9849
5.51 5.98542
5.52 5.98593
5.53 5.98644
5.54 5.98696
5.55 5.98747
5.56 5.98798
5.57 5.98849
5.58 5.98901
5.59 5.98952
5.6 5.99003
5.61 5.99054
5.62 5.99105
5.63 5.99156
5.64 5.99207
5.65 5.99258
5.66 5.99309
5.67 5.9936
5.68 5.99411
5.69 5.99462
5.7 5.99513
5.71 5.99563
5.72 5.99614
5.73 5.99665
5.74 5.99716
5.75 5.99767
5.76 5.99817
5.77 5.99868
5.78 5.99918
5.79 5.99969
5.8 6.0002
5.81 6.0007
5.82 6.00121
5.83 6.00171
5.84 6.00222
5.85 6.00272
5.86 6.00323
5.87 6.00373
5.88 6.00424
5.89 6.00474
5.9 6.00524
5.91 6.00575
5.92 6.00625
5.93 6.00675
5.94 6.00725
5.95 6.00776
5.96 6.00826
5.97 6.00876
5.98 6.00926
5.99 6.00976
6 6.01027
6.01 6.01077
6.02 6.01127
6.03 6.01177
6.04 6.01227
6.05 6.01277
6.06 6.01327
6.07 6.01377
6.08 6.01427
6.09 6.01477
6.1 6.01527
6.11 6.01577
6.12 6.01626
6.13 6.01676
6.14 6.01726
6.15 6.01776
6.16 6.01826
6.17 6.01875
6.18 6.01925
6.19 6.01975
6.2 6.02025
6.21 6.02074
6.22 6.02124
6.23 6.02174
6.24 6.02224
6.25 6.02273
6.26 6.02323
6.27 6.02373
6.28 6.02422
6.29 6.02472
6.3 6.02521
6.31 6.02571
6.32 6.02621
6.33 6.0267
6.34 6.0272
6.35 6.0277
6.36 6.02819
6.37 6.02869
6.38 6.02919
6.39 6.02969
6.4 6.03018
6.41 6.03068
6.42 6.03118
6.43 6.03168
6.44 6.03218
6.45 6.03268
6.46 6.03318
6.47 6.03368
6.48 6.03418
6.49 6.03468
6.5 6.03518
6.51 6.03569
6.52 6.03619
6.53 6.0367
6.54 6.0372
6.55 6.03771
6.56 6.03822
6.57 6.03873
6.58 6.03924
6.59 6.03975
6.6 6.04026
6.61 6.04078
6.62 6.04129
6.63 6.04181
6.64 6.04233
6.65 6.04286
6.66 6.04338
6.67 6.04391
6.68 6.04444
6.69 6.04497
6.7 6.0455
6.71 6.04604
6.72 6.04658
6.73 6.04712
6.74 6.04767
6.75 6.04822
6.76 6.04877
6.77 6.04932
6.78 6.04989
6.79 6.05045
6.8 6.05102
6.81 6.05159
6.82 6.05217
6.83 6.05275
6.84 6.05334
6.85 6.05393
6.86 6.05453
6.87 6.05513
6.88 6.05574
6.89 6.05635
6.9 6.05697
6.91 6.0576
6.92 6.05824
6.93 6.05888
6.94 6.05953
6.95 6.06018
6.96 6.06085
6.97 6.06152
6.98 6.0622
6.99 6.06289
7 6.06358
7.01 6.06429
7.02 6.065
7.03 6.06573
7.04 6.06646
7.05 6.06721
7.06 6.06797
7.07 6.06873
7.08 6.06951
7.09 6.0703
7.1 6.0711
7.11 6.07191
7.12 6.07273
7.13 6.07357
7.14 6.07442
7.15 6.07528
7.16 6.07616
7.17 6.07705
7.18 6.07795
7.19 6.07887
7.2 6.0798
7.21 6.08075
7.22 6.08171
7.23 6.08269
7.24 6.08368
7.25 6.08469
7.26 6.08571
7.27 6.08675
7.28 6.08781
7.29 6.08888
7.3 6.08997
7.31 6.09108
7.32 6.0922
7.33 6.09334
7.34 6.0945
7.35 6.09568
7.36 6.09687
7.37 6.09809
7.38 6.09932
7.39 6.10056
7.4 6.10183
7.41 6.10312
7.42 6.10442
7.43 6.10574
7.44 6.10708
7.45 6.10844
7.46 6.10981
7.47 6.1112
7.48 6.11262
7.49 6.11404
7.5 6.11549
7.51 6.11695
7.52 6.11843
7.53 6.11993
7.54 6.12144
7.55 6.12297
7.56 6.12452
7.57 6.12608
7.58 6.12765
7.59 6.12924
7.6 6.13085
7.61 6.13246
7.62 6.13409
7.63 6.13573
7.64 6.13739
7.65 6.13905
7.66 6.14072
7.67 6.1424
7.68 6.14409
7.69 6.14579
7.7 6.14749
7.71 6.1492
7.72 6.15091
7.73 6.15263
7.74 6.15434
7.75 6.15606
7.76 6.15777
7.77 6.15949
7.78 6.1612
7.79 6.1629
7.8 6.1646
7.81 6.16629
7.82 6.16797
7.83 6.16964
7.84 6.17129
7.85 6.17293
7.86 6.17456
7.87 6.17616
7.88 6.17774
7.89 6.1793
7.9 6.18084
7.91 6.18235
7.92 6.18383
7.93 6.18527
7.94 6.18669
7.95 6.18807
7.96 6.18941
7.97 6.1907
7.98 6.19196
7.99 6.19317
8 6.19433
8.01 6.19544
8.02 6.1965
8.03 6.1975
8.04 6.19844
8.05 6.19932
8.06 6.20014
8.07 6.20089
8.08 6.20157
8.09 6.20218
8.1 6.20271
8.11 6.20317
8.12 6.20354
8.13 6.20383
8.14 6.20404
8.15 6.20415
8.16 6.20418
8.17 6.20411
8.18 6.20394
8.19 6.20367
8.2 6.2033
8.21 6.20282
8.22 6.20224
8.23 6.20155
8.24 6.20074
8.25 6.19982
8.26 6.19878
8.27 6.19762
8.28 6.19634
8.29 6.19493
8.3 6.19339
8.31 6.19173
8.32 6.18994
8.33 6.18801
8.34 6.18595
8.35 6.18375
8.36 6.18141
8.37 6.17894
8.38 6.17632
8.39 6.17356
8.4 6.17066
8.41 6.16761
8.42 6.16441
8.43 6.16107
8.44 6.15758
8.45 6.15395
8.46 6.15016
8.47 6.14623
8.48 6.14214
8.49 6.13791
8.5 6.13352
8.51 6.12899
8.52 6.12431
8.53 6.11948
8.54 6.1145
8.55 6.10938
8.56 6.10411
8.57 6.09869
8.58 6.09313
8.59 6.08743
8.6 6.08159
8.61 6.0756
8.62 6.06948
8.63 6.06322
8.64 6.05683
8.65 6.05031
8.66 6.04365
8.67 6.03687
8.68 6.02997
8.69 6.02294
8.7 6.0158
8.71 6.00853
8.72 6.00116
8.73 5.99367
8.74 5.98608
8.75 5.97838
8.76 5.97059
8.77 5.9627
8.78 5.95471
8.79 5.94663
8.8 5.93847
8.81 5.93023
8.82 5.92191
8.83 5.91351
8.84 5.90504
8.85 5.89651
8.86 5.88792
8.87 5.87926
8.88 5.87055
8.89 5.8618
8.9 5.85299
8.91 5.84414
8.92 5.83526
8.93 5.82634
8.94 5.81739
8.95 5.80841
8.96 5.79941
8.97 5.79039
8.98 5.78136
8.99 5.77232
9 5.76326
9.01 5.75421
9.02 5.74516
9.03 5.73611
9.04 5.72706
9.05 5.71803
9.06 5.70901
9.07 5.70001
9.08 5.69103
9.09 5.68207
9.1 5.67313
9.11 5.66423
9.12 5.65536
9.13 5.64653
9.14 5.63773
9.15 5.62897
9.16 5.62025
9.17 5.61158
9.18 5.60296
9.19 5.59438
9.2 5.58586
9.21 5.57738
9.22 5.56897
9.23 5.56061
9.24 5.55231
9.25 5.54406
9.26 5.53588
9.27 5.52777
9.28 5.51971
9.29 5.51173
9.3 5.5038
9.31 5.49595
9.32 5.48816
9.33 5.48045
9.34 5.4728
9.35 5.46522
9.36 5.45772
9.37 5.45028
9.38 5.44292
9.39 5.43564
9.4 5.42842
9.41 5.42128
9.42 5.41421
9.43 5.40722
9.44 5.4003
9.45 5.39346
9.46 5.38668
9.47 5.37999
9.48 5.37337
9.49 5.36682
9.5 5.36034
9.51 5.35394
9.52 5.34761
9.53 5.34136
9.54 5.33517
9.55 5.32907
9.56 5.32303
9.57 5.31706
9.58 5.31117
9.59 5.30534
9.6 5.29959
9.61 5.2939
9.62 5.28829
9.63 5.28274
9.64 5.27726
9.65 5.27185
9.66 5.2665
9.67 5.26122
9.68 5.25601
9.69 5.25086
9.7 5.24578
9.71 5.24076
9.72 5.2358
9.73 5.2309
9.74 5.22607
9.75 5.2213
9.76 5.21658
9.77 5.21193
9.78 5.20733
9.79 5.2028
9.8 5.19832
9.81 5.19389
9.82 5.18953
9.83 5.18521
9.84 5.18096
9.85 5.17675
9.86 5.1726
9.87 5.1685
9.88 5.16445
9.89 5.16046
9.9 5.15651
9.91 5.15261
9.92 5.14877
9.93 5.14497
9.94 5.14121
9.95 5.13751
9.96 5.13385
9.97 5.13024
9.98 5.12667
9.99 5.12314
10 5.11966
10.001 5
