0 0
0.01 0.367337
0.02 0.367398
0.03 0.367474
0.04 0.367565
0.05 0.367673
0.06 0.367797
0.07 0.367937
0.08 0.368094
0.09 0.368267
0.1 0.368457
0.11 0.368663
0.12 0.368887
0.13 0.369127
0.14 0.369385
0.15 0.369659
0.16 0.369951
0.17 0.37026
0.18 0.370587
0.19 0.370932
0.2 0.371294
0.21 0.371673
0.22 0.372071
0.23 0.372486
0.24 0.372919
0.25 0.37337
0.26 0.373838
0.27 0.374325
0.28 0.37483
0.29 0.375353
0.3 0.375894
0.31 0.376452
0.32 0.377029
0.33 0.377624
0.34 0.378236
0.35 0.378867
0.36 0.379515
0.37 0.380181
0.38 0.380865
0.39 0.381567
0.4 0.382285
0.41 0.383022
0.42 0.383776
0.43 0.384547
0.44 0.385335
0.45 0.38614
0.46 0.386962
0.47 0.3878
0.48 0.388655
0.49 0.389526
0.5 0.390413
0.51 0.391316
0.52 0.392235
0.53 0.393169
0.54 0.394118
0.55 0.395082
0.56 0.396061
0.57 0.397054
0.58 0.398061
0.59 0.399082
0.6 0.400116
0.61 0.401163
0.62 0.402223
0.63 0.403295
0.64 0.404379
0.65 0.405475
0.66 0.406582
0.67 0.4077
0.68 0.408829
0.69 0.409967
0.7 0.411115
0.71 0.412272
0.72 0.413437
0.73 0.414611
0.74 0.415793
0.75 0.416982
0.76 0.418177
0.77 0.419379
0.78 0.420587
0.79 0.4218
0.8 0.423018
0.81 0.424241
0.82 0.425467
0.83 0.426696
0.84 0.427929
0.85 0.429163
0.86 0.4304
0.87 0.431638
0.88 0.432877
0.89 0.434116
0.9 0.435355
0.91 0.436593
0.92 0.43783
0.93 0.439066
0.94 0.4403
0.95 0.441531
0.96 0.44276
0.97 0.443985
0.98 0.445207
0.99 0.446424
1 0.447638
1.01 0.448846
1.02 0.45005
1.03 0.451248
1.04 0.452441
1.05 0.453627
1.06 0.454808
1.07 0.455982
1.08 0.45715
1.09 0.458311
1.1 0.459466
1.11 0.460613
1.12 0.461754
1.13 0.462887
1.14 0.464014
1.15 0.465134
1.16 0.466246
1.17 0.467352
1.18 0.468451
1.19 0.469544
1.2 0.47063
1.21 0.47171
1.22 0.472784
1.23 0.473852
1.24 0.474915
1.25 0.475973
1.26 0.477026
1.27 0.478075
1.28 0.47912
1.29 0.480161
1.3 0.4812
1.31 0.482236
1.32 0.48327
1.33 0.484303
1.34 0.485334
1.35 0.486366
1.36 0.487398
1.37 0.48843
1.38 0.489465
1.39 0.490501
1.4 0.491541
1.41 0.492584
1.42 0.493632
1.43 0.494684
1.44 0.495743
1.45 0.496808
1.46 0.49788
1.47 0.498959
1.48 0.500048
1.49 0.501146
1.5 0.502254
1.51 0.503373
1.52 0.504503
1.53 0.505646
1.54 0.506801
1.55 0.507971
1.56 0.509155
1.57 0.510353
1.58 0.511568
1.59 0.512799
1.6 0.514047
1.61 0.515312
1.62 0.516596
1.63 0.517899
1.64 0.519221
1.65 0.520564
1.66 0.521927
1.67 0.52331
1.68 0.524716
1.69 0.526144
1.7 0.527594
1.71 0.529067
1.72 0.530563
1.73 0.532084
1.74 0.533628
1.75 0.535197
1.76 0.536791
1.77 0.53841
1.78 0.540054
1.79 0.541724
1.8 0.54342
1.81 0.545142
1.82 0.54689
1.83 0.548665
1.84 0.550466
1.85 0.552294
1.86 0.554149
1.87 0.556031
1.88 0.55794
1.89 0.559876
1.9 0.561839
1.91 0.563829
1.92 0.565846
1.93 0.567889
1.94 0.56996
1.95 0.572057
1.96 0.574181
1.97 0.576332
1.98 0.578509
1.99 0.580712
2 0.582941
2.01 0.585196
2.02 0.587477
2.03 0.589783
2.04 0.592114
2.05 0.594471
2.06 0.596851
2.07 0.599256
2.08 0.601686
2.09 0.604138
2.1 0.606615
2.11 0.609114
2.12 0.611636
2.13 0.61418
2.14 0.616747
2.15 0.619335
2.16 0.621944
2.17 0.624574
2.18 0.627224
2.19 0.629895
2.2 0.632585
2.21 0.635294
2.22 0.638022
2.23 0.640768
2.24 0.643532
2.25 0.646314
2.26 0.649112
2.27 0.651927
2.28 0.654758
2.29 0.657605
2.3 0.660467
2.31 0.663343
2.32 0.666234
2.33 0.669138
2.34 0.672056
2.35 0.674986
2.36 0.677929
2.37 0.680883
2.38 0.683849
2.39 0.686826
2.4 0.689814
2.41 0.692811
2.42 0.695818
2.43 0.698834
2.44 0.701859
2.45 0.704892
2.46 0.707933
2.47 0.710981
2.48 0.714036
2.49 0.717098
2.5 0.720165
2.51 0.723239
2.52 0.726317
2.53 0.7294
2.54 0.732488
2.55 0.735579
2.56 0.738674
2.57 0.741773
2.58 0.744874
2.59 0.747978
2.6 0.751083
2.61 0.754191
2.62 0.757299
2.63 0.760409
2.64 0.76352
2.65 0.76663
2.66 0.769741
2.67 0.772852
2.68 0.775961
2.69 0.77907
2.7 0.782178
2.71 0.785284
2.72 0.788388
2.73 0.79149
2.74 0.79459
2.75 0.797687
2.76 0.800781
2.77 0.803872
2.78 0.80696
2.79 0.810044
2.8 0.813124
2.81 0.8162
2.82 0.819271
2.83 0.822339
2.84 0.825401
2.85 0.828458
2.86 0.831511
2.87 0.834558
2.88 0.837599
2.89 0.840635
2.9 0.843665
2.91 0.84669
2.92 0.849708
2.93 0.85272
2.94 0.855725
2.95 0.858724
2.96 0.861716
2.97 0.864701
2.98 0.86768
2.99 0.870652
3 0.873616
3.01 0.876573
3.02 0.879523
3.03 0.882466
3.04 0.885401
3.05 0.888329
3.06 0.891249
3.07 0.894161
3.08 0.897066
3.09 0.899962
3.1 0.902851
3.11 0.905732
3.12 0.908606
3.13 0.911471
3.14 0.914328
3.15 0.917177
3.16 0.920018
3.17 0.922851
3.18 0.925676
3.19 0.928493
3.2 0.931301
3.21 0.934102
3.22 0.936894
3.23 0.939679
3.24 0.942455
3.25 0.945223
3.26 0.947982
3.27 0.950734
3.28 0.953478
3.29 0.956214
3.3 0.958941
3.31 0.961661
3.32 0.964372
3.33 0.967076
3.34 0.969772
3.35 0.972459
3.36 0.975139
3.37 0.977811
3.38 0.980476
3.39 0.983132
3.4 0.985781
3.41 0.988423
3.42 0.991056
3.43 0.993682
3.44 0.996301
3.45 0.998913
3.46 1.00152
3.47 1.00411
3.48 1.0067
3.49 1.00928
3.5 1.01186
3.51 1.01443
3.52 1.01699
3.53 1.01954
3.54 1.02209
3.55 1.02463
3.56 1.02717
3.57 1.02969
3.58 1.03221
3.59 1.03473
3.6 1.03724
3.61 1.03974
3.62 1.04223
3.63 1.04472
3.64 1.04721
3.65 1.04968
3.66 1.05216
3.67 1.05462
3.68 1.05708
3.69 1.05954
3.7 1.06198
3.71 1.06443
3.72 1.06687
3.73 1.0693
3.74 1.07173
3.75 1.07415
3.76 1.07657
3.77 1.07898
3.78 1.08139
3.79 1.08379
3.8 1.08619
3.81 1.08858
3.82 1.09097
3.83 1.09335
3.84 1.09573
3.85 1.09811
3.86 1.10048
3.87 1.10285
3.88 1.10522
3.89 1.10758
3.9 1.10993
3.91 1.11229
3.92 1.11464
3.93 1.11698
3.94 1.11933
3.95 1.12167
3.96 1.124
3.97 1.12634
3.98 1.12867
3.99 1.13099
4 1.13332
4.01 1.13564
4.02 1.13796
4.03 1.14028
4.04 1.1426
4.05 1.14491
4.06 1.14722
4.07 1.14953
4.08 1.15183
4.09 1.15414
4.1 1.15644
4.11 1.15874
4.12 1.16104
4.13 1.16334
4.14 1.16564
4.15 1.16793
4.16 1.17023
4.17 1.17252
4.18 1.17481
4.19 1.17711
4.2 1.1794
4.21 1.18169
4.22 1.18398
4.23 1.18627
4.24 1.18855
4.25 1.19084
4.26 1.19313
4.27 1.19542
4.28 1.19771
4.29 1.2
4.3 1.20228
4.31 1.20457
4.32 1.20686
4.33 1.20915
4.34 1.21144
4.35 1.21373
4.36 1.21602
4.37 1.21832
4.38 1.22061
4.39 1.2229
4.4 1.2252
4.41 1.2275
4.42 1.2298
4.43 1.2321
4.44 1.2344
4.45 1.2367
4.46 1.23901
4.47 1.24131
4.48 1.24362
4.49 1.24593
4.5 1.24825
4.51 1.25056
4.52 1.25288
4.53 1.2552
4.54 1.25752
4.55 1.25985
4.56 1.26218
4.57 1.26451
4.58 1.26684
4.59 1.26918
4.6 1.27152
4.61 1.27386
4.62 1.27621
4.63 1.27856
4.64 1.28092
4.65 1.28328
4.66 1.28564
4.67 1.288
4.68 1.29037
4.69 1.29275
4.7 1.29513
4.71 1.29751
4.72 1.2999
4.73 1.30229
4.74 1.30469
4.75 1.30709
4.76 1.30949
4.77 1.3119
4.78 1.31432
4.79 1.31674
4.8 1.31917
4.81 1.3216
4.82 1.32404
4.83 1.32648
4.84 1.32893
4.85 1.33139
4.86 1.33385
4.87 1.33632
4.88 1.33879
4.89 1.34127
4.9 1.34376
4.91 1.34625
4.92 1.34875
4.93 1.35126
4.94 1.35377
4.95 1.35629
4.96 1.35882
4.97 1.36135
4.98 1.3639
4.99 1.36645
5 1.369
5.01 1.37157
5.02 1.37414
5.03 1.37672
5.04 1.37931
5.05 1.38191
5.06 1.38452
5.07 1.38713
5.08 1.38976
5.09 1.39239
5.1 1.39503
5.11 1.39768
5.12 1.40034
5.13 1.40301
5.14 1.40569
5.15 1.40837
5.16 1.41107
5.17 1.41378
5.18 1.41649
5.19 1.41922
5.2 1.42196
5.21 1.42471
5.22 1.42747
5.23 1.43024
5.24 1.43302
5.25 1.43581
5.26 1.43861
5.27 1.44142
5.28 1.44425
5.29 1.44708
5.3 1.44993
5.31 1.45279
5.32 1.45566
5.33 1.45855
5.34 1.46144
5.35 1.46435
5.36 1.46727
5.37 1.47021
5.38 1.47315
5.39 1.47611
5.4 1.47909
5.41 1.48208
5.42 1.48508
5.43 1.48809
5.44 1.49112
5.45 1.49416
5.46 1.49722
5.47 1.50029
5.48 1.50337
5.49 1.50647
5.5 1.50959
5.51 1.51272
5.52 1.51586
5.53 1.51902
5.54 1.5222
5.55 1.52539
5.56 1.5286
5.57 1.53182
5.58 1.53506
5.59 1.53832
5.6 1.54159
5.61 1.54488
5.62 1.54819
5.63 1.55151
5.64 1.55485
5.65 1.55821
5.66 1.56159
5.67 1.56498
5.68 1.5684
5.69 1.57183
5.7 1.57528
5.71 1.57874
5.72 1.58223
5.73 1.58574
5.74 1.58926
5.75 1.59281
5.76 1.59637
5.77 1.59995
5.78 1.60356
5.79 1.60718
5.8 1.61083
5.81 1.61449
5.82 1.61818
5.83 1.62188
5.84 1.62561
5.85 1.62936
5.86 1.63313
5.87 1.63692
5.88 1.64073
5.89 1.64457
5.9 1.64843
5.91 1.65231
5.92 1.65621
5.93 1.66014
5.94 1.66409
5.95 1.66806
5.96 1.67206
5.97 1.67608
5.98 1.68012
5.99 1.68419
6 1.68828
6.01 1.69239
6.02 1.69653
6.03 1.7007
6.04 1.70489
6.05 1.7091
6.06 1.71334
6.07 1.71761
6.08 1.7219
6.09 1.72622
6.1 1.73056
6.11 1.73493
6.12 1.73933
6.13 1.74375
6.14 1.7482
6.15 1.75267
6.16 1.75717
6.17 1.7617
6.18 1.76626
6.19 1.77084
6.2 1.77545
6.21 1.78009
6.22 1.78476
6.23 1.78946
6.24 1.79418
6.25 1.79893
6.26 1.80371
6.27 1.80852
6.28 1.81336
6.29 1.81822
6.3 1.82312
6.31 1.82804
6.32 1.83299
6.33 1.83797
6.34 1.84299
6.35 1.84803
6.36 1.8531
6.37 1.8582
6.38 1.86333
6.39 1.86849
6.4 1.87367
6.41 1.87889
6.42 1.88414
6.43 1.88942
6.44 1.89473
6.45 1.90007
6.46 1.90544
6.47 1.91084
6.48 1.91627
6.49 1.92173
6.5 1.92722
6.51 1.93274
6.52 1.93829
6.53 1.94387
6.54 1.94949
6.55 1.95513
6.56 1.9608
6.57 1.96651
6.58 1.97224
6.59 1.97801
6.6 1.9838
6.61 1.98963
6.62 1.99549
6.63 2.00137
6.64 2.00729
6.65 2.01324
6.66 2.01922
6.67 2.02523
6.68 2.03127
6.69 2.03734
6.7 2.04344
6.71 2.04958
6.72 2.05574
6.73 2.06193
6.74 2.06816
6.75 2.07441
6.76 2.0807
6.77 2.08701
6.78 2.09336
6.79 2.09974
6.8 2.10615
6.81 2.11259
6.82 2.11906
6.83 2.12556
6.84 2.13209
6.85 2.13866
6.86 2.14525
6.87 2.15188
6.88 2.15854
6.89 2.16523
6.9 2.17195
6.91 2.17871
6.92 2.18549
6.93 2.19231
6.94 2.19917
6.95 2.20605
6.96 2.21297
6.97 2.21992
6.98 2.2269
6.99 2.23392
7 2.24098
7.01 2.24807
7.02 2.25519
7.03 2.26235
7.04 2.26954
7.05 2.27677
7.06 2.28404
7.07 2.29135
7.08 2.29869
7.09 2.30607
7.1 2.31349
7.11 2.32095
7.12 2.32845
7.13 2.33599
7.14 2.34358
7.15 2.3512
7.16 2.35887
7.17 2.36658
7.18 2.37433
7.19 2.38213
7.2 2.38998
7.21 2.39787
7.22 2.40581
7.23 2.4138
7.24 2.42184
7.25 2.42993
7.26 2.43807
7.27 2.44627
7.28 2.45451
7.29 2.46281
7.3 2.47117
7.31 2.47958
7.32 2.48805
7.33 2.49658
7.34 2.50517
7.35 2.51382
7.36 2.52253
7.37 2.5313
7.38 2.54013
7.39 2.54904
7.4 2.558
7.41 2.56704
7.42 2.57614
7.43 2.58531
7.44 2.59455
7.45 2.60387
7.46 2.61325
7.47 2.62271
7.48 2.63224
7.49 2.64185
7.5 2.65154
7.51 2.6613
7.52 2.67114
7.53 2.68106
7.54 2.69106
7.55 2.70114
7.56 2.7113
7.57 2.72154
7.58 2.73186
7.59 2.74227
7.6 2.75276
7.61 2.76334
7.62 2.774
7.63 2.78475
7.64 2.79558
7.65 2.8065
7.66 2.8175
7.67 2.82859
7.68 2.83976
7.69 2.85102
7.7 2.86237
7.71 2.8738
7.72 2.88532
7.73 2.89692
7.74 2.9086
7.75 2.92037
7.76 2.93222
7.77 2.94416
7.78 2.95618
7.79 2.96827
7.8 2.98045
7.81 2.99271
7.82 3.00504
7.83 3.01745
7.84 3.02994
7.85 3.0425
7.86 3.05513
7.87 3.06783
7.88 3.0806
7.89 3.09344
7.9 3.10634
7.91 3.11931
7.92 3.13234
7.93 3.14542
7.94 3.15857
7.95 3.17177
7.96 3.18502
7.97 3.19832
7.98 3.21167
7.99 3.22506
8 3.2385
8.01 3.25197
8.02 3.26549
8.03 3.27903
8.04 3.29261
8.05 3.30622
8.06 3.31986
8.07 3.33352
8.08 3.3472
8.09 3.36089
8.1 3.3746
8.11 3.38833
8.12 3.40206
8.13 3.4158
8.14 3.42954
8.15 3.44328
8.16 3.45702
8.17 3.47076
8.18 3.48448
8.19 3.4982
8.2 3.5119
8.21 3.52558
8.22 3.53924
8.23 3.55288
8.24 3.5665
8.25 3.58009
8.26 3.59365
8.27 3.60718
8.28 3.62067
8.29 3.63413
8.3 3.64754
8.31 3.66091
8.32 3.67424
8.33 3.68753
8.34 3.70076
8.35 3.71395
8.36 3.72708
8.37 3.74016
8.38 3.75318
8.39 3.76615
8.4 3.77906
8.41 3.7919
8.42 3.80468
8.43 3.8174
8.44 3.83006
8.45 3.84264
8.46 3.85516
8.47 3.86761
8.48 3.87999
8.49 3.8923
8.5 3.90453
8.51 3.91669
8.52 3.92878
8.53 3.94079
8.54 3.95272
8.55 3.96457
8.56 3.97635
8.57 3.98805
8.58 3.99966
8.59 4.0112
8.6 4.02265
8.61 4.03402
8.62 4.04531
8.63 4.05652
8.64 4.06764
8.65 4.07867
8.66 4.08962
8.67 4.10048
8.68 4.11125
8.69 4.12194
8.7 4.13254
8.71 4.14304
8.72 4.15346
8.73 4.16379
8.74 4.17403
8.75 4.18417
8.76 4.19423
8.77 4.20419
8.78 4.21405
8.79 4.22383
8.8 4.2335
8.81 4.24309
8.82 4.25257
8.83 4.26196
8.84 4.27125
8.85 4.28045
8.86 4.28955
8.87 4.29854
8.88 4.30744
8.89 4.31624
8.9 4.32494
8.91 4.33354
8.92 4.34203
8.93 4.35042
8.94 4.35872
8.95 4.3669
8.96 4.37499
8.97 4.38297
8.98 4.39085
8.99 4.39862
9 4.40629
9.01 4.41385
9.02 4.42131
9.03 4.42866
9.04 4.43591
9.05 4.44305
9.06 4.45009
9.07 4.45702
9.08 4.46384
9.09 4.47056
9.1 4.47717
9.11 4.48367
9.12 4.49007
9.13 4.49637
9.14 4.50255
9.15 4.50864
9.16 4.51461
9.17 4.52048
9.18 4.52625
9.19 4.53191
9.2 4.53747
9.21 4.54293
9.22 4.54828
9.23 4.55353
9.24 4.55868
9.25 4.56372
9.26 4.56867
9.27 4.57351
9.28 4.57826
9.29 4.5829
9.3 4.58745
9.31 4.5919
9.32 4.59626
9.33 4.60051
9.34 4.60467
9.35 4.60874
9.36 4.61272
9.37 4.6166
9.38 4.62039
9.39 4.62409
9.4 4.6277
9.41 4.63122
9.42 4.63465
9.43 4.638
9.44 4.64126
9.45 4.64443
9.46 4.64752
9.47 4.65053
9.48 4.65345
9.49 4.6563
9.5 4.65906
9.51 4.66175
9.52 4.66436
9.53 4.66689
9.54 4.66935
9.55 4.67173
9.56 4.67404
9.57 4.67628
9.58 4.67844
9.59 4.68054
9.6 4.68257
9.61 4.68452
9.62 4.68642
9.63 4.68824
9.64 4.69
9.65 4.6917
9.66 4.69333
9.67 4.69491
9.68 4.69642
9.69 4.69787
9.7 4.69927
9.71 4.7006
9.72 4.70188
9.73 4.70311
9.74 4.70428
9.75 4.7054
9.76 4.70646
9.77 4.70747
9.78 4.70843
9.79 4.70935
9.8 4.71021
9.81 4.71103
9.82 4.71179
9.83 4.71252
9.84 4.71319
9.85 4.71383
9.86 4.71442
9.87 4.71496
9.88 4.71547
9.89 4.71593
9.9 4.71636
9.91 4.71675
9.92 4.71709
9.93 4.7174
9.94 4.71767
9.95 4.71791
9.96 4.71811
9.97 4.71828
9.98 4.71841
9.99 4.71851
10 4.71857
10.001 0
