0 5
0.01 4.0815
0.02 4.08179
0.03 4.08209
0.04 4.08239
0.05 4.08269
0.06 4.08299
0.07 4.0833
0.08 4.08361
0.09 4.08392
0.1 4.08423
0.11 4.08455
0.12 4.08487
0.13 4.08519
0.14 4.08552
0.15 4.08585
0.16 4.08618
0.17 4.08652
0.18 4.08686
0.19 4.0872
0.2 4.08754
0.21 4.08789
0.22 4.08825
0.23 4.0886
0.24 4.08896
0.25 4.08932
0.26 4.08969
0.27 4.09006
0.28 4.09043
0.29 4.09081
0.3 4.09119
0.31 4.09158
0.32 4.09197
0.33 4.09236
0.34 4.09276
0.35 4.09316
0.36 4.09357
0.37 4.09398
0.38 4.09439
0.39 4.09481
0.4 4.09524
0.41 4.09566
0.42 4.0961
0.43 4.09654
0.44 4.09698
0.45 4.09742
0.46 4.09788
0.47 4.09833
0.48 4.0988
0.49 4.09926
0.5 4.09974
0.51 4.10021
0.52 4.1007
0.53 4.10119
0.54 4.10168
0.55 4.10218
0.56 4.10269
0.57 4.1032
0.58 4.10371
0.59 4.10424
0.6 4.10477
0.61 4.1053
0.62 4.10584
0.63 4.10639
0.64 4.10695
0.65 4.10751
0.66 4.10808
0.67 4.10865
0.68 4.10923
0.69 4.10982
0.7 4.11042
0.71 4.11102
0.72 4.11163
0.73 4.11224
0.74 4.11287
0.75 4.1135
0.76 4.11414
0.77 4.11479
0.78 4.11544
0.79 4.11611
0.8 4.11678
0.81 4.11746
0.82 4.11814
0.83 4.11884
0.84 4.11955
0.85 4.12026
0.86 4.12098
0.87 4.12171
0.88 4.12245
0.89 4.1232
0.9 4.12396
0.91 4.12473
0.92 4.12551
0.93 4.12629
0.94 4.12709
0.95 4.1279
0.96 4.12871
0.97 4.12954
0.98 4.13038
0.99 4.13123
1 4.13208
1.01 4.13295
1.02 4.13383
1.03 4.13472
1.04 4.13563
1.05 4.13654
1.06 4.13746
1.07 4.1384
1.08 4.13935
1.09 4.14031
1.1 4.14128
1.11 4.14226
1.12 4.14325
1.13 4.14426
1.14 4.14528
1.15 4.14631
1.16 4.14736
1.17 4.14842
1.18 4.14949
1.19 4.15057
1.2 4.15167
1.21 4.15278
1.22 4.15391
1.23 4.15505
1.24 4.1562
1.25 4.15737
1.26 4.15855
1.27 4.15974
1.28 4.16095
1.29 4.16217
1.3 4.16341
1.31 4.16467
1.32 4.16594
1.33 4.16722
1.34 4.16852
1.35 4.16983
1.36 4.17116
1.37 4.17251
1.38 4.17387
1.39 4.17525
1.4 4.17665
1.41 4.17806
1.42 4.17948
1.43 4.18093
1.44 4.18239
1.45 4.18387
1.46 4.18536
1.47 4.18688
1.48 4.18841
1.49 4.18996
1.5 4.19152
1.51 4.19311
1.52 4.19471
1.53 4.19633
1.54 4.19797
1.55 4.19962
1.56 4.2013
1.57 4.203
1.58 4.20471
1.59 4.20644
1.6 4.2082
1.61 4.20997
1.62 4.21176
1.63 4.21357
1.64 4.21541
1.65 4.21726
1.66 4.21913
1.67 4.22103
1.68 4.22294
1.69 4.22488
1.7 4.22684
1.71 4.22882
1.72 4.23082
1.73 4.23284
1.74 4.23489
1.75 4.23695
1.76 4.23904
1.77 4.24116
1.78 4.24329
1.79 4.24545
1.8 4.24763
1.81 4.24984
1.82 4.25207
1.83 4.25432
1.84 4.2566
1.85 4.25891
1.86 4.26123
1.87 4.26359
1.88 4.26597
1.89 4.26837
1.9 4.2708
1.91 4.27326
1.92 4.27574
1.93 4.27826
1.94 4.28079
1.95 4.28336
1.96 4.28596
1.97 4.28858
1.98 4.29123
1.99 4.29391
2 4.29662
2.01 4.29936
2.02 4.30213
2.03 4.30493
2.04 4.30776
2.05 4.31062
2.06 4.31352
2.07 4.31645
2.08 4.31941
2.09 4.3224
2.1 4.32542
2.11 4.32849
2.12 4.33158
2.13 4.33471
2.14 4.33788
2.15 4.34108
2.16 4.34432
2.17 4.34759
2.18 4.35091
2.19 4.35426
2.2 4.35765
2.21 4.36108
2.22 4.36455
2.23 4.36806
2.24 4.37161
2.25 4.3752
2.26 4.37884
2.27 4.38252
2.28 4.38624
2.29 4.39
2.3 4.39382
2.31 4.39767
2.32 4.40157
2.33 4.40552
2.34 4.40952
2.35 4.41357
2.36 4.41766
2.37 4.4218
2.38 4.426
2.39 4.43024
2.4 4.43454
2.41 4.43889
2.42 4.44329
2.43 4.44774
2.44 4.45225
2.45 4.45681
2.46 4.46143
2.47 4.46611
2.48 4.47084
2.49 4.47563
2.5 4.48047
2.51 4.48538
2.52 4.49034
2.53 4.49537
2.54 4.50045
2.55 4.5056
2.56 4.51081
2.57 4.51607
2.58 4.5214
2.59 4.5268
2.6 4.53225
2.61 4.53777
2.62 4.54336
2.63 4.549
2.64 4.55472
2.65 4.56049
2.66 4.56633
2.67 4.57224
2.68 4.57821
2.69 4.58425
2.7 4.59035
2.71 4.59651
2.72 4.60274
2.73 4.60904
2.74 4.6154
2.75 4.62183
2.76 4.62832
2.77 4.63487
2.78 4.64148
2.79 4.64816
2.8 4.6549
2.81 4.66171
2.82 4.66857
2.83 4.6755
2.84 4.68248
2.85 4.68952
2.86 4.69662
2.87 4.70378
2.88 4.71099
2.89 4.71826
2.9 4.72558
2.91 4.73295
2.92 4.74037
2.93 4.74784
2.94 4.75536
2.95 4.76292
2.96 4.77053
2.97 4.77819
2.98 4.78588
2.99 4.79361
3 4.80139
3.01 4.80919
3.02 4.81703
3.03 4.82491
3.04 4.83281
3.05 4.84074
3.06 4.84869
3.07 4.85667
3.08 4.86468
3.09 4.8727
3.1 4.88073
3.11 4.88879
3.12 4.89685
3.13 4.90493
3.14 4.91301
3.15 4.9211
3.16 4.9292
3.17 4.93729
3.18 4.94539
3.19 4.95348
3.2 4.96156
3.21 4.96964
3.22 4.97771
3.23 4.98577
3.24 4.99382
3.25 5.00185
3.26 5.00986
3.27 5.01785
3.28 5.02582
3.29 5.03377
3.3 5.04169
3.31 5.04958
3.32 5.05744
3.33 5.06528
3.34 5.07308
3.35 5.08085
3.36 5.08858
3.37 5.09627
3.38 5.10393
3.39 5.11155
3.4 5.11912
3.41 5.12665
3.42 5.13414
3.43 5.14159
3.44 5.14899
3.45 5.15634
3.46 5.16365
3.47 5.1709
3.48 5.17811
3.49 5.18527
3.5 5.19237
3.51 5.19943
3.52 5.20643
3.53 5.21338
3.54 5.22028
3.55 5.22712
3.56 5.23391
3.57 5.24064
3.58 5.24732
3.59 5.25395
3.6 5.26052
3.61 5.26704
3.62 5.2735
3.63 5.2799
3.64 5.28625
3.65 5.29255
3.66 5.29879
3.67 5.30497
3.68 5.3111
3.69 5.31717
3.7 5.32319
3.71 5.32916
3.72 5.33507
3.73 5.34092
3.74 5.34672
3.75 5.35247
3.76 5.35817
3.77 5.36381
3.78 5.3694
3.79 5.37493
3.8 5.38042
3.81 5.38585
3.82 5.39124
3.83 5.39657
3.84 5.40185
3.85 5.40708
3.86 5.41226
3.87 5.4174
3.88 5.42248
3.89 5.42752
3.9 5.43251
3.91 5.43745
3.92 5.44235
3.93 5.4472
3.94 5.45201
3.95 5.45677
3.96 5.46148
3.97 5.46616
3.98 5.47079
3.99 5.47537
4 5.47992
4.01 5.48442
4.02 5.48888
4.03 5.4933
4.04 5.49768
4.05 5.50202
4.06 5.50633
4.07 5.51059
4.08 5.51481
4.09 5.519
4.1 5.52315
4.11 5.52727
4.12 5.53135
4.13 5.53539
4.14 5.5394
4.15 5.54337
4.16 5.54731
4.17 5.55122
4.18 5.55509
4.19 5.55893
4.2 5.56274
4.21 5.56651
4.22 5.57026
4.23 5.57398
4.24 5.57766
4.25 5.58131
4.26 5.58494
4.27 5.58854
4.28 5.59211
4.29 5.59565
4.3 5.59916
4.31 5.60264
4.32 5.6061
4.33 5.60954
4.34 5.61294
4.35 5.61632
4.36 5.61968
4.37 5.62301
4.38 5.62632
4.39 5.6296
4.4 5.63286
4.41 5.6361
4.42 5.63931
4.43 5.6425
4.44 5.64567
4.45 5.64882
4.46 5.65194
4.47 5.65505
4.48 5.65813
4.49 5.6612
4.5 5.66424
4.51 5.66726
4.52 5.67027
4.53 5.67325
4.54 5.67622
4.55 5.67917
4.56 5.6821
4.57 5.68501
4.58 5.68791
4.59 5.69078
4.6 5.69364
4.61 5.69649
4.62 5.69932
4.63 5.70213
4.64 5.70492
4.65 5.7077
4.66 5.71047
4.67 5.71321
4.68 5.71595
4.69 5.71867
4.7 5.72137
4.71 5.72406
4.72 5.72674
4.73 5.7294
4.74 5.73205
4.75 5.73469
4.76 5.73731
4.77 5.73992
4.78 5.74252
4.79 5.74511
4.8 5.74768
4.81 5.75024
4.82 5.75279
4.83 5.75533
4.84 5.75786
4.85 5.76037
4.86 5.76288
4.87 5.76537
4.88 5.76785
4.89 5.77032
4.9 5.77279
4.91 5.77524
4.92 5.77768
4.93 5.78011
4.94 5.78253
4.95 5.78495
4.96 5.78735
4.97 5.78975
4.98 5.79213
4.99 5.79451
5 5.79687
5.01 5.79923
5.02 5.80158
5.03 5.80392
5.04 5.80626
5.05 5.80858
5.06 5.8109
5.07 5.81321
5.08 5.81551
5.09 5.81781
5.1 5.82009
5.11 5.82237
5.12 5.82465
5.13 5.82691
5.14 5.82917
5.15 5.83142
5.16 5.83367
5.17 5.8359
5.18 5.83813
5.19 5.84036
5.2 5.84258
5.21 5.84479
5.22 5.84699
5.23 5.84919
5.24 5.85139
5.25 5.85357
5.26 5.85575
5.27 5.85793
5.28 5.8601
5.29 5.86226
5.3 5.86442
5.31 5.86657
5.32 5.86872
5.33 5.87086
5.34 5.873
5.35 5.87513
5.36 5.87726
5.37 5.87938
5.38 5.8815
5.39 5.88361
5.4 5.88571
5.41 5.88782
5.42 5.88991
5.43 5.89201
5.44 5.89409
5.45 5.89618
5.46 5.89826
5.47 5.90033
5.48 5.9024
5.49 5.90447
5.5 5.90653
5.51 5.90859
5.52 5.91064
5.53 5.91269
5.54 5.91473
5.55 5.91677
5.56 5.91881
5.57 5.92085
5.58 5.92288
5.59 5.9249
5.6 5.92692
5.61 5.92894
5.62 5.93096
5.63 5.93297
5.64 5.93498
5.65 5.93698
5.66 5.93898
5.67 5.94098
5.68 5.94297
5.69 5.94497
5.7 5.94695
5.71 5.94894
5.72 5.95092
5.73 5.9529
5.74 5.95488
5.75 5.95685
5.76 5.95882
5.77 5.96079
5.78 5.96275
5.79 5.96472
5.8 5.96668
5.81 5.96863
5.82 5.97059
5.83 5.97254
5.84 5.97449
5.85 5.97644
5.86 5.97838
5.87 5.98033
5.88 5.98227
5.89 5.98421
5.9 5.98615
5.91 5.98808
5.92 5.99002
5.93 5.99195
5.94 5.99388
5.95 5.99581
5.96 5.99774
5.97 5.99966
5.98 6.00159
5.99 6.00351
6 6.00543
6.01 6.00735
6.02 6.00927
6.03 6.01119
6.04 6.01311
6.05 6.01503
6.06 6.01694
6.07 6.01886
6.08 6.02078
6.09 6.02269
6.1 6.02461
6.11 6.02652
6.12 6.02844
6.13 6.03035
6.14 6.03226
6.15 6.03418
6.16 6.03609
6.17 6.03801
6.18 6.03993
6.19 6.04184
6.2 6.04376
6.21 6.04568
6.22 6.0476
6.23 6.04952
6.24 6.05144
6.25 6.05336
6.26 6.05528
6.27 6.05721
6.28 6.05913
6.29 6.06106
6.3 6.06299
6.31 6.06492
6.32 6.06686
6.33 6.06879
6.34 6.07073
6.35 6.07267
6.36 6.07461
6.37 6.07656
6.38 6.0785
6.39 6.08045
6.4 6.08241
6.41 6.08436
6.42 6.08632
6.43 6.08829
6.44 6.09025
6.45 6.09222
6.46 6.09419
6.47 6.09617
6.48 6.09815
6.49 6.10013
6.5 6.10212
6.51 6.10411
6.52 6.10611
6.53 6.10811
6.54 6.11011
6.55 6.11212
6.56 6.11414
6.57 6.11615
6.58 6.11818
6.59 6.1202
6.6 6.12223
6.61 6.12427
6.62 6.12631
6.63 6.12836
6.64 6.13041
6.65 6.13247
6.66 6.13453
6.67 6.13659
6.68 6.13866
6.69 6.14074
6.7 6.14282
6.71 6.1449
6.72 6.14699
6.73 6.14909
6.74 6.15119
6.75 6.15329
6.76 6.1554
6.77 6.15752
6.78 6.15964
6.79 6.16176
6.8 6.16389
6.81 6.16602
6.82 6.16815
6.83 6.17029
6.84 6.17244
6.85 6.17458
6.86 6.17673
6.87 6.17888
6.88 6.18104
6.89 6.1832
6.9 6.18536
6.91 6.18752
6.92 6.18968
6.93 6.19184
6.94 6.19401
6.95 6.19617
6.96 6.19834
6.97 6.2005
6.98 6.20266
6.99 6.20482
7 6.20698
7.01 6.20914
7.02 6.21129
7.03 6.21344
7.04 6.21558
7.05 6.21772
7.06 6.21985
7.07 6.22197
7.08 6.22409
7.09 6.2262
7.1 6.2283
7.11 6.23038
7.12 6.23246
7.13 6.23452
7.14 6.23657
7.15 6.2386
7.16 6.24062
7.17 6.24262
7.18 6.2446
7.19 6.24656
7.2 6.2485
7.21 6.25042
7.22 6.25232
7.23 6.25418
7.24 6.25603
7.25 6.25784
7.26 6.25962
7.27 6.26137
7.28 6.26309
7.29 6.26477
7.3 6.26641
7.31 6.26801
7.32 6.26957
7.33 6.27109
7.34 6.27256
7.35 6.27399
7.36 6.27536
7.37 6.27668
7.38 6.27795
7.39 6.27916
7.4 6.28031
7.41 6.2814
7.42 6.28243
7.43 6.28339
7.44 6.28428
7.45 6.2851
7.46 6.28584
7.47 6.28651
7.48 6.2871
7.49 6.2876
7.5 6.28802
7.51 6.28836
7.52 6.2886
7.53 6.28874
7.54 6.2888
7.55 6.28875
7.56 6.2886
7.57 6.28834
7.58 6.28798
7.59 6.2875
7.6 6.28692
7.61 6.28621
7.62 6.28539
7.63 6.28445
7.64 6.28338
7.65 6.28219
7.66 6.28086
7.67 6.27941
7.68 6.27781
7.69 6.27609
7.7 6.27422
7.71 6.27221
7.72 6.27006
7.73 6.26776
7.74 6.26532
7.75 6.26273
7.76 6.25998
7.77 6.25709
7.78 6.25404
7.79 6.25083
7.8 6.24747
7.81 6.24396
7.82 6.24028
7.83 6.23645
7.84 6.23246
7.85 6.22831
7.86 6.224
7.87 6.21953
7.88 6.21491
7.89 6.21013
7.9 6.20519
7.91 6.20009
7.92 6.19484
7.93 6.18943
7.94 6.18387
7.95 6.17817
7.96 6.17231
7.97 6.16631
7.98 6.16016
7.99 6.15387
8 6.14744
8.01 6.14088
8.02 6.13418
8.03 6.12735
8.04 6.1204
8.05 6.11332
8.06 6.10613
8.07 6.09881
8.08 6.09139
8.09 6.08386
8.1 6.07622
8.11 6.06848
8.12 6.06065
8.13 6.05273
8.14 6.04472
8.15 6.03663
8.16 6.02846
8.17 6.02022
8.18 6.01191
8.19 6.00353
8.2 5.9951
8.21 5.98661
8.22 5.97807
8.23 5.96948
8.24 5.96086
8.25 5.95219
8.26 5.94349
8.27 5.93477
8.28 5.92602
8.29 5.91725
8.3 5.90846
8.31 5.89966
8.32 5.89085
8.33 5.88204
8.34 5.87323
8.35 5.86442
8.36 5.85562
8.37 5.84682
8.38 5.83804
8.39 5.82928
8.4 5.82053
8.41 5.81181
8.42 5.80311
8.43 5.79444
8.44 5.7858
8.45 5.77719
8.46 5.76862
8.47 5.76009
8.48 5.75159
8.49 5.74314
8.5 5.73473
8.51 5.72637
8.52 5.71805
8.53 5.70978
8.54 5.70157
8.55 5.6934
8.56 5.68529
8.57 5.67723
8.58 5.66923
8.59 5.66129
8.6 5.6534
8.61 5.64558
8.62 5.63781
8.63 5.63011
8.64 5.62246
8.65 5.61488
8.66 5.60736
8.67 5.59991
8.68 5.59252
8.69 5.58519
8.7 5.57793
8.71 5.57073
8.72 5.5636
8.73 5.55653
8.74 5.54953
8.75 5.54259
8.76 5.53572
8.77 5.52891
8.78 5.52217
8.79 5.5155
8.8 5.50889
8.81 5.50234
8.82 5.49587
8.83 5.48945
8.84 5.4831
8.85 5.47681
8.86 5.47059
8.87 5.46443
8.88 5.45834
8.89 5.45231
8.9 5.44634
8.91 5.44043
8.92 5.43458
8.93 5.4288
8.94 5.42307
8.95 5.4174
8.96 5.4118
8.97 5.40625
8.98 5.40076
8.99 5.39533
9 5.38996
9.01 5.38464
9.02 5.37938
9.03 5.37418
9.04 5.36903
9.05 5.36393
9.06 5.35889
9.07 5.35391
9.08 5.34897
9.09 5.34409
9.1 5.33925
9.11 5.33447
9.12 5.32974
9.13 5.32506
9.14 5.32043
9.15 5.31584
9.16 5.3113
9.17 5.30681
9.18 5.30237
9.19 5.29797
9.2 5.29362
9.21 5.28931
9.22 5.28505
9.23 5.28083
9.24 5.27665
9.25 5.27251
9.26 5.26842
9.27 5.26437
9.28 5.26036
9.29 5.25638
9.3 5.25245
9.31 5.24855
9.32 5.2447
9.33 5.24088
9.34 5.2371
9.35 5.23335
9.36 5.22964
9.37 5.22597
9.38 5.22233
9.39 5.21873
9.4 5.21516
9.41 5.21162
9.42 5.20812
9.43 5.20465
9.44 5.20121
9.45 5.1978
9.46 5.19442
9.47 5.19108
9.48 5.18776
9.49 5.18448
9.5 5.18122
9.51 5.17799
9.52 5.17479
9.53 5.17162
9.54 5.16847
9.55 5.16536
9.56 5.16227
9.57 5.1592
9.58 5.15616
9.59 5.15315
9.6 5.15016
9.61 5.1472
9.62 5.14426
9.63 5.14135
9.64 5.13846
9.65 5.13559
9.66 5.13275
9.67 5.12993
9.68 5.12713
9.69 5.12435
9.7 5.12159
9.71 5.11886
9.72 5.11615
9.73 5.11345
9.74 5.11078
9.75 5.10813
9.76 5.1055
9.77 5.10288
9.78 5.10029
9.79 5.09772
9.8 5.09516
9.81 5.09262
9.82 5.0901
9.83 5.0876
9.84 5.08512
9.85 5.08265
9.86 5.08021
9.87 5.07777
9.88 5.07536
9.89 5.07296
9.9 5.07058
9.91 5.06821
9.92 5.06586
9.93 5.06352
9.94 5.0612
9.95 5.0589
9.96 5.05661
9.97 5.05434
9.98 5.05208
9.99 5.04983
10 5.0476
10.001 5
