0 -10
0.01 -8.8676
0.02 -8.86486
0.03 -8.86211
0.04 -8.85934
0.05 -8.85656
0.06 -8.85377
0.07 -8.85096
0.08 -8.84814
0.09 -8.84531
0.1 -8.84246
0.11 -8.83961
0.12 -8.83673
0.13 -8.83385
0.14 -8.83095
0.15 -8.82804
0.16 -8.82511
0.17 -8.82217
0.18 -8.81921
0.19 -8.81625
0.2 -8.81326
0.21 -8.81027
0.22 -8.80726
0.23 -8.80423
0.24 -8.80119
0.25 -8.79814
0.26 -8.79507
0.27 -8.79199
0.28 -8.78889
0.29 -8.78578
0.3 -8.78265
0.31 -8.77951
0.32 -8.77635
0.33 -8.77318
0.34 -8.77
0.35 -8.76679
0.36 -8.76358
0.37 -8.76035
0.38 -8.7571
0.39 -8.75384
0.4 -8.75056
0.41 -8.74726
0.42 -8.74395
0.43 -8.74063
0.44 -8.73729
0.45 -8.73393
0.46 -8.73056
0.47 -8.72717
0.48 -8.72376
0.49 -8.72034
0.5 -8.7169
0.51 -8.71345
0.52 -8.70997
0.53 -8.70649
0.54 -8.70298
0.55 -8.69946
0.56 -8.69592
0.57 -8.69237
0.58 -8.6888
0.59 -8.68521
0.6 -8.6816
0.61 -8.67798
0.62 -8.67434
0.63 -8.67068
0.64 -8.667
0.65 -8.66331
0.66 -8.6596
0.67 -8.65587
0.68 -8.65212
0.69 -8.64836
0.7 -8.64457
0.71 -8.64077
0.72 -8.63695
0.73 -8.63312
0.74 -8.62926
0.75 -8.62539
0.76 -8.62149
0.77 -8.61758
0.78 -8.61365
0.79 -8.6097
0.8 -8.60573
0.81 -8.60174
0.82 -8.59774
0.83 -8.59371
0.84 -8.58967
0.85 -8.5856
0.86 -8.58152
0.87 -8.57741
0.88 -8.57329
0.89 -8.56914
0.9 -8.56498
0.91 -8.5608
0.92 -8.55659
0.93 -8.55237
0.94 -8.54812
0.95 -8.54386
0.96 -8.53957
0.97 -8.53526
0.98 -8.53093
0.99 -8.52659
1 -8.52222
1.01 -8.51782
1.02 -8.51341
1.03 -8.50898
1.04 -8.50452
1.05 -8.50004
1.06 -8.49555
1.07 -8.49102
1.08 -8.48648
1.09 -8.48191
1.1 -8.47733
1.11 -8.47272
1.12 -8.46808
1.13 -8.46343
1.14 -8.45875
1.15 -8.45404
1.16 -8.44932
1.17 -8.44457
1.18 -8.4398
1.19 -8.435
1.2 -8.43018
1.21 -8.42534
1.22 -8.42047
1.23 -8.41557
1.24 -8.41066
1.25 -8.40571
1.26 -8.40075
1.27 -8.39575
1.28 -8.39074
1.29 -8.38569
1.3 -8.38062
1.31 -8.37553
1.32 -8.37041
1.33 -8.36526
1.34 -8.36008
1.35 -8.35488
1.36 -8.34965
1.37 -8.3444
1.38 -8.33911
1.39 -8.3338
1.4 -8.32846
1.41 -8.3231
1.42 -8.3177
1.43 -8.31227
1.44 -8.30682
1.45 -8.30134
1.46 -8.29582
1.47 -8.29028
1.48 -8.2847
1.49 -8.2791
1.5 -8.27346
1.51 -8.26779
1.52 -8.26209
1.53 -8.25636
1.54 -8.2506
1.55 -8.2448
1.56 -8.23897
1.57 -8.23311
1.58 -8.22721
1.59 -8.22128
1.6 -8.21531
1.61 -8.20931
1.62 -8.20327
1.63 -8.19719
1.64 -8.19108
1.65 -8.18493
1.66 -8.17874
1.67 -8.17252
1.68 -8.16625
1.69 -8.15995
1.7 -8.15361
1.71 -8.14722
1.72 -8.1408
1.73 -8.13433
1.74 -8.12782
1.75 -8.12127
1.76 -8.11467
1.77 -8.10803
1.78 -8.10135
1.79 -8.09462
1.8 -8.08784
1.81 -8.08102
1.82 -8.07414
1.83 -8.06722
1.84 -8.06025
1.85 -8.05323
1.86 -8.04616
1.87 -8.03904
1.88 -8.03186
1.89 -8.02463
1.9 -8.01735
1.91 -8.01001
1.92 -8.00262
1.93 -7.99517
1.94 -7.98766
1.95 -7.98009
1.96 -7.97246
1.97 -7.96477
1.98 -7.95702
1.99 -7.9492
2 -7.94133
2.01 -7.93338
2.02 -7.92537
2.03 -7.91729
2.04 -7.90915
2.05 -7.90093
2.06 -7.89265
2.07 -7.88429
2.08 -7.87586
2.09 -7.86736
2.1 -7.85878
2.11 -7.85012
2.12 -7.84139
2.13 -7.83257
2.14 -7.82368
2.15 -7.8147
2.16 -7.80565
2.17 -7.79651
2.18 -7.78728
2.19 -7.77797
2.2 -7.76857
2.21 -7.75908
2.22 -7.7495
2.23 -7.73983
2.24 -7.73006
2.25 -7.72021
2.26 -7.71026
2.27 -7.70021
2.28 -7.69006
2.29 -7.67982
2.3 -7.66947
2.31 -7.65903
2.32 -7.64848
2.33 -7.63783
2.34 -7.62707
2.35 -7.61621
2.36 -7.60525
2.37 -7.59417
2.38 -7.58299
2.39 -7.5717
2.4 -7.56029
2.41 -7.54878
2.42 -7.53715
2.43 -7.52542
2.44 -7.51357
2.45 -7.5016
2.46 -7.48952
2.47 -7.47733
2.48 -7.46502
2.49 -7.45259
2.5 -7.44005
2.51 -7.42739
2.52 -7.41462
2.53 -7.40173
2.54 -7.38872
2.55 -7.3756
2.56 -7.36236
2.57 -7.34901
2.58 -7.33554
2.59 -7.32196
2.6 -7.30826
2.61 -7.29445
2.62 -7.28053
2.63 -7.2665
2.64 -7.25235
2.65 -7.2381
2.66 -7.22374
2.67 -7.20928
2.68 -7.19471
2.69 -7.18004
2.7 -7.16527
2.71 -7.1504
2.72 -7.13543
2.73 -7.12037
2.74 -7.10522
2.75 -7.08998
2.76 -7.07465
2.77 -7.05924
2.78 -7.04375
2.79 -7.02819
2.8 -7.01255
2.81 -6.99684
2.82 -6.98106
2.83 -6.96523
2.84 -6.94933
2.85 -6.93338
2.86 -6.91738
2.87 -6.90133
2.88 -6.88524
2.89 -6.86911
2.9 -6.85295
2.91 -6.83676
2.92 -6.82054
2.93 -6.80431
2.94 -6.78807
2.95 -6.77181
2.96 -6.75555
2.97 -6.7393
2.98 -6.72305
2.99 -6.70681
3 -6.69059
3.01 -6.67439
3.02 -6.65822
3.03 -6.64208
3.04 -6.62598
3.05 -6.60993
3.06 -6.59392
3.07 -6.57797
3.08 -6.56207
3.09 -6.54624
3.1 -6.53049
3.11 -6.5148
3.12 -6.4992
3.13 -6.48368
3.14 -6.46825
3.15 -6.45291
3.16 -6.43767
3.17 -6.42254
3.18 -6.40751
3.19 -6.3926
3.2 -6.3778
3.21 -6.36312
3.22 -6.34857
3.23 -6.33414
3.24 -6.31985
3.25 -6.30569
3.26 -6.29167
3.27 -6.27778
3.28 -6.26405
3.29 -6.25046
3.3 -6.23701
3.31 -6.22372
3.32 -6.21059
3.33 -6.19761
3.34 -6.18479
3.35 -6.17212
3.36 -6.15962
3.37 -6.14728
3.38 -6.1351
3.39 -6.12309
3.4 -6.11125
3.41 -6.09957
3.42 -6.08806
3.43 -6.07671
3.44 -6.06554
3.45 -6.05453
3.46 -6.04369
3.47 -6.03301
3.48 -6.02251
3.49 -6.01217
3.5 -6.00199
3.51 -5.99199
3.52 -5.98215
3.53 -5.97247
3.54 -5.96296
3.55 -5.95361
3.56 -5.94442
3.57 -5.93539
3.58 -5.92652
3.59 -5.9178
3.6 -5.90925
3.61 -5.90084
3.62 -5.89259
3.63 -5.88449
3.64 -5.87655
3.65 -5.86874
3.66 -5.86109
3.67 -5.85358
3.68 -5.84621
3.69 -5.83898
3.7 -5.83189
3.71 -5.82494
3.72 -5.81812
3.73 -5.81143
3.74 -5.80488
3.75 -5.79845
3.76 -5.79215
3.77 -5.78598
3.78 -5.77992
3.79 -5.77399
3.8 -5.76818
3.81 -5.76248
3.82 -5.7569
3.83 -5.75143
3.84 -5.74607
3.85 -5.74082
3.86 -5.73567
3.87 -5.73063
3.88 -5.72569
3.89 -5.72085
3.9 -5.71612
3.91 -5.71147
3.92 -5.70693
3.93 -5.70247
3.94 -5.69811
3.95 -5.69384
3.96 -5.68965
3.97 -5.68555
3.98 -5.68153
3.99 -5.6776
4 -5.67375
4.01 -5.66997
4.02 -5.66628
4.03 -5.66265
4.04 -5.65911
4.05 -5.65563
4.06 -5.65223
4.07 -5.64889
4.08 -5.64563
4.09 -5.64243
4.1 -5.6393
4.11 -5.63622
4.12 -5.63322
4.13 -5.63027
4.14 -5.62738
4.15 -5.62455
4.16 -5.62178
4.17 -5.61906
4.18 -5.6164
4.19 -5.61379
4.2 -5.61124
4.21 -5.60873
4.22 -5.60628
4.23 -5.60387
4.24 -5.60151
4.25 -5.5992
4.26 -5.59694
4.27 -5.59472
4.28 -5.59254
4.29 -5.5904
4.3 -5.58831
4.31 -5.58626
4.32 -5.58424
4.33 -5.58227
4.34 -5.58034
4.35 -5.57844
4.36 -5.57658
4.37 -5.57475
4.38 -5.57296
4.39 -5.5712
4.4 -5.56948
4.41 -5.56779
4.42 -5.56613
4.43 -5.5645
4.44 -5.5629
4.45 -5.56134
4.46 -5.5598
4.47 -5.55829
4.48 -5.55681
4.49 -5.55535
4.5 -5.55393
4.51 -5.55252
4.52 -5.55115
4.53 -5.5498
4.54 -5.54847
4.55 -5.54717
4.56 -5.54589
4.57 -5.54463
4.58 -5.5434
4.59 -5.54219
4.6 -5.541
4.61 -5.53983
4.62 -5.53868
4.63 -5.53755
4.64 -5.53644
4.65 -5.53535
4.66 -5.53428
4.67 -5.53323
4.68 -5.53219
4.69 -5.53118
4.7 -5.53018
4.71 -5.52919
4.72 -5.52823
4.73 -5.52728
4.74 -5.52635
4.75 -5.52543
4.76 -5.52453
4.77 -5.52364
4.78 -5.52277
4.79 -5.52191
4.8 -5.52107
4.81 -5.52024
4.82 -5.51942
4.83 -5.51862
4.84 -5.51783
4.85 -5.51705
4.86 -5.51629
4.87 -5.51553
4.88 -5.51479
4.89 -5.51407
4.9 -5.51335
4.91 -5.51264
4.92 -5.51195
4.93 -5.51127
4.94 -5.51059
4.95 -5.50993
4.96 -5.50928
4.97 -5.50864
4.98 -5.50801
4.99 -5.50739
5 -5.50677
5.01 -5.50617
5.02 -5.50558
5.03 -5.50499
5.04 -5.50442
5.05 -5.50385
5.06 -5.50329
5.07 -5.50275
5.08 -5.5022
5.09 -5.50167
5.1 -5.50115
5.11 -5.50063
5.12 -5.50012
5.13 -5.49962
5.14 -5.49912
5.15 -5.49864
5.16 -5.49816
5.17 -5.49768
5.18 -5.49722
5.19 -5.49676
5.2 -5.49631
5.21 -5.49586
5.22 -5.49542
5.23 -5.49499
5.24 -5.49456
5.25 -5.49414
5.26 -5.49373
5.27 -5.49332
5.28 -5.49291
5.29 -5.49252
5.3 -5.49212
5.31 -5.49174
5.32 -5.49136
5.33 -5.49098
5.34 -5.49061
5.35 -5.49024
5.36 -5.48988
5.37 -5.48953
5.38 -5.48917
5.39 -5.48883
5.4 -5.48849
5.41 -5.48815
5.42 -5.48781
5.43 -5.48749
5.44 -5.48716
5.45 -5.48684
5.46 -5.48652
5.47 -5.48621
5.48 -5.4859
5.49 -5.4856
5.5 -5.48529
5.51 -5.485
5.52 -5.4847
5.53 -5.48441
5.54 -5.48412
5.55 -5.48384
5.56 -5.48355
5.57 -5.48328
5.58 -5.483
5.59 -5.48273
5.6 -5.48246
5.61 -5.48219
5.62 -5.48192
5.63 -5.48166
5.64 -5.4814
5.65 -5.48114
5.66 -5.48088
5.67 -5.48063
5.68 -5.48038
5.69 -5.48013
5.7 -5.47988
5.71 -5.47963
5.72 -5.47939
5.73 -5.47915
5.74 -5.4789
5.75 -5.47866
5.76 -5.47842
5.77 -5.47819
5.78 -5.47795
5.79 -5.47771
5.8 -5.47748
5.81 -5.47724
5.82 -5.47701
5.83 -5.47678
5.84 -5.47655
5.85 -5.47631
5.86 -5.47608
5.87 -5.47585
5.88 -5.47562
5.89 -5.47539
5.9 -5.47516
5.91 -5.47492
5.92 -5.47469
5.93 -5.47446
5.94 -5.47423
5.95 -5.474
5.96 -5.47376
5.97 -5.47353
5.98 -5.47329
5.99 -5.47306
6 -5.47282
6.01 -5.47258
6.02 -5.47234
6.03 -5.4721
6.04 -5.47186
6.05 -5.47161
6.06 -5.47137
6.07 -5.47112
6.08 -5.47087
6.09 -5.47062
6.1 -5.47037
6.11 -5.47012
6.12 -5.46986
6.13 -5.4696
6.14 -5.46934
6.15 -5.46907
6.16 -5.46881
6.17 -5.46854
6.18 -5.46827
6.19 -5.46799
6.2 -5.46771
6.21 -5.46743
6.22 -5.46715
6.23 -5.46686
6.24 -5.46657
6.25 -5.46628
6.26 -5.46598
6.27 -5.46568
6.28 -5.46538
6.29 -5.46507
6.3 -5.46476
6.31 -5.46444
6.32 -5.46413
6.33 -5.4638
6.34 -5.46348
6.35 -5.46315
6.36 -5.46281
6.37 -5.46247
6.38 -5.46213
6.39 -5.46178
6.4 -5.46143
6.41 -5.46107
6.42 -5.46071
6.43 -5.46035
6.44 -5.45998
6.45 -5.4596
6.46 -5.45922
6.47 -5.45884
6.48 -5.45845
6.49 -5.45806
6.5 -5.45766
6.51 -5.45726
6.52 -5.45685
6.53 -5.45644
6.54 -5.45603
6.55 -5.45561
6.56 -5.45518
6.57 -5.45475
6.58 -5.45432
6.59 -5.45388
6.6 -5.45344
6.61 -5.45299
6.62 -5.45254
6.63 -5.45208
6.64 -5.45162
6.65 -5.45116
6.66 -5.45069
6.67 -5.45022
6.68 -5.44975
6.69 -5.44927
6.7 -5.44879
6.71 -5.4483
6.72 -5.44781
6.73 -5.44732
6.74 -5.44683
6.75 -5.44633
6.76 -5.44583
6.77 -5.44533
6.78 -5.44483
6.79 -5.44432
6.8 -5.44382
6.81 -5.44331
6.82 -5.44281
6.83 -5.4423
6.84 -5.44179
6.85 -5.44128
6.86 -5.44078
6.87 -5.44027
6.88 -5.43977
6.89 -5.43926
6.9 -5.43876
6.91 -5.43827
6.92 -5.43777
6.93 -5.43729
6.94 -5.4368
6.95 -5.43632
6.96 -5.43585
6.97 -5.43538
6.98 -5.43492
6.99 -5.43446
7 -5.43402
7.01 -5.43358
7.02 -5.43316
7.03 -5.43274
7.04 -5.43234
7.05 -5.43195
7.06 -5.43157
7.07 -5.43121
7.08 -5.43086
7.09 -5.43052
7.1 -5.43021
7.11 -5.42991
7.12 -5.42964
7.13 -5.42938
7.14 -5.42914
7.15 -5.42893
7.16 -5.42874
7.17 -5.42858
7.18 -5.42844
7.19 -5.42834
7.2 -5.42826
7.21 -5.42821
7.22 -5.4282
7.23 -5.42822
7.24 -5.42828
7.25 -5.42837
7.26 -5.42851
7.27 -5.42868
7.28 -5.4289
7.29 -5.42917
7.3 -5.42948
7.31 -5.42983
7.32 -5.43024
7.33 -5.43071
7.34 -5.43122
7.35 -5.4318
7.36 -5.43243
7.37 -5.43312
7.38 -5.43388
7.39 -5.43471
7.4 -5.4356
7.41 -5.43656
7.42 -5.4376
7.43 -5.43871
7.44 -5.4399
7.45 -5.44117
7.46 -5.44253
7.47 -5.44397
7.48 -5.44549
7.49 -5.44711
7.5 -5.44883
7.51 -5.45064
7.52 -5.45255
7.53 -5.45456
7.54 -5.45668
7.55 -5.45891
7.56 -5.46124
7.57 -5.46369
7.58 -5.46626
7.59 -5.46895
7.6 -5.47176
7.61 -5.47469
7.62 -5.47775
7.63 -5.48094
7.64 -5.48427
7.65 -5.48773
7.66 -5.49132
7.67 -5.49507
7.68 -5.49895
7.69 -5.50298
7.7 -5.50716
7.71 -5.51149
7.72 -5.51597
7.73 -5.52061
7.74 -5.52541
7.75 -5.53037
7.76 -5.53549
7.77 -5.54077
7.78 -5.54622
7.79 -5.55184
7.8 -5.55762
7.81 -5.56358
7.82 -5.56971
7.83 -5.57601
7.84 -5.58249
7.85 -5.58914
7.86 -5.59596
7.87 -5.60296
7.88 -5.61014
7.89 -5.6175
7.9 -5.62503
7.91 -5.63274
7.92 -5.64063
7.93 -5.64869
7.94 -5.65693
7.95 -5.66534
7.96 -5.67393
7.97 -5.68269
7.98 -5.69162
7.99 -5.70072
8 -5.71
8.01 -5.71944
8.02 -5.72904
8.03 -5.73881
8.04 -5.74873
8.05 -5.75882
8.06 -5.76906
8.07 -5.77946
8.08 -5.79001
8.09 -5.8007
8.1 -5.81154
8.11 -5.82252
8.12 -5.83364
8.13 -5.8449
8.14 -5.85628
8.15 -5.8678
8.16 -5.87944
8.17 -5.8912
8.18 -5.90307
8.19 -5.91506
8.2 -5.92716
8.21 -5.93937
8.22 -5.95168
8.23 -5.96408
8.24 -5.97658
8.25 -5.98917
8.26 -6.00185
8.27 -6.01461
8.28 -6.02744
8.29 -6.04036
8.3 -6.05334
8.31 -6.06638
8.32 -6.07949
8.33 -6.09266
8.34 -6.10589
8.35 -6.11916
8.36 -6.13249
8.37 -6.14585
8.38 -6.15926
8.39 -6.1727
8.4 -6.18618
8.41 -6.19969
8.42 -6.21322
8.43 -6.22677
8.44 -6.24035
8.45 -6.25394
8.46 -6.26754
8.47 -6.28116
8.48 -6.29478
8.49 -6.30841
8.5 -6.32203
8.51 -6.33566
8.52 -6.34928
8.53 -6.3629
8.54 -6.3765
8.55 -6.3901
8.56 -6.40367
8.57 -6.41724
8.58 -6.43078
8.59 -6.4443
8.6 -6.4578
8.61 -6.47127
8.62 -6.48471
8.63 -6.49813
8.64 -6.51151
8.65 -6.52486
8.66 -6.53818
8.67 -6.55145
8.68 -6.56469
8.69 -6.57789
8.7 -6.59105
8.71 -6.60417
8.72 -6.61724
8.73 -6.63026
8.74 -6.64324
8.75 -6.65617
8.76 -6.66905
8.77 -6.68188
8.78 -6.69466
8.79 -6.70739
8.8 -6.72006
8.81 -6.73269
8.82 -6.74525
8.83 -6.75776
8.84 -6.77022
8.85 -6.78261
8.86 -6.79495
8.87 -6.80724
8.88 -6.81946
8.89 -6.83163
8.9 -6.84373
8.91 -6.85578
8.92 -6.86776
8.93 -6.87969
8.94 -6.89155
8.95 -6.90335
8.96 -6.9151
8.97 -6.92678
8.98 -6.9384
8.99 -6.94996
9 -6.96145
9.01 -6.97289
9.02 -6.98426
9.03 -6.99557
9.04 -7.00682
9.05 -7.018
9.06 -7.02913
9.07 -7.04019
9.08 -7.0512
9.09 -7.06214
9.1 -7.07302
9.11 -7.08384
9.12 -7.09459
9.13 -7.10529
9.14 -7.11593
9.15 -7.1265
9.16 -7.13702
9.17 -7.14748
9.18 -7.15788
9.19 -7.16821
9.2 -7.17849
9.21 -7.18872
9.22 -7.19888
9.23 -7.20898
9.24 -7.21903
9.25 -7.22902
9.26 -7.23895
9.27 -7.24883
9.28 -7.25865
9.29 -7.26841
9.3 -7.27812
9.31 -7.28778
9.32 -7.29737
9.33 -7.30692
9.34 -7.31641
9.35 -7.32584
9.36 -7.33523
9.37 -7.34456
9.38 -7.35384
9.39 -7.36306
9.4 -7.37224
9.41 -7.38136
9.42 -7.39043
9.43 -7.39945
9.44 -7.40842
9.45 -7.41734
9.46 -7.42621
9.47 -7.43504
9.48 -7.44381
9.49 -7.45254
9.5 -7.46121
9.51 -7.46985
9.52 -7.47843
9.53 -7.48697
9.54 -7.49546
9.55 -7.5039
9.56 -7.5123
9.57 -7.52065
9.58 -7.52896
9.59 -7.53723
9.6 -7.54545
9.61 -7.55362
9.62 -7.56176
9.63 -7.56985
9.64 -7.57789
9.65 -7.5859
9.66 -7.59386
9.67 -7.60178
9.68 -7.60966
9.69 -7.6175
9.7 -7.6253
9.71 -7.63306
9.72 -7.64078
9.73 -7.64846
9.74 -7.6561
9.75 -7.6637
9.76 -7.67126
9.77 -7.67878
9.78 -7.68627
9.79 -7.69372
9.8 -7.70113
9.81 -7.7085
9.82 -7.71584
9.83 -7.72314
9.84 -7.7304
9.85 -7.73763
9.86 -7.74482
9.87 -7.75198
9.88 -7.7591
9.89 -7.76619
9.9 -7.77324
9.91 -7.78026
9.92 -7.78724
9.93 -7.79419
9.94 -7.80111
9.95 -7.80799
9.96 -7.81484
9.97 -7.82166
9.98 -7.82845
9.99 -7.8352
10 -7.84192
10.001 -10
