0 0
0.01 0.162412
0.02 0.161417
0.03 0.160419
0.04 0.159418
0.05 0.158413
0.06 0.157405
0.07 0.156394
0.08 0.155379
0.09 0.154361
0.1 0.15334
0.11 0.152316
0.12 0.151288
0.13 0.150257
0.14 0.149223
0.15 0.148186
0.16 0.147145
0.17 0.146101
0.18 0.145054
0.19 0.144004
0.2 0.14295
0.21 0.141894
0.22 0.140834
0.23 0.139771
0.24 0.138704
0.25 0.137635
0.26 0.136562
0.27 0.135486
0.28 0.134407
0.29 0.133325
0.3 0.13224
0.31 0.131152
0.32 0.130061
0.33 0.128966
0.34 0.127869
0.35 0.126769
0.36 0.125665
0.37 0.124559
0.38 0.123449
0.39 0.122337
0.4 0.121222
0.41 0.120103
0.42 0.118982
0.43 0.117858
0.44 0.116732
0.45 0.115602
0.46 0.11447
0.47 0.113334
0.48 0.112196
0.49 0.111056
0.5 0.109913
0.51 0.108767
0.52 0.107618
0.53 0.106467
0.54 0.105313
0.55 0.104157
0.56 0.102998
0.57 0.101837
0.58 0.100674
0.59 0.099508
0.6 0.0983398
0.61 0.0971693
0.62 0.0959966
0.63 0.0948217
0.64 0.0936447
0.65 0.0924655
0.66 0.0912843
0.67 0.0901011
0.68 0.0889159
0.69 0.0877288
0.7 0.0865399
0.71 0.0853492
0.72 0.0841567
0.73 0.0829626
0.74 0.0817668
0.75 0.0805695
0.76 0.0793707
0.77 0.0781705
0.78 0.0769689
0.79 0.0757661
0.8 0.0745619
0.81 0.0733567
0.82 0.0721504
0.83 0.070943
0.84 0.0697348
0.85 0.0685257
0.86 0.0673158
0.87 0.0661052
0.88 0.0648941
0.89 0.0636825
0.9 0.0624704
0.91 0.061258
0.92 0.0600454
0.93 0.0588327
0.94 0.0576199
0.95 0.0564072
0.96 0.0551947
0.97 0.0539824
0.98 0.0527706
0.99 0.0515592
1 0.0503485
1.01 0.0491385
1.02 0.0479293
1.03 0.0467211
1.04 0.0455141
1.05 0.0443082
1.06 0.0431037
1.07 0.0419008
1.08 0.0406994
1.09 0.0394998
1.1 0.0383022
1.11 0.0371066
1.12 0.0359133
1.13 0.0347223
1.14 0.0335338
1.15 0.032348
1.16 0.0311651
1.17 0.0299852
1.18 0.0288085
1.19 0.0276352
1.2 0.0264654
1.21 0.0252993
1.22 0.0241372
1.23 0.0229791
1.24 0.0218254
1.25 0.0206762
1.26 0.0195316
1.27 0.018392
1.28 0.0172575
1.29 0.0161284
1.3 0.0150048
1.31 0.013887
1.32 0.0127752
1.33 0.0116696
1.34 0.0105705
1.35 0.00947817
1.36 0.00839279
1.37 0.00731464
1.38 0.00624397
1.39 0.00518104
1.4 0.00412613
1.41 0.0030795
1.42 0.00204143
1.43 0.0010122
1.44 -7.90228e-06
1.45 -0.00101858
1.46 -0.00201954
1.47 -0.00301048
1.48 -0.00399109
1.49 -0.00496106
1.5 -0.00592007
1.51 -0.00686779
1.52 -0.00780389
1.53 -0.00872805
1.54 -0.00963991
1.55 -0.0105391
1.56 -0.0114254
1.57 -0.0122983
1.58 -0.0131574
1.59 -0.0140025
1.6 -0.0148332
1.61 -0.015649
1.62 -0.0164496
1.63 -0.0172346
1.64 -0.0180036
1.65 -0.0187561
1.66 -0.0194919
1.67 -0.0202104
1.68 -0.0209113
1.69 -0.0215941
1.7 -0.0222584
1.71 -0.0229038
1.72 -0.0235297
1.73 -0.0241359
1.74 -0.0247217
1.75 -0.0252869
1.76 -0.0258308
1.77 -0.026353
1.78 -0.0268531
1.79 -0.0273306
1.8 -0.027785
1.81 -0.0282158
1.82 -0.0286225
1.83 -0.0290046
1.84 -0.0293616
1.85 -0.0296931
1.86 -0.0299984
1.87 -0.0302771
1.88 -0.0305287
1.89 -0.0307526
1.9 -0.0309483
1.91 -0.0311153
1.92 -0.031253
1.93 -0.031361
1.94 -0.0314386
1.95 -0.0314853
1.96 -0.0315006
1.97 -0.031484
1.98 -0.0314348
1.99 -0.0313525
2 -0.0312366
2.01 -0.0310866
2.02 -0.0309017
2.03 -0.0306816
2.04 -0.0304256
2.05 -0.0301332
2.06 -0.0298038
2.07 -0.0294369
2.08 -0.0290319
2.09 -0.0285882
2.1 -0.0281054
2.11 -0.0275828
2.12 -0.0270198
2.13 -0.026416
2.14 -0.0257708
2.15 -0.0250837
2.16 -0.0243541
2.17 -0.0235815
2.18 -0.0227653
2.19 -0.0219051
2.2 -0.0210003
2.21 -0.0200505
2.22 -0.019055
2.23 -0.0180135
2.24 -0.0169254
2.25 -0.0157903
2.26 -0.0146076
2.27 -0.0133771
2.28 -0.0120981
2.29 -0.0107703
2.3 -0.00939318
2.31 -0.00796644
2.32 -0.00648965
2.33 -0.00496242
2.34 -0.0033844
2.35 -0.00175524
2.36 -7.46004e-05
2.37 0.00165782
2.38 0.00344233
2.39 0.00527918
2.4 0.00716865
2.41 0.00911097
2.42 0.0111063
2.43 0.013155
2.44 0.015257
2.45 0.0174126
2.46 0.0196218
2.47 0.0218849
2.48 0.0242018
2.49 0.0265725
2.5 0.0289972
2.51 0.0314757
2.52 0.034008
2.53 0.0365941
2.54 0.0392339
2.55 0.0419271
2.56 0.0446738
2.57 0.0474735
2.58 0.0503262
2.59 0.0532316
2.6 0.0561893
2.61 0.059199
2.62 0.0622605
2.63 0.0653731
2.64 0.0685367
2.65 0.0717506
2.66 0.0750144
2.67 0.0783276
2.68 0.0816896
2.69 0.0850997
2.7 0.0885574
2.71 0.0920621
2.72 0.0956129
2.73 0.0992093
2.74 0.10285
2.75 0.106535
2.76 0.110264
2.77 0.114034
2.78 0.117846
2.79 0.121699
2.8 0.125591
2.81 0.129522
2.82 0.13349
2.83 0.137496
2.84 0.141537
2.85 0.145613
2.86 0.149723
2.87 0.153866
2.88 0.15804
2.89 0.162245
2.9 0.16648
2.91 0.170743
2.92 0.175034
2.93 0.179351
2.94 0.183693
2.95 0.18806
2.96 0.19245
2.97 0.196863
2.98 0.201296
2.99 0.20575
3 0.210223
3.01 0.214714
3.02 0.219222
3.03 0.223747
3.04 0.228287
3.05 0.232842
3.06 0.23741
3.07 0.241991
3.08 0.246584
3.09 0.251188
3.1 0.255802
3.11 0.260426
3.12 0.265059
3.13 0.2697
3.14 0.274349
3.15 0.279004
3.16 0.283667
3.17 0.288335
3.18 0.293008
3.19 0.297687
3.2 0.30237
3.21 0.307056
3.22 0.311747
3.23 0.316441
3.24 0.321138
3.25 0.325838
3.26 0.330541
3.27 0.335245
3.28 0.339952
3.29 0.344661
3.3 0.349372
3.31 0.354085
3.32 0.358799
3.33 0.363515
3.34 0.368232
3.35 0.372951
3.36 0.377671
3.37 0.382394
3.38 0.387117
3.39 0.391843
3.4 0.39657
3.41 0.4013
3.42 0.406031
3.43 0.410764
3.44 0.4155
3.45 0.420238
3.46 0.424978
3.47 0.429721
3.48 0.434467
3.49 0.439216
3.5 0.443969
3.51 0.448724
3.52 0.453483
3.53 0.458246
3.54 0.463013
3.55 0.467784
3.56 0.472559
3.57 0.477338
3.58 0.482122
3.59 0.486911
3.6 0.491705
3.61 0.496504
3.62 0.501308
3.63 0.506118
3.64 0.510933
3.65 0.515754
3.66 0.520582
3.67 0.525415
3.68 0.530254
3.69 0.5351
3.7 0.539952
3.71 0.544811
3.72 0.549677
3.73 0.55455
3.74 0.559429
3.75 0.564316
3.76 0.56921
3.77 0.574111
3.78 0.579019
3.79 0.583935
3.8 0.588858
3.81 0.593789
3.82 0.598728
3.83 0.603674
3.84 0.608628
3.85 0.613589
3.86 0.618559
3.87 0.623536
3.88 0.628522
3.89 0.633515
3.9 0.638516
3.91 0.643525
3.92 0.648542
3.93 0.653567
3.94 0.658601
3.95 0.663642
3.96 0.668691
3.97 0.673748
3.98 0.678813
3.99 0.683887
4 0.688968
4.01 0.694057
4.02 0.699155
4.03 0.70426
4.04 0.709373
4.05 0.714495
4.06 0.719624
4.07 0.724761
4.08 0.729906
4.09 0.73506
4.1 0.740221
4.11 0.745389
4.12 0.750566
4.13 0.755751
4.14 0.760943
4.15 0.766144
4.16 0.771352
4.17 0.776568
4.18 0.781792
4.19 0.787023
4.2 0.792263
4.21 0.79751
4.22 0.802765
4.23 0.808028
4.24 0.813298
4.25 0.818577
4.26 0.823863
4.27 0.829157
4.28 0.834458
4.29 0.839768
4.3 0.845085
4.31 0.85041
4.32 0.855743
4.33 0.861083
4.34 0.866432
4.35 0.871788
4.36 0.877152
4.37 0.882524
4.38 0.887904
4.39 0.893292
4.4 0.898687
4.41 0.904091
4.42 0.909503
4.43 0.914923
4.44 0.920351
4.45 0.925786
4.46 0.931231
4.47 0.936683
4.48 0.942143
4.49 0.947612
4.5 0.953089
4.51 0.958574
4.52 0.964067
4.53 0.969569
4.54 0.975079
4.55 0.980598
4.56 0.986125
4.57 0.991661
4.58 0.997206
4.59 1.00276
4.6 1.00832
4.61 1.01389
4.62 1.01947
4.63 1.02506
4.64 1.03066
4.65 1.03626
4.66 1.04188
4.67 1.0475
4.68 1.05313
4.69 1.05877
4.7 1.06443
4.71 1.07009
4.72 1.07576
4.73 1.08144
4.74 1.08712
4.75 1.09282
4.76 1.09853
4.77 1.10424
4.78 1.10997
4.79 1.11571
4.8 1.12145
4.81 1.12721
4.82 1.13297
4.83 1.13875
4.84 1.14453
4.85 1.15032
4.86 1.15613
4.87 1.16194
4.88 1.16776
4.89 1.1736
4.9 1.17944
4.91 1.18529
4.92 1.19115
4.93 1.19703
4.94 1.20291
4.95 1.2088
4.96 1.2147
4.97 1.22062
4.98 1.22654
4.99 1.23247
5 1.23841
5.01 1.24436
5.02 1.25033
5.03 1.2563
5.04 1.26228
5.05 1.26827
5.06 1.27428
5.07 1.28029
5.08 1.28631
5.09 1.29234
5.1 1.29838
5.11 1.30443
5.12 1.3105
5.13 1.31657
5.14 1.32265
5.15 1.32874
5.16 1.33484
5.17 1.34095
5.18 1.34707
5.19 1.3532
5.2 1.35933
5.21 1.36548
5.22 1.37164
5.23 1.37781
5.24 1.38398
5.25 1.39017
5.26 1.39636
5.27 1.40256
5.28 1.40877
5.29 1.41499
5.3 1.42122
5.31 1.42746
5.32 1.43371
5.33 1.43996
5.34 1.44623
5.35 1.4525
5.36 1.45878
5.37 1.46507
5.38 1.47137
5.39 1.47767
5.4 1.48398
5.41 1.4903
5.42 1.49663
5.43 1.50297
5.44 1.50931
5.45 1.51566
5.46 1.52202
5.47 1.52839
5.48 1.53476
5.49 1.54114
5.5 1.54753
5.51 1.55392
5.52 1.56032
5.53 1.56673
5.54 1.57314
5.55 1.57956
5.56 1.58599
5.57 1.59242
5.58 1.59886
5.59 1.60531
5.6 1.61176
5.61 1.61822
5.62 1.62468
5.63 1.63115
5.64 1.63762
5.65 1.6441
5.66 1.65059
5.67 1.65708
5.68 1.66357
5.69 1.67007
5.7 1.67658
5.71 1.68309
5.72 1.68961
5.73 1.69613
5.74 1.70266
5.75 1.70919
5.76 1.71572
5.77 1.72227
5.78 1.72881
5.79 1.73536
5.8 1.74192
5.81 1.74848
5.82 1.75504
5.83 1.76161
5.84 1.76818
5.85 1.77476
5.86 1.78135
5.87 1.78793
5.88 1.79453
5.89 1.80112
5.9 1.80773
5.91 1.81433
5.92 1.82094
5.93 1.82756
5.94 1.83418
5.95 1.84081
5.96 1.84744
5.97 1.85408
5.98 1.86072
5.99 1.86737
6 1.87402
6.01 1.88068
6.02 1.88734
6.03 1.89401
6.04 1.90069
6.05 1.90737
6.06 1.91406
6.07 1.92076
6.08 1.92746
6.09 1.93417
6.1 1.94089
6.11 1.94761
6.12 1.95435
6.13 1.96109
6.14 1.96783
6.15 1.97459
6.16 1.98136
6.17 1.98813
6.18 1.99492
6.19 2.00171
6.2 2.00852
6.21 2.01533
6.22 2.02216
6.23 2.02899
6.24 2.03584
6.25 2.0427
6.26 2.04957
6.27 2.05646
6.28 2.06335
6.29 2.07027
6.3 2.07719
6.31 2.08413
6.32 2.09109
6.33 2.09806
6.34 2.10504
6.35 2.11205
6.36 2.11907
6.37 2.12611
6.38 2.13316
6.39 2.14024
6.4 2.14733
6.41 2.15444
6.42 2.16158
6.43 2.16873
6.44 2.17591
6.45 2.18311
6.46 2.19033
6.47 2.19758
6.48 2.20485
6.49 2.21214
6.5 2.21946
6.51 2.22681
6.52 2.23418
6.53 2.24159
6.54 2.24902
6.55 2.25648
6.56 2.26397
6.57 2.27149
6.58 2.27904
6.59 2.28663
6.6 2.29425
6.61 2.3019
6.62 2.30959
6.63 2.31731
6.64 2.32507
6.65 2.33287
6.66 2.34071
6.67 2.34858
6.68 2.3565
6.69 2.36446
6.7 2.37245
6.71 2.3805
6.72 2.38858
6.73 2.39671
6.74 2.40488
6.75 2.4131
6.76 2.42137
6.77 2.42969
6.78 2.43805
6.79 2.44646
6.8 2.45493
6.81 2.46345
6.82 2.47201
6.83 2.48064
6.84 2.48931
6.85 2.49804
6.86 2.50683
6.87 2.51568
6.88 2.52458
6.89 2.53354
6.9 2.54256
6.91 2.55164
6.92 2.56078
6.93 2.56998
6.94 2.57925
6.95 2.58858
6.96 2.59797
6.97 2.60743
6.98 2.61696
6.99 2.62655
7 2.63621
7.01 2.64593
7.02 2.65573
7.03 2.66559
7.04 2.67553
7.05 2.68553
7.06 2.69561
7.07 2.70575
7.08 2.71597
7.09 2.72626
7.1 2.73663
7.11 2.74706
7.12 2.75758
7.13 2.76816
7.14 2.77882
7.15 2.78955
7.16 2.80036
7.17 2.81125
7.18 2.82221
7.19 2.83324
7.2 2.84435
7.21 2.85553
7.22 2.86679
7.23 2.87813
7.24 2.88954
7.25 2.90103
7.26 2.91259
7.27 2.92422
7.28 2.93593
7.29 2.94771
7.3 2.95956
7.31 2.97149
7.32 2.98349
7.33 2.99556
7.34 3.00771
7.35 3.01992
7.36 3.0322
7.37 3.04455
7.38 3.05697
7.39 3.06945
7.4 3.082
7.41 3.09461
7.42 3.10729
7.43 3.12003
7.44 3.13283
7.45 3.14569
7.46 3.15861
7.47 3.17158
7.48 3.18461
7.49 3.19769
7.5 3.21082
7.51 3.22401
7.52 3.23724
7.53 3.25052
7.54 3.26384
7.55 3.27721
7.56 3.29062
7.57 3.30406
7.58 3.31754
7.59 3.33106
7.6 3.34461
7.61 3.35819
7.62 3.37179
7.63 3.38542
7.64 3.39908
7.65 3.41275
7.66 3.42644
7.67 3.44014
7.68 3.45386
7.69 3.46759
7.7 3.48132
7.71 3.49506
7.72 3.5088
7.73 3.52253
7.74 3.53627
7.75 3.54999
7.76 3.5637
7.77 3.5774
7.78 3.59108
7.79 3.60474
7.8 3.61838
7.81 3.63199
7.82 3.64557
7.83 3.65911
7.84 3.67262
7.85 3.68609
7.86 3.69951
7.87 3.71289
7.88 3.72621
7.89 3.73948
7.9 3.75269
7.91 3.76584
7.92 3.77893
7.93 3.79194
7.94 3.80488
7.95 3.81774
7.96 3.83053
7.97 3.84322
7.98 3.85583
7.99 3.86835
8 3.88078
8.01 3.8931
8.02 3.90532
8.03 3.91743
8.04 3.92944
8.05 3.94133
8.06 3.9531
8.07 3.96475
8.08 3.97628
8.09 3.98768
8.1 3.99894
8.11 4.01008
8.12 4.02108
8.13 4.03193
8.14 4.04265
8.15 4.05321
8.16 4.06363
8.17 4.0739
8.18 4.08401
8.19 4.09397
8.2 4.10377
8.21 4.11341
8.22 4.12288
8.23 4.13219
8.24 4.14134
8.25 4.15031
8.26 4.15912
8.27 4.16776
8.28 4.17622
8.29 4.18451
8.3 4.19263
8.31 4.20058
8.32 4.20834
8.33 4.21594
8.34 4.22335
8.35 4.2306
8.36 4.23766
8.37 4.24455
8.38 4.25126
8.39 4.2578
8.4 4.26417
8.41 4.27036
8.42 4.27637
8.43 4.28222
8.44 4.28789
8.45 4.29339
8.46 4.29872
8.47 4.30388
8.48 4.30888
8.49 4.31371
8.5 4.31837
8.51 4.32288
8.52 4.32722
8.53 4.3314
8.54 4.33543
8.55 4.3393
8.56 4.34301
8.57 4.34658
8.58 4.34999
8.59 4.35326
8.6 4.35638
8.61 4.35935
8.62 4.36218
8.63 4.36488
8.64 4.36743
8.65 4.36985
8.66 4.37214
8.67 4.37429
8.68 4.37632
8.69 4.37822
8.7 4.37999
8.71 4.38164
8.72 4.38317
8.73 4.38458
8.74 4.38588
8.75 4.38706
8.76 4.38813
8.77 4.38909
8.78 4.38994
8.79 4.39068
8.8 4.39132
8.81 4.39186
8.82 4.3923
8.83 4.39264
8.84 4.39289
8.85 4.39304
8.86 4.3931
8.87 4.39307
8.88 4.39295
8.89 4.39274
8.9 4.39245
8.91 4.39208
8.92 4.39163
8.93 4.39109
8.94 4.39048
8.95 4.38979
8.96 4.38903
8.97 4.3882
8.98 4.38729
8.99 4.38632
9 4.38527
9.01 4.38416
9.02 4.38299
9.03 4.38175
9.04 4.38044
9.05 4.37908
9.06 4.37766
9.07 4.37618
9.08 4.37464
9.09 4.37304
9.1 4.37139
9.11 4.36969
9.12 4.36793
9.13 4.36613
9.14 4.36427
9.15 4.36237
9.16 4.36041
9.17 4.35841
9.18 4.35637
9.19 4.35428
9.2 4.35214
9.21 4.34996
9.22 4.34774
9.23 4.34548
9.24 4.34318
9.25 4.34084
9.26 4.33846
9.27 4.33604
9.28 4.33359
9.29 4.3311
9.3 4.32858
9.31 4.32602
9.32 4.32342
9.33 4.32079
9.34 4.31813
9.35 4.31544
9.36 4.31272
9.37 4.30997
9.38 4.30718
9.39 4.30437
9.4 4.30153
9.41 4.29866
9.42 4.29576
9.43 4.29283
9.44 4.28988
9.45 4.28691
9.46 4.2839
9.47 4.28087
9.48 4.27782
9.49 4.27474
9.5 4.27164
9.51 4.26852
9.52 4.26537
9.53 4.2622
9.54 4.25901
9.55 4.25579
9.56 4.25256
9.57 4.2493
9.58 4.24603
9.59 4.24273
9.6 4.23941
9.61 4.23608
9.62 4.23272
9.63 4.22935
9.64 4.22596
9.65 4.22255
9.66 4.21912
9.67 4.21567
9.68 4.21221
9.69 4.20873
9.7 4.20523
9.71 4.20172
9.72 4.19818
9.73 4.19464
9.74 4.19108
9.75 4.1875
9.76 4.18391
9.77 4.1803
9.78 4.17667
9.79 4.17304
9.8 4.16939
9.81 4.16572
9.82 4.16204
9.83 4.15835
9.84 4.15464
9.85 4.15092
9.86 4.14718
9.87 4.14344
9.88 4.13968
9.89 4.1359
9.9 4.13212
9.91 4.12832
9.92 4.12451
9.93 4.12069
9.94 4.11686
9.95 4.11302
9.96 4.10916
9.97 4.10529
9.98 4.10142
9.99 4.09753
10 4.09363
10.001 0
