0 -10
0.01 -8.3641
0.02 -8.35716
0.03 -8.3502
0.04 -8.34321
0.05 -8.33618
0.06 -8.32913
0.07 -8.32205
0.08 -8.31493
0.09 -8.30779
0.1 -8.30061
0.11 -8.29341
0.12 -8.28617
0.13 -8.2789
0.14 -8.2716
0.15 -8.26427
0.16 -8.2569
0.17 -8.24951
0.18 -8.24208
0.19 -8.23462
0.2 -8.22712
0.21 -8.21959
0.22 -8.21203
0.23 -8.20443
0.24 -8.1968
0.25 -8.18913
0.26 -8.18143
0.27 -8.17369
0.28 -8.16592
0.29 -8.1581
0.3 -8.15026
0.31 -8.14237
0.32 -8.13444
0.33 -8.12648
0.34 -8.11847
0.35 -8.11043
0.36 -8.10234
0.37 -8.09421
0.38 -8.08604
0.39 -8.07782
0.4 -8.06956
0.41 -8.06125
0.42 -8.0529
0.43 -8.0445
0.44 -8.03605
0.45 -8.02755
0.46 -8.019
0.47 -8.0104
0.48 -8.00175
0.49 -7.99304
0.5 -7.98428
0.51 -7.97546
0.52 -7.96658
0.53 -7.95764
0.54 -7.94864
0.55 -7.93958
0.56 -7.93046
0.57 -7.92126
0.58 -7.91201
0.59 -7.90268
0.6 -7.89328
0.61 -7.88381
0.62 -7.87426
0.63 -7.86464
0.64 -7.85494
0.65 -7.84516
0.66 -7.8353
0.67 -7.82535
0.68 -7.81532
0.69 -7.8052
0.7 -7.79499
0.71 -7.78468
0.72 -7.77428
0.73 -7.76378
0.74 -7.75319
0.75 -7.74249
0.76 -7.73168
0.77 -7.72077
0.78 -7.70975
0.79 -7.69862
0.8 -7.68737
0.81 -7.67601
0.82 -7.66453
0.83 -7.65293
0.84 -7.6412
0.85 -7.62935
0.86 -7.61737
0.87 -7.60525
0.88 -7.59301
0.89 -7.58063
0.9 -7.56811
0.91 -7.55545
0.92 -7.54265
0.93 -7.52971
0.94 -7.51662
0.95 -7.50338
0.96 -7.48999
0.97 -7.47646
0.98 -7.46277
0.99 -7.44892
1 -7.43492
1.01 -7.42076
1.02 -7.40645
1.03 -7.39198
1.04 -7.37735
1.05 -7.36256
1.06 -7.34761
1.07 -7.3325
1.08 -7.31724
1.09 -7.30181
1.1 -7.28623
1.11 -7.27049
1.12 -7.25459
1.13 -7.23854
1.14 -7.22234
1.15 -7.20598
1.16 -7.18948
1.17 -7.17284
1.18 -7.15605
1.19 -7.13912
1.2 -7.12206
1.21 -7.10486
1.22 -7.08754
1.23 -7.07009
1.24 -7.05253
1.25 -7.03486
1.26 -7.01708
1.27 -6.99919
1.28 -6.98122
1.29 -6.96315
1.3 -6.945
1.31 -6.92678
1.32 -6.9085
1.33 -6.89015
1.34 -6.87175
1.35 -6.85332
1.36 -6.83484
1.37 -6.81634
1.38 -6.79783
1.39 -6.77931
1.4 -6.76078
1.41 -6.74227
1.42 -6.72379
1.43 -6.70533
1.44 -6.68691
1.45 -6.66854
1.46 -6.65023
1.47 -6.63199
1.48 -6.61383
1.49 -6.59576
1.5 -6.57778
1.51 -6.55991
1.52 -6.54216
1.53 -6.52453
1.54 -6.50704
1.55 -6.48969
1.56 -6.47249
1.57 -6.45545
1.58 -6.43858
1.59 -6.42188
1.6 -6.40537
1.61 -6.38904
1.62 -6.37291
1.63 -6.35698
1.64 -6.34125
1.65 -6.32574
1.66 -6.31045
1.67 -6.29538
1.68 -6.28054
1.69 -6.26592
1.7 -6.25154
1.71 -6.2374
1.72 -6.2235
1.73 -6.20984
1.74 -6.19642
1.75 -6.18325
1.76 -6.17032
1.77 -6.15764
1.78 -6.14521
1.79 -6.13303
1.8 -6.1211
1.81 -6.10941
1.82 -6.09797
1.83 -6.08677
1.84 -6.07582
1.85 -6.06511
1.86 -6.05464
1.87 -6.04441
1.88 -6.03441
1.89 -6.02465
1.9 -6.01512
1.91 -6.00582
1.92 -5.99674
1.93 -5.98789
1.94 -5.97925
1.95 -5.97083
1.96 -5.96263
1.97 -5.95463
1.98 -5.94683
1.99 -5.93924
2 -5.93184
2.01 -5.92464
2.02 -5.91763
2.03 -5.9108
2.04 -5.90416
2.05 -5.8977
2.06 -5.89141
2.07 -5.88529
2.08 -5.87933
2.09 -5.87354
2.1 -5.86791
2.11 -5.86244
2.12 -5.85712
2.13 -5.85194
2.14 -5.84691
2.15 -5.84202
2.16 -5.83727
2.17 -5.83265
2.18 -5.82816
2.19 -5.8238
2.2 -5.81957
2.21 -5.81545
2.22 -5.81145
2.23 -5.80756
2.24 -5.80379
2.25 -5.80012
2.26 -5.79655
2.27 -5.79309
2.28 -5.78973
2.29 -5.78646
2.3 -5.78329
2.31 -5.78021
2.32 -5.77721
2.33 -5.7743
2.34 -5.77148
2.35 -5.76873
2.36 -5.76606
2.37 -5.76347
2.38 -5.76096
2.39 -5.75851
2.4 -5.75613
2.41 -5.75382
2.42 -5.75158
2.43 -5.7494
2.44 -5.74728
2.45 -5.74522
2.46 -5.74322
2.47 -5.74128
2.48 -5.73939
2.49 -5.73755
2.5 -5.73576
2.51 -5.73402
2.52 -5.73233
2.53 -5.73069
2.54 -5.72909
2.55 -5.72754
2.56 -5.72603
2.57 -5.72456
2.58 -5.72313
2.59 -5.72173
2.6 -5.72038
2.61 -5.71906
2.62 -5.71777
2.63 -5.71652
2.64 -5.71531
2.65 -5.71412
2.66 -5.71297
2.67 -5.71184
2.68 -5.71075
2.69 -5.70968
2.7 -5.70864
2.71 -5.70762
2.72 -5.70663
2.73 -5.70567
2.74 -5.70473
2.75 -5.70381
2.76 -5.70291
2.77 -5.70204
2.78 -5.70119
2.79 -5.70035
2.8 -5.69954
2.81 -5.69875
2.82 -5.69797
2.83 -5.69721
2.84 -5.69647
2.85 -5.69574
2.86 -5.69503
2.87 -5.69434
2.88 -5.69366
2.89 -5.69299
2.9 -5.69234
2.91 -5.69171
2.92 -5.69108
2.93 -5.69047
2.94 -5.68987
2.95 -5.68928
2.96 -5.6887
2.97 -5.68814
2.98 -5.68758
2.99 -5.68704
3 -5.6865
3.01 -5.68597
3.02 -5.68546
3.03 -5.68495
3.04 -5.68445
3.05 -5.68396
3.06 -5.68347
3.07 -5.683
3.08 -5.68253
3.09 -5.68206
3.1 -5.68161
3.11 -5.68116
3.12 -5.68072
3.13 -5.68028
3.14 -5.67985
3.15 -5.67942
3.16 -5.679
3.17 -5.67858
3.18 -5.67817
3.19 -5.67777
3.2 -5.67736
3.21 -5.67697
3.22 -5.67657
3.23 -5.67618
3.24 -5.6758
3.25 -5.67541
3.26 -5.67503
3.27 -5.67466
3.28 -5.67428
3.29 -5.67391
3.3 -5.67355
3.31 -5.67318
3.32 -5.67282
3.33 -5.67246
3.34 -5.6721
3.35 -5.67174
3.36 -5.67139
3.37 -5.67104
3.38 -5.67069
3.39 -5.67034
3.4 -5.66999
3.41 -5.66964
3.42 -5.6693
3.43 -5.66895
3.44 -5.66861
3.45 -5.66827
3.46 -5.66793
3.47 -5.66759
3.48 -5.66725
3.49 -5.66691
3.5 -5.66657
3.51 -5.66623
3.52 -5.6659
3.53 -5.66556
3.54 -5.66522
3.55 -5.66489
3.56 -5.66455
3.57 -5.66421
3.58 -5.66388
3.59 -5.66354
3.6 -5.66321
3.61 -5.66287
3.62 -5.66253
3.63 -5.66219
3.64 -5.66186
3.65 -5.66152
3.66 -5.66118
3.67 -5.66084
3.68 -5.6605
3.69 -5.66016
3.7 -5.65982
3.71 -5.65948
3.72 -5.65914
3.73 -5.6588
3.74 -5.65846
3.75 -5.65811
3.76 -5.65777
3.77 -5.65743
3.78 -5.65708
3.79 -5.65673
3.8 -5.65639
3.81 -5.65604
3.82 -5.65569
3.83 -5.65534
3.84 -5.65499
3.85 -5.65464
3.86 -5.65428
3.87 -5.65393
3.88 -5.65358
3.89 -5.65322
3.9 -5.65286
3.91 -5.65251
3.92 -5.65215
3.93 -5.65179
3.94 -5.65143
3.95 -5.65107
3.96 -5.65071
3.97 -5.65034
3.98 -5.64998
3.99 -5.64961
4 -5.64925
4.01 -5.64888
4.02 -5.64851
4.03 -5.64814
4.04 -5.64777
4.05 -5.6474
4.06 -5.64703
4.07 -5.64666
4.08 -5.64628
4.09 -5.64591
4.1 -5.64553
4.11 -5.64516
4.12 -5.64478
4.13 -5.6444
4.14 -5.64402
4.15 -5.64364
4.16 -5.64326
4.17 -5.64288
4.18 -5.6425
4.19 -5.64212
4.2 -5.64173
4.21 -5.64135
4.22 -5.64096
4.23 -5.64058
4.24 -5.64019
4.25 -5.6398
4.26 -5.63942
4.27 -5.63903
4.28 -5.63864
4.29 -5.63825
4.3 -5.63786
4.31 -5.63747
4.32 -5.63708
4.33 -5.63669
4.34 -5.6363
4.35 -5.6359
4.36 -5.63551
4.37 -5.63512
4.38 -5.63472
4.39 -5.63433
4.4 -5.63393
4.41 -5.63354
4.42 -5.63314
4.43 -5.63275
4.44 -5.63235
4.45 -5.63195
4.46 -5.63156
4.47 -5.63116
4.48 -5.63076
4.49 -5.63036
4.5 -5.62997
4.51 -5.62957
4.52 -5.62917
4.53 -5.62877
4.54 -5.62837
4.55 -5.62797
4.56 -5.62757
4.57 -5.62717
4.58 -5.62677
4.59 -5.62637
4.6 -5.62596
4.61 -5.62556
4.62 -5.62516
4.63 -5.62476
4.64 -5.62435
4.65 -5.62395
4.66 -5.62354
4.67 -5.62314
4.68 -5.62273
4.69 -5.62233
4.7 -5.62192
4.71 -5.62151
4.72 -5.6211
4.73 -5.62069
4.74 -5.62028
4.75 -5.61987
4.76 -5.61946
4.77 -5.61905
4.78 -5.61864
4.79 -5.61822
4.8 -5.61781
4.81 -5.61739
4.82 -5.61697
4.83 -5.61655
4.84 -5.61613
4.85 -5.61571
4.86 -5.61529
4.87 -5.61486
4.88 -5.61444
4.89 -5.61401
4.9 -5.61358
4.91 -5.61315
4.92 -5.61272
4.93 -5.61229
4.94 -5.61185
4.95 -5.61141
4.96 -5.61097
4.97 -5.61053
4.98 -5.61009
4.99 -5.60964
5 -5.60919
5.01 -5.60874
5.02 -5.60829
5.03 -5.60783
5.04 -5.60737
5.05 -5.60691
5.06 -5.60645
5.07 -5.60599
5.08 -5.60552
5.09 -5.60505
5.1 -5.60457
5.11 -5.6041
5.12 -5.60362
5.13 -5.60314
5.14 -5.60265
5.15 -5.60217
5.16 -5.60168
5.17 -5.60118
5.18 -5.60069
5.19 -5.60019
5.2 -5.59969
5.21 -5.59918
5.22 -5.59868
5.23 -5.59817
5.24 -5.59766
5.25 -5.59714
5.26 -5.59662
5.27 -5.5961
5.28 -5.59558
5.29 -5.59506
5.3 -5.59453
5.31 -5.594
5.32 -5.59347
5.33 -5.59294
5.34 -5.5924
5.35 -5.59186
5.36 -5.59133
5.37 -5.59079
5.38 -5.59025
5.39 -5.5897
5.4 -5.58916
5.41 -5.58862
5.42 -5.58807
5.43 -5.58753
5.44 -5.58699
5.45 -5.58644
5.46 -5.5859
5.47 -5.58536
5.48 -5.58482
5.49 -5.58428
5.5 -5.58374
5.51 -5.58321
5.52 -5.58267
5.53 -5.58215
5.54 -5.58162
5.55 -5.5811
5.56 -5.58058
5.57 -5.58007
5.58 -5.57956
5.59 -5.57906
5.6 -5.57856
5.61 -5.57807
5.62 -5.57759
5.63 -5.57711
5.64 -5.57665
5.65 -5.57619
5.66 -5.57575
5.67 -5.57531
5.68 -5.57488
5.69 -5.57447
5.7 -5.57407
5.71 -5.57368
5.72 -5.5733
5.73 -5.57294
5.74 -5.57259
5.75 -5.57226
5.76 -5.57195
5.77 -5.57165
5.78 -5.57138
5.79 -5.57112
5.8 -5.57088
5.81 -5.57067
5.82 -5.57047
5.83 -5.5703
5.84 -5.57015
5.85 -5.57003
5.86 -5.56993
5.87 -5.56986
5.88 -5.56982
5.89 -5.56981
5.9 -5.56983
5.91 -5.56987
5.92 -5.56995
5.93 -5.57007
5.94 -5.57021
5.95 -5.5704
5.96 -5.57062
5.97 -5.57087
5.98 -5.57117
5.99 -5.5715
6 -5.57188
6.01 -5.5723
6.02 -5.57276
6.03 -5.57327
6.04 -5.57382
6.05 -5.57442
6.06 -5.57507
6.07 -5.57577
6.08 -5.57652
6.09 -5.57732
6.1 -5.57817
6.11 -5.57908
6.12 -5.58004
6.13 -5.58106
6.14 -5.58214
6.15 -5.58328
6.16 -5.58448
6.17 -5.58574
6.18 -5.58706
6.19 -5.58844
6.2 -5.58989
6.21 -5.59141
6.22 -5.59299
6.23 -5.59465
6.24 -5.59637
6.25 -5.59816
6.26 -5.60002
6.27 -5.60196
6.28 -5.60397
6.29 -5.60605
6.3 -5.60821
6.31 -5.61045
6.32 -5.61276
6.33 -5.61515
6.34 -5.61762
6.35 -5.62017
6.36 -5.62281
6.37 -5.62552
6.38 -5.62831
6.39 -5.63119
6.4 -5.63415
6.41 -5.6372
6.42 -5.64033
6.43 -5.64354
6.44 -5.64685
6.45 -5.65023
6.46 -5.65371
6.47 -5.65727
6.48 -5.66092
6.49 -5.66465
6.5 -5.66848
6.51 -5.67239
6.52 -5.67639
6.53 -5.68047
6.54 -5.68465
6.55 -5.68891
6.56 -5.69326
6.57 -5.6977
6.58 -5.70223
6.59 -5.70685
6.6 -5.71155
6.61 -5.71634
6.62 -5.72122
6.63 -5.72618
6.64 -5.73123
6.65 -5.73636
6.66 -5.74158
6.67 -5.74688
6.68 -5.75227
6.69 -5.75774
6.7 -5.76329
6.71 -5.76892
6.72 -5.77464
6.73 -5.78043
6.74 -5.7863
6.75 -5.79225
6.76 -5.79827
6.77 -5.80437
6.78 -5.81055
6.79 -5.8168
6.8 -5.82312
6.81 -5.82951
6.82 -5.83598
6.83 -5.84251
6.84 -5.84911
6.85 -5.85577
6.86 -5.8625
6.87 -5.86929
6.88 -5.87615
6.89 -5.88306
6.9 -5.89004
6.91 -5.89707
6.92 -5.90416
6.93 -5.9113
6.94 -5.9185
6.95 -5.92575
6.96 -5.93305
6.97 -5.9404
6.98 -5.9478
6.99 -5.95524
7 -5.96273
7.01 -5.97026
7.02 -5.97783
7.03 -5.98544
7.04 -5.99309
7.05 -6.00078
7.06 -6.0085
7.07 -6.01625
7.08 -6.02404
7.09 -6.03186
7.1 -6.03971
7.11 -6.04759
7.12 -6.0555
7.13 -6.06343
7.14 -6.07138
7.15 -6.07935
7.16 -6.08735
7.17 -6.09537
7.18 -6.10341
7.19 -6.11146
7.2 -6.11953
7.21 -6.12761
7.22 -6.13571
7.23 -6.14382
7.24 -6.15194
7.25 -6.16007
7.26 -6.16821
7.27 -6.17635
7.28 -6.1845
7.29 -6.19266
7.3 -6.20082
7.31 -6.20899
7.32 -6.21716
7.33 -6.22533
7.34 -6.2335
7.35 -6.24167
7.36 -6.24983
7.37 -6.258
7.38 -6.26616
7.39 -6.27432
7.4 -6.28247
7.41 -6.29062
7.42 -6.29876
7.43 -6.30689
7.44 -6.31501
7.45 -6.32313
7.46 -6.33124
7.47 -6.33933
7.48 -6.34742
7.49 -6.35549
7.5 -6.36356
7.51 -6.37161
7.52 -6.37965
7.53 -6.38767
7.54 -6.39568
7.55 -6.40368
7.56 -6.41166
7.57 -6.41962
7.58 -6.42757
7.59 -6.43551
7.6 -6.44342
7.61 -6.45132
7.62 -6.45921
7.63 -6.46707
7.64 -6.47492
7.65 -6.48274
7.66 -6.49055
7.67 -6.49834
7.68 -6.50611
7.69 -6.51387
7.7 -6.5216
7.71 -6.52931
7.72 -6.537
7.73 -6.54467
7.74 -6.55232
7.75 -6.55995
7.76 -6.56756
7.77 -6.57514
7.78 -6.58271
7.79 -6.59025
7.8 -6.59777
7.81 -6.60527
7.82 -6.61275
7.83 -6.62021
7.84 -6.62764
7.85 -6.63505
7.86 -6.64244
7.87 -6.64981
7.88 -6.65715
7.89 -6.66447
7.9 -6.67177
7.91 -6.67905
7.92 -6.6863
7.93 -6.69353
7.94 -6.70074
7.95 -6.70792
7.96 -6.71509
7.97 -6.72222
7.98 -6.72934
7.99 -6.73643
8 -6.7435
8.01 -6.75055
8.02 -6.75757
8.03 -6.76457
8.04 -6.77155
8.05 -6.7785
8.06 -6.78544
8.07 -6.79234
8.08 -6.79923
8.09 -6.80609
8.1 -6.81293
8.11 -6.81975
8.12 -6.82654
8.13 -6.83331
8.14 -6.84006
8.15 -6.84678
8.16 -6.85348
8.17 -6.86016
8.18 -6.86682
8.19 -6.87345
8.2 -6.88006
8.21 -6.88665
8.22 -6.89321
8.23 -6.89975
8.24 -6.90627
8.25 -6.91277
8.26 -6.91924
8.27 -6.92569
8.28 -6.93212
8.29 -6.93853
8.3 -6.94491
8.31 -6.95128
8.32 -6.95761
8.33 -6.96393
8.34 -6.97023
8.35 -6.9765
8.36 -6.98275
8.37 -6.98898
8.38 -6.99518
8.39 -7.00137
8.4 -7.00753
8.41 -7.01367
8.42 -7.01979
8.43 -7.02588
8.44 -7.03196
8.45 -7.03801
8.46 -7.04404
8.47 -7.05005
8.48 -7.05604
8.49 -7.062
8.5 -7.06795
8.51 -7.07387
8.52 -7.07977
8.53 -7.08565
8.54 -7.09151
8.55 -7.09734
8.56 -7.10316
8.57 -7.10895
8.58 -7.11472
8.59 -7.12047
8.6 -7.1262
8.61 -7.13191
8.62 -7.1376
8.63 -7.14326
8.64 -7.14891
8.65 -7.15453
8.66 -7.16014
8.67 -7.16572
8.68 -7.17128
8.69 -7.17682
8.7 -7.18234
8.71 -7.18784
8.72 -7.19331
8.73 -7.19877
8.74 -7.2042
8.75 -7.20962
8.76 -7.21501
8.77 -7.22039
8.78 -7.22574
8.79 -7.23108
8.8 -7.23639
8.81 -7.24168
8.82 -7.24695
8.83 -7.2522
8.84 -7.25743
8.85 -7.26264
8.86 -7.26783
8.87 -7.273
8.88 -7.27816
8.89 -7.28329
8.9 -7.2884
8.91 -7.29349
8.92 -7.29856
8.93 -7.30361
8.94 -7.30864
8.95 -7.31365
8.96 -7.31864
8.97 -7.32361
8.98 -7.32856
8.99 -7.33349
9 -7.3384
9.01 -7.3433
9.02 -7.34817
9.03 -7.35303
9.04 -7.35786
9.05 -7.36268
9.06 -7.36747
9.07 -7.37225
9.08 -7.37701
9.09 -7.38174
9.1 -7.38646
9.11 -7.39117
9.12 -7.39585
9.13 -7.40051
9.14 -7.40515
9.15 -7.40978
9.16 -7.41439
9.17 -7.41898
9.18 -7.42354
9.19 -7.4281
9.2 -7.43263
9.21 -7.43714
9.22 -7.44164
9.23 -7.44612
9.24 -7.45058
9.25 -7.45502
9.26 -7.45944
9.27 -7.46385
9.28 -7.46824
9.29 -7.47261
9.3 -7.47696
9.31 -7.48129
9.32 -7.48561
9.33 -7.48991
9.34 -7.49419
9.35 -7.49845
9.36 -7.5027
9.37 -7.50693
9.38 -7.51114
9.39 -7.51534
9.4 -7.51952
9.41 -7.52368
9.42 -7.52782
9.43 -7.53195
9.44 -7.53606
9.45 -7.54015
9.46 -7.54423
9.47 -7.54829
9.48 -7.55234
9.49 -7.55637
9.5 -7.56038
9.51 -7.56437
9.52 -7.56835
9.53 -7.57231
9.54 -7.57626
9.55 -7.58019
9.56 -7.58411
9.57 -7.58801
9.58 -7.59189
9.59 -7.59576
9.6 -7.59961
9.61 -7.60345
9.62 -7.60727
9.63 -7.61107
9.64 -7.61486
9.65 -7.61864
9.66 -7.6224
9.67 -7.62615
9.68 -7.62988
9.69 -7.63359
9.7 -7.63729
9.71 -7.64098
9.72 -7.64465
9.73 -7.6483
9.74 -7.65195
9.75 -7.65557
9.76 -7.65919
9.77 -7.66279
9.78 -7.66637
9.79 -7.66994
9.8 -7.6735
9.81 -7.67704
9.82 -7.68057
9.83 -7.68408
9.84 -7.68758
9.85 -7.69107
9.86 -7.69454
9.87 -7.698
9.88 -7.70145
9.89 -7.70488
9.9 -7.7083
9.91 -7.71171
9.92 -7.7151
9.93 -7.71848
9.94 -7.72185
9.95 -7.7252
9.96 -7.72854
9.97 -7.73187
9.98 -7.73519
9.99 -7.73849
10 -7.74178
10.001 -10
