0 5
0.01 4.31146
0.02 4.31328
0.03 4.31513
0.04 4.317
0.05 4.31889
0.06 4.32081
0.07 4.32276
0.08 4.32473
0.09 4.32673
0.1 4.32876
0.11 4.33082
0.12 4.3329
0.13 4.33501
0.14 4.33715
0.15 4.33932
0.16 4.34152
0.17 4.34374
0.18 4.346
0.19 4.34828
0.2 4.3506
0.21 4.35295
0.22 4.35532
0.23 4.35773
0.24 4.36017
0.25 4.36264
0.26 4.36514
0.27 4.36767
0.28 4.37024
0.29 4.37283
0.3 4.37546
0.31 4.37812
0.32 4.38082
0.33 4.38355
0.34 4.38631
0.35 4.38911
0.36 4.39194
0.37 4.3948
0.38 4.3977
0.39 4.40064
0.4 4.40361
0.41 4.40661
0.42 4.40965
0.43 4.41273
0.44 4.41584
0.45 4.41899
0.46 4.42217
0.47 4.4254
0.48 4.42866
0.49 4.43195
0.5 4.43529
0.51 4.43866
0.52 4.44208
0.53 4.44553
0.54 4.44902
0.55 4.45255
0.56 4.45613
0.57 4.45974
0.58 4.4634
0.59 4.46709
0.6 4.47083
0.61 4.47462
0.62 4.47844
0.63 4.48231
0.64 4.48623
0.65 4.49019
0.66 4.49419
0.67 4.49825
0.68 4.50235
0.69 4.5065
0.7 4.51069
0.71 4.51494
0.72 4.51924
0.73 4.52359
0.74 4.52799
0.75 4.53244
0.76 4.53695
0.77 4.54152
0.78 4.54614
0.79 4.55081
0.8 4.55555
0.81 4.56034
0.82 4.5652
0.83 4.57012
0.84 4.5751
0.85 4.58014
0.86 4.58525
0.87 4.59042
0.88 4.59567
0.89 4.60098
0.9 4.60636
0.91 4.61181
0.92 4.61734
0.93 4.62294
0.94 4.62861
0.95 4.63437
0.96 4.6402
0.97 4.64611
0.98 4.6521
0.99 4.65817
1 4.66433
1.01 4.67057
1.02 4.6769
1.03 4.68332
1.04 4.68982
1.05 4.69641
1.06 4.7031
1.07 4.70987
1.08 4.71674
1.09 4.72371
1.1 4.73076
1.11 4.73792
1.12 4.74517
1.13 4.75252
1.14 4.75996
1.15 4.7675
1.16 4.77515
1.17 4.78289
1.18 4.79073
1.19 4.79867
1.2 4.8067
1.21 4.81484
1.22 4.82308
1.23 4.83141
1.24 4.83984
1.25 4.84837
1.26 4.85699
1.27 4.86571
1.28 4.87452
1.29 4.88342
1.3 4.89242
1.31 4.9015
1.32 4.91067
1.33 4.91992
1.34 4.92926
1.35 4.93867
1.36 4.94816
1.37 4.95773
1.38 4.96736
1.39 4.97707
1.4 4.98683
1.41 4.99666
1.42 5.00655
1.43 5.01649
1.44 5.02648
1.45 5.03652
1.46 5.04659
1.47 5.05671
1.48 5.06685
1.49 5.07703
1.5 5.08723
1.51 5.09744
1.52 5.10768
1.53 5.11792
1.54 5.12817
1.55 5.13841
1.56 5.14866
1.57 5.15889
1.58 5.16911
1.59 5.17931
1.6 5.18949
1.61 5.19965
1.62 5.20977
1.63 5.21985
1.64 5.22989
1.65 5.23989
1.66 5.24985
1.67 5.25974
1.68 5.26959
1.69 5.27937
1.7 5.28909
1.71 5.29874
1.72 5.30832
1.73 5.31783
1.74 5.32727
1.75 5.33663
1.76 5.3459
1.77 5.35509
1.78 5.3642
1.79 5.37322
1.8 5.38215
1.81 5.39099
1.82 5.39974
1.83 5.40839
1.84 5.41695
1.85 5.42541
1.86 5.43378
1.87 5.44205
1.88 5.45022
1.89 5.45829
1.9 5.46626
1.91 5.47413
1.92 5.4819
1.93 5.48957
1.94 5.49714
1.95 5.50461
1.96 5.51198
1.97 5.51926
1.98 5.52643
1.99 5.53351
2 5.54049
2.01 5.54737
2.02 5.55415
2.03 5.56084
2.04 5.56744
2.05 5.57394
2.06 5.58035
2.07 5.58667
2.08 5.59289
2.09 5.59903
2.1 5.60508
2.11 5.61104
2.12 5.61691
2.13 5.6227
2.14 5.6284
2.15 5.63402
2.16 5.63956
2.17 5.64502
2.18 5.65039
2.19 5.65569
2.2 5.66092
2.21 5.66606
2.22 5.67113
2.23 5.67613
2.24 5.68106
2.25 5.68591
2.26 5.6907
2.27 5.69541
2.28 5.70006
2.29 5.70464
2.3 5.70916
2.31 5.71361
2.32 5.718
2.33 5.72233
2.34 5.7266
2.35 5.7308
2.36 5.73495
2.37 5.73904
2.38 5.74308
2.39 5.74706
2.4 5.75098
2.41 5.75485
2.42 5.75867
2.43 5.76244
2.44 5.76616
2.45 5.76983
2.46 5.77345
2.47 5.77702
2.48 5.78055
2.49 5.78403
2.5 5.78746
2.51 5.79086
2.52 5.7942
2.53 5.79751
2.54 5.80078
2.55 5.804
2.56 5.80718
2.57 5.81033
2.58 5.81344
2.59 5.81651
2.6 5.81954
2.61 5.82254
2.62 5.8255
2.63 5.82843
2.64 5.83132
2.65 5.83418
2.66 5.83701
2.67 5.8398
2.68 5.84257
2.69 5.8453
2.7 5.848
2.71 5.85068
2.72 5.85332
2.73 5.85594
2.74 5.85853
2.75 5.86109
2.76 5.86363
2.77 5.86614
2.78 5.86862
2.79 5.87108
2.8 5.87352
2.81 5.87593
2.82 5.87831
2.83 5.88068
2.84 5.88302
2.85 5.88534
2.86 5.88764
2.87 5.88992
2.88 5.89217
2.89 5.89441
2.9 5.89662
2.91 5.89882
2.92 5.901
2.93 5.90316
2.94 5.9053
2.95 5.90742
2.96 5.90952
2.97 5.91161
2.98 5.91368
2.99 5.91574
3 5.91778
3.01 5.9198
3.02 5.92181
3.03 5.9238
3.04 5.92578
3.05 5.92774
3.06 5.92969
3.07 5.93163
3.08 5.93355
3.09 5.93546
3.1 5.93735
3.11 5.93924
3.12 5.94111
3.13 5.94297
3.14 5.94481
3.15 5.94665
3.16 5.94847
3.17 5.95029
3.18 5.95209
3.19 5.95388
3.2 5.95566
3.21 5.95744
3.22 5.9592
3.23 5.96095
3.24 5.96269
3.25 5.96443
3.26 5.96615
3.27 5.96787
3.28 5.96958
3.29 5.97128
3.3 5.97297
3.31 5.97465
3.32 5.97633
3.33 5.978
3.34 5.97966
3.35 5.98131
3.36 5.98296
3.37 5.9846
3.38 5.98624
3.39 5.98786
3.4 5.98949
3.41 5.9911
3.42 5.99271
3.43 5.99432
3.44 5.99591
3.45 5.99751
3.46 5.99909
3.47 6.00068
3.48 6.00226
3.49 6.00383
3.5 6.0054
3.51 6.00696
3.52 6.00852
3.53 6.01008
3.54 6.01163
3.55 6.01317
3.56 6.01472
3.57 6.01626
3.58 6.01779
3.59 6.01932
3.6 6.02085
3.61 6.02238
3.62 6.0239
3.63 6.02542
3.64 6.02694
3.65 6.02845
3.66 6.02996
3.67 6.03147
3.68 6.03298
3.69 6.03448
3.7 6.03598
3.71 6.03748
3.72 6.03898
3.73 6.04048
3.74 6.04197
3.75 6.04346
3.76 6.04495
3.77 6.04644
3.78 6.04792
3.79 6.04941
3.8 6.05089
3.81 6.05238
3.82 6.05386
3.83 6.05534
3.84 6.05681
3.85 6.05829
3.86 6.05977
3.87 6.06124
3.88 6.06272
3.89 6.06419
3.9 6.06567
3.91 6.06714
3.92 6.06861
3.93 6.07009
3.94 6.07156
3.95 6.07303
3.96 6.0745
3.97 6.07597
3.98 6.07744
3.99 6.07891
4 6.08038
4.01 6.08185
4.02 6.08332
4.03 6.08479
4.04 6.08626
4.05 6.08773
4.06 6.0892
4.07 6.09067
4.08 6.09214
4.09 6.09361
4.1 6.09508
4.11 6.09656
4.12 6.09803
4.13 6.0995
4.14 6.10097
4.15 6.10245
4.16 6.10392
4.17 6.1054
4.18 6.10687
4.19 6.10835
4.2 6.10983
4.21 6.1113
4.22 6.11278
4.23 6.11426
4.24 6.11574
4.25 6.11722
4.26 6.1187
4.27 6.12019
4.28 6.12167
4.29 6.12315
4.3 6.12464
4.31 6.12613
4.32 6.12761
4.33 6.1291
4.34 6.13059
4.35 6.13208
4.36 6.13357
4.37 6.13507
4.38 6.13656
4.39 6.13806
4.4 6.13955
4.41 6.14105
4.42 6.14255
4.43 6.14405
4.44 6.14555
4.45 6.14705
4.46 6.14856
4.47 6.15006
4.48 6.15157
4.49 6.15308
4.5 6.15459
4.51 6.1561
4.52 6.15761
4.53 6.15912
4.54 6.16064
4.55 6.16216
4.56 6.16368
4.57 6.1652
4.58 6.16672
4.59 6.16824
4.6 6.16977
4.61 6.1713
4.62 6.17283
4.63 6.17436
4.64 6.17589
4.65 6.17742
4.66 6.17896
4.67 6.1805
4.68 6.18204
4.69 6.18358
4.7 6.18513
4.71 6.18668
4.72 6.18822
4.73 6.18978
4.74 6.19133
4.75 6.19289
4.76 6.19444
4.77 6.19601
4.78 6.19757
4.79 6.19914
4.8 6.2007
4.81 6.20228
4.82 6.20385
4.83 6.20543
4.84 6.20701
4.85 6.20859
4.86 6.21018
4.87 6.21176
4.88 6.21336
4.89 6.21495
4.9 6.21655
4.91 6.21815
4.92 6.21976
4.93 6.22136
4.94 6.22298
4.95 6.22459
4.96 6.22621
4.97 6.22783
4.98 6.22946
4.99 6.23109
5 6.23272
5.01 6.23436
5.02 6.236
5.03 6.23765
5.04 6.2393
5.05 6.24096
5.06 6.24261
5.07 6.24428
5.08 6.24595
5.09 6.24762
5.1 6.24929
5.11 6.25097
5.12 6.25266
5.13 6.25435
5.14 6.25605
5.15 6.25775
5.16 6.25945
5.17 6.26116
5.18 6.26287
5.19 6.26459
5.2 6.26631
5.21 6.26804
5.22 6.26978
5.23 6.27151
5.24 6.27326
5.25 6.275
5.26 6.27676
5.27 6.27851
5.28 6.28027
5.29 6.28204
5.3 6.28381
5.31 6.28559
5.32 6.28737
5.33 6.28915
5.34 6.29094
5.35 6.29273
5.36 6.29453
5.37 6.29633
5.38 6.29813
5.39 6.29994
5.4 6.30175
5.41 6.30356
5.42 6.30538
5.43 6.3072
5.44 6.30902
5.45 6.31085
5.46 6.31267
5.47 6.3145
5.48 6.31633
5.49 6.31816
5.5 6.32
5.51 6.32183
5.52 6.32366
5.53 6.3255
5.54 6.32733
5.55 6.32916
5.56 6.33099
5.57 6.33282
5.58 6.33465
5.59 6.33647
5.6 6.33829
5.61 6.34011
5.62 6.34192
5.63 6.34373
5.64 6.34554
5.65 6.34733
5.66 6.34912
5.67 6.3509
5.68 6.35268
5.69 6.35445
5.7 6.3562
5.71 6.35795
5.72 6.35968
5.73 6.36141
5.74 6.36312
5.75 6.36482
5.76 6.3665
5.77 6.36817
5.78 6.36982
5.79 6.37146
5.8 6.37307
5.81 6.37467
5.82 6.37625
5.83 6.37781
5.84 6.37934
5.85 6.38086
5.86 6.38235
5.87 6.38381
5.88 6.38525
5.89 6.38665
5.9 6.38803
5.91 6.38939
5.92 6.3907
5.93 6.39199
5.94 6.39325
5.95 6.39446
5.96 6.39565
5.97 6.39679
5.98 6.3979
5.99 6.39896
6 6.39999
6.01 6.40097
6.02 6.40191
6.03 6.4028
6.04 6.40365
6.05 6.40444
6.06 6.40519
6.07 6.40589
6.08 6.40653
6.09 6.40712
6.1 6.40766
6.11 6.40814
6.12 6.40856
6.13 6.40892
6.14 6.40922
6.15 6.40946
6.16 6.40963
6.17 6.40974
6.18 6.40978
6.19 6.40976
6.2 6.40966
6.21 6.4095
6.22 6.40926
6.23 6.40895
6.24 6.40857
6.25 6.40811
6.26 6.40757
6.27 6.40696
6.28 6.40627
6.29 6.4055
6.3 6.40464
6.31 6.4037
6.32 6.40268
6.33 6.40158
6.34 6.40039
6.35 6.39911
6.36 6.39775
6.37 6.3963
6.38 6.39476
6.39 6.39313
6.4 6.39141
6.41 6.3896
6.42 6.3877
6.43 6.3857
6.44 6.38362
6.45 6.38144
6.46 6.37916
6.47 6.37679
6.48 6.37433
6.49 6.37178
6.5 6.36913
6.51 6.36638
6.52 6.36355
6.53 6.36061
6.54 6.35758
6.55 6.35446
6.56 6.35125
6.57 6.34794
6.58 6.34454
6.59 6.34104
6.6 6.33745
6.61 6.33377
6.62 6.33
6.63 6.32614
6.64 6.32219
6.65 6.31814
6.66 6.31401
6.67 6.3098
6.68 6.30549
6.69 6.30111
6.7 6.29663
6.71 6.29208
6.72 6.28744
6.73 6.28272
6.74 6.27792
6.75 6.27305
6.76 6.26809
6.77 6.26307
6.78 6.25797
6.79 6.25279
6.8 6.24755
6.81 6.24223
6.82 6.23685
6.83 6.23141
6.84 6.2259
6.85 6.22033
6.86 6.21469
6.87 6.209
6.88 6.20325
6.89 6.19745
6.9 6.1916
6.91 6.18569
6.92 6.17973
6.93 6.17373
6.94 6.16768
6.95 6.16159
6.96 6.15546
6.97 6.14928
6.98 6.14307
6.99 6.13683
7 6.13054
7.01 6.12423
7.02 6.11789
7.03 6.11152
7.04 6.10512
7.05 6.0987
7.06 6.09225
7.07 6.08579
7.08 6.07931
7.09 6.07281
7.1 6.06629
7.11 6.05976
7.12 6.05322
7.13 6.04666
7.14 6.0401
7.15 6.03354
7.16 6.02696
7.17 6.02039
7.18 6.01381
7.19 6.00723
7.2 6.00065
7.21 5.99407
7.22 5.9875
7.23 5.98093
7.24 5.97437
7.25 5.96782
7.26 5.96128
7.27 5.95474
7.28 5.94822
7.29 5.94171
7.3 5.93521
7.31 5.92873
7.32 5.92226
7.33 5.91582
7.34 5.90939
7.35 5.90297
7.36 5.89658
7.37 5.89021
7.38 5.88386
7.39 5.87753
7.4 5.87123
7.41 5.86495
7.42 5.85869
7.43 5.85246
7.44 5.84625
7.45 5.84008
7.46 5.83393
7.47 5.8278
7.48 5.82171
7.49 5.81564
7.5 5.8096
7.51 5.8036
7.52 5.79762
7.53 5.79167
7.54 5.78576
7.55 5.77987
7.56 5.77402
7.57 5.7682
7.58 5.76241
7.59 5.75666
7.6 5.75094
7.61 5.74525
7.62 5.73959
7.63 5.73397
7.64 5.72838
7.65 5.72282
7.66 5.7173
7.67 5.71181
7.68 5.70636
7.69 5.70094
7.7 5.69556
7.71 5.69021
7.72 5.68489
7.73 5.67961
7.74 5.67436
7.75 5.66915
7.76 5.66397
7.77 5.65883
7.78 5.65372
7.79 5.64864
7.8 5.6436
7.81 5.6386
7.82 5.63363
7.83 5.62869
7.84 5.62378
7.85 5.61891
7.86 5.61408
7.87 5.60928
7.88 5.60451
7.89 5.59977
7.9 5.59507
7.91 5.5904
7.92 5.58577
7.93 5.58117
7.94 5.5766
7.95 5.57206
7.96 5.56756
7.97 5.56309
7.98 5.55865
7.99 5.55424
8 5.54987
8.01 5.54552
8.02 5.54121
8.03 5.53693
8.04 5.53268
8.05 5.52846
8.06 5.52428
8.07 5.52012
8.08 5.516
8.09 5.5119
8.1 5.50783
8.11 5.5038
8.12 5.49979
8.13 5.49582
8.14 5.49187
8.15 5.48795
8.16 5.48406
8.17 5.4802
8.18 5.47637
8.19 5.47257
8.2 5.46879
8.21 5.46504
8.22 5.46132
8.23 5.45763
8.24 5.45396
8.25 5.45033
8.26 5.44672
8.27 5.44313
8.28 5.43957
8.29 5.43604
8.3 5.43254
8.31 5.42906
8.32 5.4256
8.33 5.42217
8.34 5.41877
8.35 5.41539
8.36 5.41204
8.37 5.40871
8.38 5.4054
8.39 5.40212
8.4 5.39887
8.41 5.39564
8.42 5.39243
8.43 5.38924
8.44 5.38608
8.45 5.38294
8.46 5.37983
8.47 5.37674
8.48 5.37366
8.49 5.37062
8.5 5.36759
8.51 5.36459
8.52 5.36161
8.53 5.35864
8.54 5.35571
8.55 5.35279
8.56 5.34989
8.57 5.34702
8.58 5.34416
8.59 5.34132
8.6 5.33851
8.61 5.33572
8.62 5.33294
8.63 5.33019
8.64 5.32745
8.65 5.32474
8.66 5.32204
8.67 5.31936
8.68 5.31671
8.69 5.31407
8.7 5.31145
8.71 5.30884
8.72 5.30626
8.73 5.30369
8.74 5.30114
8.75 5.29861
8.76 5.2961
8.77 5.29361
8.78 5.29113
8.79 5.28867
8.8 5.28622
8.81 5.2838
8.82 5.28138
8.83 5.27899
8.84 5.27661
8.85 5.27425
8.86 5.27191
8.87 5.26958
8.88 5.26726
8.89 5.26496
8.9 5.26268
8.91 5.26041
8.92 5.25816
8.93 5.25592
8.94 5.2537
8.95 5.25149
8.96 5.2493
8.97 5.24712
8.98 5.24496
8.99 5.24281
9 5.24067
9.01 5.23855
9.02 5.23644
9.03 5.23434
9.04 5.23226
9.05 5.2302
9.06 5.22814
9.07 5.2261
9.08 5.22407
9.09 5.22205
9.1 5.22005
9.11 5.21806
9.12 5.21608
9.13 5.21412
9.14 5.21216
9.15 5.21022
9.16 5.20829
9.17 5.20637
9.18 5.20447
9.19 5.20257
9.2 5.20069
9.21 5.19882
9.22 5.19696
9.23 5.19511
9.24 5.19328
9.25 5.19145
9.26 5.18963
9.27 5.18783
9.28 5.18603
9.29 5.18425
9.3 5.18248
9.31 5.18071
9.32 5.17896
9.33 5.17722
9.34 5.17549
9.35 5.17376
9.36 5.17205
9.37 5.17035
9.38 5.16865
9.39 5.16697
9.4 5.16529
9.41 5.16363
9.42 5.16197
9.43 5.16033
9.44 5.15869
9.45 5.15706
9.46 5.15544
9.47 5.15383
9.48 5.15223
9.49 5.15063
9.5 5.14905
9.51 5.14747
9.52 5.1459
9.53 5.14434
9.54 5.14279
9.55 5.14125
9.56 5.13971
9.57 5.13819
9.58 5.13667
9.59 5.13515
9.6 5.13365
9.61 5.13215
9.62 5.13067
9.63 5.12918
9.64 5.12771
9.65 5.12624
9.66 5.12478
9.67 5.12333
9.68 5.12189
9.69 5.12045
9.7 5.11902
9.71 5.1176
9.72 5.11618
9.73 5.11477
9.74 5.11337
9.75 5.11197
9.76 5.11058
9.77 5.1092
9.78 5.10782
9.79 5.10645
9.8 5.10509
9.81 5.10373
9.82 5.10238
9.83 5.10104
9.84 5.0997
9.85 5.09836
9.86 5.09704
9.87 5.09572
9.88 5.0944
9.89 5.09309
9.9 5.09179
9.91 5.0905
9.92 5.0892
9.93 5.08792
9.94 5.08664
9.95 5.08537
9.96 5.0841
9.97 5.08283
9.98 5.08158
9.99 5.08032
10 5.07908
10.001 5
