0 0
0.01 0.202922
0.02 0.200306
0.03 0.197688
0.04 0.195068
0.05 0.192447
0.06 0.189824
0.07 0.187202
0.08 0.184579
0.09 0.181957
0.1 0.179336
0.11 0.176716
0.12 0.174099
0.13 0.171484
0.14 0.168872
0.15 0.166264
0.16 0.163661
0.17 0.161063
0.18 0.15847
0.19 0.155883
0.2 0.153304
0.21 0.150732
0.22 0.148168
0.23 0.145614
0.24 0.143069
0.25 0.140534
0.26 0.138011
0.27 0.1355
0.28 0.133002
0.29 0.130517
0.3 0.128046
0.31 0.125591
0.32 0.123152
0.33 0.120729
0.34 0.118325
0.35 0.115939
0.36 0.113572
0.37 0.111226
0.38 0.108901
0.39 0.106599
0.4 0.10432
0.41 0.102065
0.42 0.0998354
0.43 0.0976318
0.44 0.0954554
0.45 0.0933071
0.46 0.091188
0.47 0.089099
0.48 0.0870413
0.49 0.0850158
0.5 0.0830236
0.51 0.0810657
0.52 0.0791431
0.53 0.077257
0.54 0.0754084
0.55 0.0735984
0.56 0.071828
0.57 0.0700983
0.58 0.0684104
0.59 0.0667653
0.6 0.0651641
0.61 0.0636079
0.62 0.0620977
0.63 0.0606347
0.64 0.0592198
0.65 0.0578541
0.66 0.0565386
0.67 0.0552745
0.68 0.0540627
0.69 0.0529042
0.7 0.0518
0.71 0.0507512
0.72 0.0497587
0.73 0.0488235
0.74 0.0479465
0.75 0.0471286
0.76 0.0463708
0.77 0.045674
0.78 0.045039
0.79 0.0444666
0.8 0.0439577
0.81 0.0435131
0.82 0.0431336
0.83 0.0428198
0.84 0.0425725
0.85 0.0423924
0.86 0.04228
0.87 0.0422361
0.88 0.0422611
0.89 0.0423556
0.9 0.04252
0.91 0.0427549
0.92 0.0430606
0.93 0.0434374
0.94 0.0438857
0.95 0.0444057
0.96 0.0449976
0.97 0.0456616
0.98 0.0463977
0.99 0.047206
1 0.0480865
1.01 0.049039
1.02 0.0500635
1.03 0.0511597
1.04 0.0523274
1.05 0.0535663
1.06 0.0548758
1.07 0.0562557
1.08 0.0577053
1.09 0.0592241
1.1 0.0608113
1.11 0.0624664
1.12 0.0641884
1.13 0.0659765
1.14 0.0678297
1.15 0.0697472
1.16 0.0717277
1.17 0.0737702
1.18 0.0758736
1.19 0.0780365
1.2 0.0802576
1.21 0.0825357
1.22 0.0848692
1.23 0.0872568
1.24 0.0896969
1.25 0.0921881
1.26 0.0947286
1.27 0.0973169
1.28 0.0999514
1.29 0.10263
1.3 0.105352
1.31 0.108115
1.32 0.110918
1.33 0.113758
1.34 0.116634
1.35 0.119544
1.36 0.122488
1.37 0.125462
1.38 0.128465
1.39 0.131497
1.4 0.134554
1.41 0.137636
1.42 0.140742
1.43 0.143869
1.44 0.147017
1.45 0.150184
1.46 0.153369
1.47 0.156571
1.48 0.159788
1.49 0.16302
1.5 0.166266
1.51 0.169524
1.52 0.172795
1.53 0.176077
1.54 0.179369
1.55 0.182672
1.56 0.185984
1.57 0.189305
1.58 0.192635
1.59 0.195974
1.6 0.199321
1.61 0.202676
1.62 0.20604
1.63 0.209411
1.64 0.212791
1.65 0.216178
1.66 0.219574
1.67 0.222979
1.68 0.226391
1.69 0.229813
1.7 0.233244
1.71 0.236684
1.72 0.240134
1.73 0.243593
1.74 0.247063
1.75 0.250543
1.76 0.254034
1.77 0.257536
1.78 0.26105
1.79 0.264575
1.8 0.268112
1.81 0.271662
1.82 0.275224
1.83 0.278799
1.84 0.282387
1.85 0.285988
1.86 0.289602
1.87 0.29323
1.88 0.296871
1.89 0.300526
1.9 0.304195
1.91 0.307877
1.92 0.311574
1.93 0.315284
1.94 0.319008
1.95 0.322746
1.96 0.326497
1.97 0.330262
1.98 0.33404
1.99 0.337831
2 0.341636
2.01 0.345453
2.02 0.349282
2.03 0.353124
2.04 0.356978
2.05 0.360844
2.06 0.364721
2.07 0.368609
2.08 0.372508
2.09 0.376418
2.1 0.380337
2.11 0.384266
2.12 0.388205
2.13 0.392152
2.14 0.396108
2.15 0.400072
2.16 0.404044
2.17 0.408023
2.18 0.412008
2.19 0.416001
2.2 0.419999
2.21 0.424003
2.22 0.428012
2.23 0.432026
2.24 0.436044
2.25 0.440067
2.26 0.444093
2.27 0.448122
2.28 0.452153
2.29 0.456188
2.3 0.460224
2.31 0.464262
2.32 0.468301
2.33 0.472341
2.34 0.476381
2.35 0.480422
2.36 0.484463
2.37 0.488504
2.38 0.492543
2.39 0.496582
2.4 0.500619
2.41 0.504655
2.42 0.508689
2.43 0.512721
2.44 0.516751
2.45 0.520778
2.46 0.524802
2.47 0.528824
2.48 0.532842
2.49 0.536857
2.5 0.540869
2.51 0.544877
2.52 0.548881
2.53 0.552881
2.54 0.556877
2.55 0.560869
2.56 0.564857
2.57 0.56884
2.58 0.572819
2.59 0.576794
2.6 0.580764
2.61 0.58473
2.62 0.588691
2.63 0.592647
2.64 0.596599
2.65 0.600546
2.66 0.604489
2.67 0.608427
2.68 0.61236
2.69 0.616289
2.7 0.620214
2.71 0.624134
2.72 0.628049
2.73 0.631961
2.74 0.635868
2.75 0.639771
2.76 0.64367
2.77 0.647566
2.78 0.651457
2.79 0.655345
2.8 0.659229
2.81 0.66311
2.82 0.666987
2.83 0.670862
2.84 0.674733
2.85 0.678602
2.86 0.682468
2.87 0.686332
2.88 0.690193
2.89 0.694052
2.9 0.697909
2.91 0.701764
2.92 0.705618
2.93 0.709471
2.94 0.713322
2.95 0.717172
2.96 0.721022
2.97 0.724871
2.98 0.72872
2.99 0.732568
3 0.736417
3.01 0.740267
3.02 0.744116
3.03 0.747967
3.04 0.751819
3.05 0.755672
3.06 0.759527
3.07 0.763383
3.08 0.767242
3.09 0.771103
3.1 0.774966
3.11 0.778833
3.12 0.782702
3.13 0.786575
3.14 0.790451
3.15 0.794332
3.16 0.798216
3.17 0.802105
3.18 0.805999
3.19 0.809897
3.2 0.813801
3.21 0.817711
3.22 0.821626
3.23 0.825547
3.24 0.829474
3.25 0.833409
3.26 0.83735
3.27 0.841298
3.28 0.845254
3.29 0.849217
3.3 0.853189
3.31 0.857169
3.32 0.861157
3.33 0.865154
3.34 0.869161
3.35 0.873177
3.36 0.877203
3.37 0.881238
3.38 0.885284
3.39 0.889341
3.4 0.893409
3.41 0.897487
3.42 0.901577
3.43 0.905679
3.44 0.909793
3.45 0.91392
3.46 0.918059
3.47 0.92221
3.48 0.926375
3.49 0.930554
3.5 0.934746
3.51 0.938952
3.52 0.943173
3.53 0.947408
3.54 0.951658
3.55 0.955923
3.56 0.960204
3.57 0.9645
3.58 0.968812
3.59 0.973141
3.6 0.977486
3.61 0.981848
3.62 0.986227
3.63 0.990624
3.64 0.995038
3.65 0.99947
3.66 1.00392
3.67 1.00839
3.68 1.01288
3.69 1.01738
3.7 1.02191
3.71 1.02645
3.72 1.03102
3.73 1.0356
3.74 1.04021
3.75 1.04483
3.76 1.04948
3.77 1.05415
3.78 1.05883
3.79 1.06354
3.8 1.06827
3.81 1.07303
3.82 1.0778
3.83 1.0826
3.84 1.08742
3.85 1.09227
3.86 1.09713
3.87 1.10202
3.88 1.10693
3.89 1.11187
3.9 1.11683
3.91 1.12182
3.92 1.12682
3.93 1.13186
3.94 1.13692
3.95 1.142
3.96 1.14711
3.97 1.15224
3.98 1.1574
3.99 1.16258
4 1.16779
4.01 1.17302
4.02 1.17828
4.03 1.18357
4.04 1.18888
4.05 1.19422
4.06 1.19958
4.07 1.20497
4.08 1.21039
4.09 1.21584
4.1 1.22131
4.11 1.2268
4.12 1.23233
4.13 1.23788
4.14 1.24346
4.15 1.24906
4.16 1.2547
4.17 1.26036
4.18 1.26604
4.19 1.27176
4.2 1.2775
4.21 1.28327
4.22 1.28906
4.23 1.29488
4.24 1.30073
4.25 1.30661
4.26 1.31251
4.27 1.31844
4.28 1.3244
4.29 1.33038
4.3 1.3364
4.31 1.34243
4.32 1.3485
4.33 1.35459
4.34 1.36071
4.35 1.36685
4.36 1.37302
4.37 1.37922
4.38 1.38544
4.39 1.39169
4.4 1.39796
4.41 1.40426
4.42 1.41059
4.43 1.41694
4.44 1.42331
4.45 1.42971
4.46 1.43614
4.47 1.44258
4.48 1.44906
4.49 1.45556
4.5 1.46208
4.51 1.46862
4.52 1.47519
4.53 1.48178
4.54 1.4884
4.55 1.49504
4.56 1.5017
4.57 1.50838
4.58 1.51509
4.59 1.52181
4.6 1.52856
4.61 1.53533
4.62 1.54213
4.63 1.54894
4.64 1.55577
4.65 1.56263
4.66 1.5695
4.67 1.5764
4.68 1.58331
4.69 1.59025
4.7 1.5972
4.71 1.60418
4.72 1.61117
4.73 1.61818
4.74 1.62521
4.75 1.63226
4.76 1.63933
4.77 1.64641
4.78 1.65352
4.79 1.66064
4.8 1.66778
4.81 1.67494
4.82 1.68212
4.83 1.68931
4.84 1.69652
4.85 1.70375
4.86 1.71099
4.87 1.71826
4.88 1.72553
4.89 1.73283
4.9 1.74015
4.91 1.74748
4.92 1.75483
4.93 1.76219
4.94 1.76958
4.95 1.77698
4.96 1.78439
4.97 1.79183
4.98 1.79928
4.99 1.80675
5 1.81424
5.01 1.82175
5.02 1.82927
5.03 1.83682
5.04 1.84438
5.05 1.85196
5.06 1.85956
5.07 1.86718
5.08 1.87482
5.09 1.88248
5.1 1.89016
5.11 1.89786
5.12 1.90558
5.13 1.91332
5.14 1.92109
5.15 1.92887
5.16 1.93668
5.17 1.94451
5.18 1.95237
5.19 1.96025
5.2 1.96815
5.21 1.97608
5.22 1.98403
5.23 1.99201
5.24 2.00001
5.25 2.00804
5.26 2.0161
5.27 2.02418
5.28 2.0323
5.29 2.04044
5.3 2.04861
5.31 2.05681
5.32 2.06504
5.33 2.0733
5.34 2.0816
5.35 2.08992
5.36 2.09828
5.37 2.10667
5.38 2.1151
5.39 2.12355
5.4 2.13205
5.41 2.14058
5.42 2.14914
5.43 2.15774
5.44 2.16638
5.45 2.17505
5.46 2.18377
5.47 2.19252
5.48 2.20131
5.49 2.21014
5.5 2.21901
5.51 2.22792
5.52 2.23687
5.53 2.24586
5.54 2.2549
5.55 2.26397
5.56 2.27309
5.57 2.28225
5.58 2.29146
5.59 2.30071
5.6 2.31
5.61 2.31933
5.62 2.32871
5.63 2.33814
5.64 2.34761
5.65 2.35712
5.66 2.36668
5.67 2.37629
5.68 2.38594
5.69 2.39564
5.7 2.40538
5.71 2.41516
5.72 2.425
5.73 2.43488
5.74 2.4448
5.75 2.45477
5.76 2.46478
5.77 2.47484
5.78 2.48495
5.79 2.4951
5.8 2.50529
5.81 2.51553
5.82 2.52581
5.83 2.53614
5.84 2.54651
5.85 2.55692
5.86 2.56738
5.87 2.57787
5.88 2.58841
5.89 2.59899
5.9 2.60961
5.91 2.62027
5.92 2.63097
5.93 2.64171
5.94 2.65248
5.95 2.66329
5.96 2.67414
5.97 2.68503
5.98 2.69594
5.99 2.7069
6 2.71788
6.01 2.7289
6.02 2.73995
6.03 2.75103
6.04 2.76214
6.05 2.77328
6.06 2.78445
6.07 2.79564
6.08 2.80686
6.09 2.8181
6.1 2.82937
6.11 2.84066
6.12 2.85197
6.13 2.8633
6.14 2.87465
6.15 2.88602
6.16 2.8974
6.17 2.9088
6.18 2.92022
6.19 2.93165
6.2 2.94308
6.21 2.95453
6.22 2.96599
6.23 2.97746
6.24 2.98894
6.25 3.00042
6.26 3.01191
6.27 3.02339
6.28 3.03489
6.29 3.04638
6.3 3.05787
6.31 3.06936
6.32 3.08085
6.33 3.09233
6.34 3.10381
6.35 3.11528
6.36 3.12674
6.37 3.1382
6.38 3.14964
6.39 3.16107
6.4 3.17249
6.41 3.1839
6.42 3.19529
6.43 3.20666
6.44 3.21801
6.45 3.22935
6.46 3.24066
6.47 3.25196
6.48 3.26323
6.49 3.27448
6.5 3.2857
6.51 3.29689
6.52 3.30806
6.53 3.3192
6.54 3.33031
6.55 3.34139
6.56 3.35243
6.57 3.36344
6.58 3.37442
6.59 3.38536
6.6 3.39627
6.61 3.40713
6.62 3.41796
6.63 3.42874
6.64 3.43949
6.65 3.45019
6.66 3.46085
6.67 3.47146
6.68 3.48203
6.69 3.49255
6.7 3.50302
6.71 3.51344
6.72 3.52381
6.73 3.53413
6.74 3.5444
6.75 3.55461
6.76 3.56477
6.77 3.57488
6.78 3.58492
6.79 3.59491
6.8 3.60484
6.81 3.61471
6.82 3.62452
6.83 3.63427
6.84 3.64396
6.85 3.65358
6.86 3.66314
6.87 3.67263
6.88 3.68206
6.89 3.69141
6.9 3.70071
6.91 3.70993
6.92 3.71908
6.93 3.72816
6.94 3.73717
6.95 3.74611
6.96 3.75498
6.97 3.76377
6.98 3.77249
6.99 3.78114
7 3.78971
7.01 3.7982
7.02 3.80662
7.03 3.81496
7.04 3.82322
7.05 3.83141
7.06 3.83951
7.07 3.84754
7.08 3.85549
7.09 3.86336
7.1 3.87115
7.11 3.87886
7.12 3.88648
7.13 3.89403
7.14 3.9015
7.15 3.90888
7.16 3.91618
7.17 3.9234
7.18 3.93054
7.19 3.9376
7.2 3.94457
7.21 3.95146
7.22 3.95827
7.23 3.965
7.24 3.97164
7.25 3.9782
7.26 3.98468
7.27 3.99108
7.28 3.9974
7.29 4.00363
7.3 4.00978
7.31 4.01585
7.32 4.02184
7.33 4.02775
7.34 4.03358
7.35 4.03932
7.36 4.04499
7.37 4.05057
7.38 4.05608
7.39 4.06151
7.4 4.06685
7.41 4.07212
7.42 4.07731
7.43 4.08242
7.44 4.08746
7.45 4.09242
7.46 4.0973
7.47 4.1021
7.48 4.10683
7.49 4.11148
7.5 4.11606
7.51 4.12057
7.52 4.125
7.53 4.12935
7.54 4.13364
7.55 4.13785
7.56 4.14199
7.57 4.14605
7.58 4.15005
7.59 4.15398
7.6 4.15784
7.61 4.16163
7.62 4.16535
7.63 4.169
7.64 4.17258
7.65 4.1761
7.66 4.17955
7.67 4.18294
7.68 4.18626
7.69 4.18952
7.7 4.19271
7.71 4.19584
7.72 4.1989
7.73 4.20191
7.74 4.20485
7.75 4.20773
7.76 4.21055
7.77 4.21331
7.78 4.21601
7.79 4.21866
7.8 4.22124
7.81 4.22377
7.82 4.22624
7.83 4.22865
7.84 4.23101
7.85 4.23331
7.86 4.23556
7.87 4.23775
7.88 4.23989
7.89 4.24198
7.9 4.24401
7.91 4.24599
7.92 4.24792
7.93 4.2498
7.94 4.25163
7.95 4.2534
7.96 4.25513
7.97 4.25681
7.98 4.25844
7.99 4.26003
8 4.26156
8.01 4.26305
8.02 4.26449
8.03 4.26589
8.04 4.26724
8.05 4.26854
8.06 4.2698
8.07 4.27102
8.08 4.27219
8.09 4.27332
8.1 4.27441
8.11 4.27546
8.12 4.27646
8.13 4.27742
8.14 4.27834
8.15 4.27922
8.16 4.28006
8.17 4.28086
8.18 4.28163
8.19 4.28235
8.2 4.28303
8.21 4.28368
8.22 4.28429
8.23 4.28486
8.24 4.2854
8.25 4.2859
8.26 4.28636
8.27 4.28679
8.28 4.28718
8.29 4.28753
8.3 4.28786
8.31 4.28815
8.32 4.2884
8.33 4.28862
8.34 4.28881
8.35 4.28897
8.36 4.28909
8.37 4.28918
8.38 4.28924
8.39 4.28927
8.4 4.28927
8.41 4.28924
8.42 4.28918
8.43 4.28908
8.44 4.28896
8.45 4.28881
8.46 4.28863
8.47 4.28842
8.48 4.28819
8.49 4.28792
8.5 4.28763
8.51 4.28731
8.52 4.28696
8.53 4.28659
8.54 4.28619
8.55 4.28576
8.56 4.28531
8.57 4.28483
8.58 4.28433
8.59 4.2838
8.6 4.28325
8.61 4.28267
8.62 4.28207
8.63 4.28144
8.64 4.28079
8.65 4.28012
8.66 4.27942
8.67 4.27871
8.68 4.27797
8.69 4.2772
8.7 4.27642
8.71 4.27561
8.72 4.27478
8.73 4.27393
8.74 4.27306
8.75 4.27217
8.76 4.27125
8.77 4.27032
8.78 4.26937
8.79 4.26839
8.8 4.2674
8.81 4.26639
8.82 4.26536
8.83 4.26431
8.84 4.26324
8.85 4.26215
8.86 4.26104
8.87 4.25992
8.88 4.25878
8.89 4.25762
8.9 4.25644
8.91 4.25524
8.92 4.25403
8.93 4.2528
8.94 4.25156
8.95 4.2503
8.96 4.24902
8.97 4.24772
8.98 4.24641
8.99 4.24509
9 4.24374
9.01 4.24239
9.02 4.24102
9.03 4.23963
9.04 4.23823
9.05 4.23681
9.06 4.23538
9.07 4.23393
9.08 4.23247
9.09 4.231
9.1 4.22951
9.11 4.22801
9.12 4.2265
9.13 4.22497
9.14 4.22343
9.15 4.22188
9.16 4.22031
9.17 4.21873
9.18 4.21714
9.19 4.21554
9.2 4.21392
9.21 4.21229
9.22 4.21065
9.23 4.209
9.24 4.20734
9.25 4.20566
9.26 4.20398
9.27 4.20228
9.28 4.20057
9.29 4.19885
9.3 4.19712
9.31 4.19538
9.32 4.19363
9.33 4.19187
9.34 4.1901
9.35 4.18832
9.36 4.18653
9.37 4.18473
9.38 4.18291
9.39 4.18109
9.4 4.17926
9.41 4.17742
9.42 4.17558
9.43 4.17372
9.44 4.17185
9.45 4.16998
9.46 4.16809
9.47 4.1662
9.48 4.1643
9.49 4.16239
9.5 4.16047
9.51 4.15854
9.52 4.15661
9.53 4.15467
9.54 4.15271
9.55 4.15076
9.56 4.14879
9.57 4.14682
9.58 4.14484
9.59 4.14285
9.6 4.14085
9.61 4.13885
9.62 4.13684
9.63 4.13483
9.64 4.1328
9.65 4.13077
9.66 4.12874
9.67 4.12669
9.68 4.12464
9.69 4.12259
9.7 4.12052
9.71 4.11846
9.72 4.11638
9.73 4.1143
9.74 4.11221
9.75 4.11012
9.76 4.10802
9.77 4.10592
9.78 4.10381
9.79 4.1017
9.8 4.09958
9.81 4.09745
9.82 4.09532
9.83 4.09319
9.84 4.09104
9.85 4.0889
9.86 4.08675
9.87 4.08459
9.88 4.08243
9.89 4.08027
9.9 4.0781
9.91 4.07593
9.92 4.07375
9.93 4.07157
9.94 4.06938
9.95 4.06719
9.96 4.065
9.97 4.0628
9.98 4.0606
9.99 4.05839
10 4.05618
10.001 0
