0 -10
0.001 -4.75003
0.002 -4.75003
0.003 -4.75003
0.004 -4.75003
0.005 -4.75003
0.006 -4.75003
0.007 -4.75004
0.008 -4.75004
0.009 -4.75004
0.01 -4.75004
0.011 -4.75004
0.012 -4.75004
0.013 -4.75004
0.014 -4.75004
0.015 -4.75004
0.016 -4.75005
0.017 -4.75005
0.018 -4.75005
0.019 -4.75005
0.02 -4.75005
0.021 -4.75005
0.022 -4.75005
0.023 -4.75005
0.024 -4.75005
0.025 -4.75005
0.026 -4.75005
0.027 -4.75005
0.028 -4.75005
0.029 -4.75005
0.03 -4.75005
0.031 -4.75005
0.032 -4.75005
0.033 -4.75005
0.034 -4.75005
0.035 -4.75005
0.036 -4.75005
0.037 -4.75005
0.038 -4.75005
0.039 -4.75005
0.04 -4.75005
0.041 -4.75005
0.042 -4.75005
0.043 -4.75005
0.044 -4.75005
0.045 -4.75005
0.046 -4.75005
0.047 -4.75005
0.048 -4.75005
0.049 -4.75005
0.05 -4.75005
0.051 -4.75005
0.052 -4.75005
0.053 -4.75005
0.054 -4.75004
0.055 -4.75004
0.056 -4.75004
0.057 -4.75004
0.058 -4.75004
0.059 -4.75004
0.06 -4.75004
0.061 -4.75004
0.062 -4.75004
0.063 -4.75003
0.064 -4.75003
0.065 -4.75003
0.066 -4.75003
0.067 -4.75003
0.068 -4.75003
0.069 -4.75002
0.07 -4.75002
0.071 -4.75002
0.072 -4.75002
0.073 -4.75002
0.074 -4.75002
0.075 -4.75001
0.076 -4.75001
0.077 -4.75001
0.078 -4.75001
0.079 -4.75001
0.08 -4.75
0.081 -4.75
0.082 -4.75
0.083 -4.75
0.084 -4.74999
0.085 -4.74999
0.086 -4.74999
0.087 -4.74999
0.088 -4.74998
0.089 -4.74998
0.09 -4.74998
0.091 -4.74998
0.092 -4.74997
0.093 -4.74997
0.094 -4.74997
0.095 -4.74996
0.096 -4.74996
0.097 -4.74996
0.098 -4.74995
0.099 -4.74995
0.1 -4.74995
0.101 -4.74994
0.102 -4.74994
0.103 -4.74994
0.104 -4.74993
0.105 -4.74993
0.106 -4.74993
0.107 -4.74992
0.108 -4.74992
0.109 -4.74992
0.11 -4.74991
0.111 -4.74991
0.112 -4.74991
0.113 -4.7499
0.114 -4.7499
0.115 -4.74989
0.116 -4.74989
0.117 -4.74989
0.118 -4.74988
0.119 -4.74988
0.12 -4.74987
0.121 -4.74987
0.122 -4.74986
0.123 -4.74986
0.124 -4.74986
0.125 -4.74985
0.126 -4.74985
0.127 -4.74984
0.128 -4.74984
0.129 -4.74983
0.13 -4.74983
0.131 -4.74982
0.132 -4.74982
0.133 -4.74981
0.134 -4.74981
0.135 -4.7498
0.136 -4.7498
0.137 -4.74979
0.138 -4.74979
0.139 -4.74978
0.14 -4.74978
0.141 -4.74977
0.142 -4.74977
0.143 -4.74976
0.144 -4.74976
0.145 -4.74975
0.146 -4.74974
0.147 -4.74974
0.148 -4.74973
0.149 -4.74973
0.15 -4.74972
0.151 -4.74972
0.152 -4.74971
0.153 -4.7497
0.154 -4.7497
0.155 -4.74969
0.156 -4.74969
0.157 -4.74968
0.158 -4.74967
0.159 -4.74967
0.16 -4.74966
0.161 -4.74966
0.162 -4.74965
0.163 -4.74964
0.164 -4.74964
0.165 -4.74963
0.166 -4.74962
0.167 -4.74962
0.168 -4.74961
0.169 -4.7496
0.17 -4.7496
0.171 -4.74959
0.172 -4.74958
0.173 -4.74958
0.174 -4.74957
0.175 -4.74956
0.176 -4.74955
0.177 -4.74955
0.178 -4.74954
0.179 -4.74953
0.18 -4.74953
0.181 -4.74952
0.182 -4.74951
0.183 -4.7495
0.184 -4.7495
0.185 -4.74949
0.186 -4.74948
0.187 -4.74947
0.188 -4.74947
0.189 -4.74946
0.19 -4.74945
0.191 -4.74944
0.192 -4.74943
0.193 -4.74943
0.194 -4.74942
0.195 -4.74941
0.196 -4.7494
0.197 -4.74939
0.198 -4.74939
0.199 -4.74938
0.2 -4.74937
0.201 -4.74936
0.202 -4.74935
0.203 -4.74934
0.204 -4.74934
0.205 -4.74933
0.206 -4.74932
0.207 -4.74931
0.208 -4.7493
0.209 -4.74929
0.21 -4.74928
0.211 -4.74927
0.212 -4.74927
0.213 -4.74926
0.214 -4.74925
0.215 -4.74924
0.216 -4.74923
0.217 -4.74922
0.218 -4.74921
0.219 -4.7492
0.22 -4.74919
0.221 -4.74918
0.222 -4.74917
0.223 -4.74917
0.224 -4.74916
0.225 -4.74915
0.226 -4.74914
0.227 -4.74913
0.228 -4.74912
0.229 -4.74911
0.23 -4.7491
0.231 -4.74909
0.232 -4.74908
0.233 -4.74907
0.234 -4.74906
0.235 -4.74905
0.236 -4.74904
0.237 -4.74903
0.238 -4.74902
0.239 -4.74901
0.24 -4.749
0.241 -4.74899
0.242 -4.74898
0.243 -4.74897
0.244 -4.74896
0.245 -4.74895
0.246 -4.74894
0.247 -4.74892
0.248 -4.74891
0.249 -4.7489
0.25 -4.74889
0.251 -4.74888
0.252 -4.74887
0.253 -4.74886
0.254 -4.74885
0.255 -4.74884
0.256 -4.74883
0.257 -4.74882
0.258 -4.74881
0.259 -4.74879
0.26 -4.74878
0.261 -4.74877
0.262 -4.74876
0.263 -4.74875
0.264 -4.74874
0.265 -4.74873
0.266 -4.74871
0.267 -4.7487
0.268 -4.74869
0.269 -4.74868
0.27 -4.74867
0.271 -4.74866
0.272 -4.74864
0.273 -4.74863
0.274 -4.74862
0.275 -4.74861
0.276 -4.7486
0.277 -4.74859
0.278 -4.74857
0.279 -4.74856
0.28 -4.74855
0.281 -4.74854
0.282 -4.74852
0.283 -4.74851
0.284 -4.7485
0.285 -4.74849
0.286 -4.74848
0.287 -4.74846
0.288 -4.74845
0.289 -4.74844
0.29 -4.74843
0.291 -4.74841
0.292 -4.7484
0.293 -4.74839
0.294 -4.74837
0.295 -4.74836
0.296 -4.74835
0.297 -4.74834
0.298 -4.74832
0.299 -4.74831
0.3 -4.7483
0.301 -4.74828
0.302 -4.74827
0.303 -4.74826
0.304 -4.74824
0.305 -4.74823
0.306 -4.74822
0.307 -4.7482
0.308 -4.74819
0.309 -4.74818
0.31 -4.74816
0.311 -4.74815
0.312 -4.74814
0.313 -4.74812
0.314 -4.74811
0.315 -4.7481
0.316 -4.74808
0.317 -4.74807
0.318 -4.74806
0.319 -4.74804
0.32 -4.74803
0.321 -4.74801
0.322 -4.748
0.323 -4.74799
0.324 -4.74797
0.325 -4.74796
0.326 -4.74794
0.327 -4.74793
0.328 -4.74791
0.329 -4.7479
0.33 -4.74789
0.331 -4.74787
0.332 -4.74786
0.333 -4.74784
0.334 -4.74783
0.335 -4.74781
0.336 -4.7478
0.337 -4.74778
0.338 -4.74777
0.339 -4.74775
0.34 -4.74774
0.341 -4.74773
0.342 -4.74771
0.343 -4.7477
0.344 -4.74768
0.345 -4.74767
0.346 -4.74765
0.347 -4.74764
0.348 -4.74762
0.349 -4.74761
0.35 -4.74759
0.351 -4.74757
0.352 -4.74756
0.353 -4.74754
0.354 -4.74753
0.355 -4.74751
0.356 -4.7475
0.357 -4.74748
0.358 -4.74747
0.359 -4.74745
0.36 -4.74744
0.361 -4.74742
0.362 -4.7474
0.363 -4.74739
0.364 -4.74737
0.365 -4.74736
0.366 -4.74734
0.367 -4.74733
0.368 -4.74731
0.369 -4.74729
0.37 -4.74728
0.371 -4.74726
0.372 -4.74725
0.373 -4.74723
0.374 -4.74721
0.375 -4.7472
0.376 -4.74718
0.377 -4.74716
0.378 -4.74715
0.379 -4.74713
0.38 -4.74712
0.381 -4.7471
0.382 -4.74708
0.383 -4.74707
0.384 -4.74705
0.385 -4.74703
0.386 -4.74702
0.387 -4.747
0.388 -4.74698
0.389 -4.74697
0.39 -4.74695
0.391 -4.74693
0.392 -4.74692
0.393 -4.7469
0.394 -4.74688
0.395 -4.74687
0.396 -4.74685
0.397 -4.74683
0.398 -4.74681
0.399 -4.7468
0.4 -4.74678
0.401 -4.74676
0.402 -4.74675
0.403 -4.74673
0.404 -4.74671
0.405 -4.74669
0.406 -4.74668
0.407 -4.74666
0.408 -4.74664
0.409 -4.74662
0.41 -4.74661
0.411 -4.74659
0.412 -4.74657
0.413 -4.74655
0.414 -4.74654
0.415 -4.74652
0.416 -4.7465
0.417 -4.74648
0.418 -4.74647
0.419 -4.74645
0.42 -4.74643
0.421 -4.74641
0.422 -4.74639
0.423 -4.74638
0.424 -4.74636
0.425 -4.74634
0.426 -4.74632
0.427 -4.7463
0.428 -4.74629
0.429 -4.74627
0.43 -4.74625
0.431 -4.74623
0.432 -4.74621
0.433 -4.74619
0.434 -4.74618
0.435 -4.74616
0.436 -4.74614
0.437 -4.74612
0.438 -4.7461
0.439 -4.74608
0.44 -4.74607
0.441 -4.74605
0.442 -4.74603
0.443 -4.74601
0.444 -4.74599
0.445 -4.74597
0.446 -4.74595
0.447 -4.74593
0.448 -4.74592
0.449 -4.7459
0.45 -4.74588
0.451 -4.74586
0.452 -4.74584
0.453 -4.74582
0.454 -4.7458
0.455 -4.74578
0.456 -4.74576
0.457 -4.74574
0.458 -4.74573
0.459 -4.74571
0.46 -4.74569
0.461 -4.74567
0.462 -4.74565
0.463 -4.74563
0.464 -4.74561
0.465 -4.74559
0.466 -4.74557
0.467 -4.74555
0.468 -4.74553
0.469 -4.74551
0.47 -4.74549
0.471 -4.74547
0.472 -4.74545
0.473 -4.74543
0.474 -4.74541
0.475 -4.7454
0.476 -4.74538
0.477 -4.74536
0.478 -4.74534
0.479 -4.74532
0.48 -4.7453
0.481 -4.74528
0.482 -4.74526
0.483 -4.74524
0.484 -4.74522
0.485 -4.7452
0.486 -4.74518
0.487 -4.74516
0.488 -4.74514
0.489 -4.74512
0.49 -4.7451
0.491 -4.74508
0.492 -4.74506
0.493 -4.74504
0.494 -4.74502
0.495 -4.745
0.496 -4.74498
0.497 -4.74495
0.498 -4.74493
0.499 -4.74491
0.5 -4.74489
0.501 -4.74487
0.502 -4.74485
0.503 -4.74483
0.504 -4.74481
0.505 -4.74479
0.506 -4.74477
0.507 -4.74475
0.508 -4.74473
0.509 -4.74471
0.51 -4.74469
0.511 -4.74467
0.512 -4.74465
0.513 -4.74463
0.514 -4.74461
0.515 -4.74458
0.516 -4.74456
0.517 -4.74454
0.518 -4.74452
0.519 -4.7445
0.52 -4.74448
0.521 -4.74446
0.522 -4.74444
0.523 -4.74442
0.524 -4.7444
0.525 -4.74437
0.526 -4.74435
0.527 -4.74433
0.528 -4.74431
0.529 -4.74429
0.53 -4.74427
0.531 -4.74425
0.532 -4.74423
0.533 -4.74421
0.534 -4.74418
0.535 -4.74416
0.536 -4.74414
0.537 -4.74412
0.538 -4.7441
0.539 -4.74408
0.54 -4.74406
0.541 -4.74403
0.542 -4.74401
0.543 -4.74399
0.544 -4.74397
0.545 -4.74395
0.546 -4.74393
0.547 -4.74391
0.548 -4.74388
0.549 -4.74386
0.55 -4.74384
0.551 -4.74382
0.552 -4.7438
0.553 -4.74378
0.554 -4.74375
0.555 -4.74373
0.556 -4.74371
0.557 -4.74369
0.558 -4.74367
0.559 -4.74364
0.56 -4.74362
0.561 -4.7436
0.562 -4.74358
0.563 -4.74356
0.564 -4.74353
0.565 -4.74351
0.566 -4.74349
0.567 -4.74347
0.568 -4.74345
0.569 -4.74342
0.57 -4.7434
0.571 -4.74338
0.572 -4.74336
0.573 -4.74334
0.574 -4.74331
0.575 -4.74329
0.576 -4.74327
0.577 -4.74325
0.578 -4.74322
0.579 -4.7432
0.58 -4.74318
0.581 -4.74316
0.582 -4.74314
0.583 -4.74311
0.584 -4.74309
0.585 -4.74307
0.586 -4.74305
0.587 -4.74302
0.588 -4.743
0.589 -4.74298
0.59 -4.74296
0.591 -4.74293
0.592 -4.74291
0.593 -4.74289
0.594 -4.74287
0.595 -4.74284
0.596 -4.74282
0.597 -4.7428
0.598 -4.74277
0.599 -4.74275
0.6 -4.74273
0.601 -4.74271
0.602 -4.74268
0.603 -4.74266
0.604 -4.74264
0.605 -4.74262
0.606 -4.74259
0.607 -4.74257
0.608 -4.74255
0.609 -4.74252
0.61 -4.7425
0.611 -4.74248
0.612 -4.74246
0.613 -4.74243
0.614 -4.74241
0.615 -4.74239
0.616 -4.74236
0.617 -4.74234
0.618 -4.74232
0.619 -4.7423
0.62 -4.74227
0.621 -4.74225
0.622 -4.74223
0.623 -4.7422
0.624 -4.74218
0.625 -4.74216
0.626 -4.74213
0.627 -4.74211
0.628 -4.74209
0.629 -4.74206
0.63 -4.74204
0.631 -4.74202
0.632 -4.74199
0.633 -4.74197
0.634 -4.74195
0.635 -4.74192
0.636 -4.7419
0.637 -4.74188
0.638 -4.74185
0.639 -4.74183
0.64 -4.74181
0.641 -4.74178
0.642 -4.74176
0.643 -4.74174
0.644 -4.74171
0.645 -4.74169
0.646 -4.74167
0.647 -4.74164
0.648 -4.74162
0.649 -4.7416
0.65 -4.74157
0.651 -4.74155
0.652 -4.74153
0.653 -4.7415
0.654 -4.74148
0.655 -4.74146
0.656 -4.74143
0.657 -4.74141
0.658 -4.74139
0.659 -4.74136
0.66 -4.74134
0.661 -4.74132
0.662 -4.74129
0.663 -4.74127
0.664 -4.74124
0.665 -4.74122
0.666 -4.7412
0.667 -4.74117
0.668 -4.74115
0.669 -4.74113
0.67 -4.7411
0.671 -4.74108
0.672 -4.74106
0.673 -4.74103
0.674 -4.74101
0.675 -4.74098
0.676 -4.74096
0.677 -4.74094
0.678 -4.74091
0.679 -4.74089
0.68 -4.74087
0.681 -4.74084
0.682 -4.74082
0.683 -4.74079
0.684 -4.74077
0.685 -4.74075
0.686 -4.74072
0.687 -4.7407
0.688 -4.74067
0.689 -4.74065
0.69 -4.74063
0.691 -4.7406
0.692 -4.74058
0.693 -4.74055
0.694 -4.74053
0.695 -4.74051
0.696 -4.74048
0.697 -4.74046
0.698 -4.74044
0.699 -4.74041
0.7 -4.74039
0.701 -4.74036
0.702 -4.74034
0.703 -4.74032
0.704 -4.74029
0.705 -4.74027
0.706 -4.74024
0.707 -4.74022
0.708 -4.7402
0.709 -4.74017
0.71 -4.74015
0.711 -4.74012
0.712 -4.7401
0.713 -4.74007
0.714 -4.74005
0.715 -4.74003
0.716 -4.74
0.717 -4.73998
0.718 -4.73995
0.719 -4.73993
0.72 -4.73991
0.721 -4.73988
0.722 -4.73986
0.723 -4.73983
0.724 -4.73981
0.725 -4.73979
0.726 -4.73976
0.727 -4.73974
0.728 -4.73971
0.729 -4.73969
0.73 -4.73966
0.731 -4.73964
0.732 -4.73962
0.733 -4.73959
0.734 -4.73957
0.735 -4.73954
0.736 -4.73952
0.737 -4.7395
0.738 -4.73947
0.739 -4.73945
0.74 -4.73942
0.741 -4.7394
0.742 -4.73937
0.743 -4.73935
0.744 -4.73933
0.745 -4.7393
0.746 -4.73928
0.747 -4.73925
0.748 -4.73923
0.749 -4.7392
0.75 -4.73918
0.751 -4.73916
0.752 -4.73913
0.753 -4.73911
0.754 -4.73908
0.755 -4.73906
0.756 -4.73903
0.757 -4.73901
0.758 -4.73899
0.759 -4.73896
0.76 -4.73894
0.761 -4.73891
0.762 -4.73889
0.763 -4.73886
0.764 -4.73884
0.765 -4.73882
0.766 -4.73879
0.767 -4.73877
0.768 -4.73874
0.769 -4.73872
0.77 -4.73869
0.771 -4.73867
0.772 -4.73865
0.773 -4.73862
0.774 -4.7386
0.775 -4.73857
0.776 -4.73855
0.777 -4.73852
0.778 -4.7385
0.779 -4.73848
0.78 -4.73845
0.781 -4.73843
0.782 -4.7384
0.783 -4.73838
0.784 -4.73835
0.785 -4.73833
0.786 -4.73831
0.787 -4.73828
0.788 -4.73826
0.789 -4.73823
0.79 -4.73821
0.791 -4.73818
0.792 -4.73816
0.793 -4.73814
0.794 -4.73811
0.795 -4.73809
0.796 -4.73806
0.797 -4.73804
0.798 -4.73801
0.799 -4.73799
0.8 -4.73797
0.801 -4.73794
0.802 -4.73792
0.803 -4.73789
0.804 -4.73787
0.805 -4.73784
0.806 -4.73782
0.807 -4.7378
0.808 -4.73777
0.809 -4.73775
0.81 -4.73772
0.811 -4.7377
0.812 -4.73767
0.813 -4.73765
0.814 -4.73763
0.815 -4.7376
0.816 -4.73758
0.817 -4.73755
0.818 -4.73753
0.819 -4.73751
0.82 -4.73748
0.821 -4.73746
0.822 -4.73743
0.823 -4.73741
0.824 -4.73738
0.825 -4.73736
0.826 -4.73734
0.827 -4.73731
0.828 -4.73729
0.829 -4.73726
0.83 -4.73724
0.831 -4.73721
0.832 -4.73719
0.833 -4.73717
0.834 -4.73714
0.835 -4.73712
0.836 -4.73709
0.837 -4.73707
0.838 -4.73705
0.839 -4.73702
0.84 -4.737
0.841 -4.73697
0.842 -4.73695
0.843 -4.73692
0.844 -4.7369
0.845 -4.73688
0.846 -4.73685
0.847 -4.73683
0.848 -4.7368
0.849 -4.73678
0.85 -4.73676
0.851 -4.73673
0.852 -4.73671
0.853 -4.73668
0.854 -4.73666
0.855 -4.73664
0.856 -4.73661
0.857 -4.73659
0.858 -4.73656
0.859 -4.73654
0.86 -4.73652
0.861 -4.73649
0.862 -4.73647
0.863 -4.73644
0.864 -4.73642
0.865 -4.73639
0.866 -4.73637
0.867 -4.73635
0.868 -4.73632
0.869 -4.7363
0.87 -4.73627
0.871 -4.73625
0.872 -4.73623
0.873 -4.7362
0.874 -4.73618
0.875 -4.73616
0.876 -4.73613
0.877 -4.73611
0.878 -4.73608
0.879 -4.73606
0.88 -4.73604
0.881 -4.73601
0.882 -4.73599
0.883 -4.73596
0.884 -4.73594
0.885 -4.73592
0.886 -4.73589
0.887 -4.73587
0.888 -4.73584
0.889 -4.73582
0.89 -4.7358
0.891 -4.73577
0.892 -4.73575
0.893 -4.73573
0.894 -4.7357
0.895 -4.73568
0.896 -4.73565
0.897 -4.73563
0.898 -4.73561
0.899 -4.73558
0.9 -4.73556
0.901 -4.73554
0.902 -4.73551
0.903 -4.73549
0.904 -4.73546
0.905 -4.73544
0.906 -4.73542
0.907 -4.73539
0.908 -4.73537
0.909 -4.73535
0.91 -4.73532
0.911 -4.7353
0.912 -4.73528
0.913 -4.73525
0.914 -4.73523
0.915 -4.7352
0.916 -4.73518
0.917 -4.73516
0.918 -4.73513
0.919 -4.73511
0.92 -4.73509
0.921 -4.73506
0.922 -4.73504
0.923 -4.73502
0.924 -4.73499
0.925 -4.73497
0.926 -4.73495
0.927 -4.73492
0.928 -4.7349
0.929 -4.73488
0.93 -4.73485
0.931 -4.73483
0.932 -4.73481
0.933 -4.73478
0.934 -4.73476
0.935 -4.73474
0.936 -4.73471
0.937 -4.73469
0.938 -4.73467
0.939 -4.73464
0.94 -4.73462
0.941 -4.7346
0.942 -4.73457
0.943 -4.73455
0.944 -4.73453
0.945 -4.7345
0.946 -4.73448
0.947 -4.73446
0.948 -4.73443
0.949 -4.73441
0.95 -4.73439
0.951 -4.73436
0.952 -4.73434
0.953 -4.73432
0.954 -4.73429
0.955 -4.73427
0.956 -4.73425
0.957 -4.73423
0.958 -4.7342
0.959 -4.73418
0.96 -4.73416
0.961 -4.73413
0.962 -4.73411
0.963 -4.73409
0.964 -4.73406
0.965 -4.73404
0.966 -4.73402
0.967 -4.734
0.968 -4.73397
0.969 -4.73395
0.97 -4.73393
0.971 -4.7339
0.972 -4.73388
0.973 -4.73386
0.974 -4.73384
0.975 -4.73381
0.976 -4.73379
0.977 -4.73377
0.978 -4.73374
0.979 -4.73372
0.98 -4.7337
0.981 -4.73368
0.982 -4.73365
0.983 -4.73363
0.984 -4.73361
0.985 -4.73359
0.986 -4.73356
0.987 -4.73354
0.988 -4.73352
0.989 -4.7335
0.99 -4.73347
0.991 -4.73345
0.992 -4.73343
0.993 -4.73341
0.994 -4.73338
0.995 -4.73336
0.996 -4.73334
0.997 -4.73332
0.998 -4.73329
0.999 -4.73327
1 -4.73325
1.001 -10
