0 5
0.001 3.38449
0.002 3.38449
0.003 3.3845
0.004 3.3845
0.005 3.3845
0.006 3.3845
0.007 3.3845
0.008 3.3845
0.009 3.3845
0.01 3.3845
0.011 3.3845
0.012 3.3845
0.013 3.3845
0.014 3.38451
0.015 3.38451
0.016 3.38451
0.017 3.38451
0.018 3.38451
0.019 3.38451
0.02 3.38451
0.021 3.38451
0.022 3.38451
0.023 3.38451
0.024 3.38451
0.025 3.38451
0.026 3.38451
0.027 3.38451
0.028 3.38452
0.029 3.38452
0.03 3.38452
0.031 3.38452
0.032 3.38452
0.033 3.38452
0.034 3.38452
0.035 3.38452
0.036 3.38452
0.037 3.38452
0.038 3.38452
0.039 3.38452
0.04 3.38452
0.041 3.38452
0.042 3.38452
0.043 3.38452
0.044 3.38452
0.045 3.38452
0.046 3.38452
0.047 3.38453
0.048 3.38453
0.049 3.38453
0.05 3.38453
0.051 3.38453
0.052 3.38453
0.053 3.38453
0.054 3.38453
0.055 3.38453
0.056 3.38453
0.057 3.38453
0.058 3.38453
0.059 3.38453
0.06 3.38453
0.061 3.38453
0.062 3.38453
0.063 3.38453
0.064 3.38453
0.065 3.38453
0.066 3.38453
0.067 3.38453
0.068 3.38453
0.069 3.38453
0.07 3.38453
0.071 3.38453
0.072 3.38453
0.073 3.38453
0.074 3.38453
0.075 3.38453
0.076 3.38453
0.077 3.38453
0.078 3.38453
0.079 3.38453
0.08 3.38453
0.081 3.38453
0.082 3.38453
0.083 3.38453
0.084 3.38453
0.085 3.38453
0.086 3.38453
0.087 3.38453
0.088 3.38453
0.089 3.38453
0.09 3.38453
0.091 3.38453
0.092 3.38453
0.093 3.38453
0.094 3.38453
0.095 3.38453
0.096 3.38453
0.097 3.38453
0.098 3.38453
0.099 3.38453
0.1 3.38453
0.101 3.38453
0.102 3.38453
0.103 3.38453
0.104 3.38453
0.105 3.38453
0.106 3.38453
0.107 3.38453
0.108 3.38453
0.109 3.38453
0.11 3.38453
0.111 3.38452
0.112 3.38452
0.113 3.38452
0.114 3.38452
0.115 3.38452
0.116 3.38452
0.117 3.38452
0.118 3.38452
0.119 3.38452
0.12 3.38452
0.121 3.38452
0.122 3.38452
0.123 3.38452
0.124 3.38452
0.125 3.38452
0.126 3.38452
0.127 3.38452
0.128 3.38452
0.129 3.38452
0.13 3.38451
0.131 3.38451
0.132 3.38451
0.133 3.38451
0.134 3.38451
0.135 3.38451
0.136 3.38451
0.137 3.38451
0.138 3.38451
0.139 3.38451
0.14 3.38451
0.141 3.38451
0.142 3.38451
0.143 3.3845
0.144 3.3845
0.145 3.3845
0.146 3.3845
0.147 3.3845
0.148 3.3845
0.149 3.3845
0.15 3.3845
0.151 3.3845
0.152 3.3845
0.153 3.3845
0.154 3.38449
0.155 3.38449
0.156 3.38449
0.157 3.38449
0.158 3.38449
0.159 3.38449
0.16 3.38449
0.161 3.38449
0.162 3.38449
0.163 3.38449
0.164 3.38448
0.165 3.38448
0.166 3.38448
0.167 3.38448
0.168 3.38448
0.169 3.38448
0.17 3.38448
0.171 3.38448
0.172 3.38448
0.173 3.38447
0.174 3.38447
0.175 3.38447
0.176 3.38447
0.177 3.38447
0.178 3.38447
0.179 3.38447
0.18 3.38447
0.181 3.38446
0.182 3.38446
0.183 3.38446
0.184 3.38446
0.185 3.38446
0.186 3.38446
0.187 3.38446
0.188 3.38445
0.189 3.38445
0.19 3.38445
0.191 3.38445
0.192 3.38445
0.193 3.38445
0.194 3.38445
0.195 3.38444
0.196 3.38444
0.197 3.38444
0.198 3.38444
0.199 3.38444
0.2 3.38444
0.201 3.38443
0.202 3.38443
0.203 3.38443
0.204 3.38443
0.205 3.38443
0.206 3.38443
0.207 3.38443
0.208 3.38442
0.209 3.38442
0.21 3.38442
0.211 3.38442
0.212 3.38442
0.213 3.38442
0.214 3.38441
0.215 3.38441
0.216 3.38441
0.217 3.38441
0.218 3.38441
0.219 3.3844
0.22 3.3844
0.221 3.3844
0.222 3.3844
0.223 3.3844
0.224 3.3844
0.225 3.38439
0.226 3.38439
0.227 3.38439
0.228 3.38439
0.229 3.38439
0.23 3.38438
0.231 3.38438
0.232 3.38438
0.233 3.38438
0.234 3.38438
0.235 3.38437
0.236 3.38437
0.237 3.38437
0.238 3.38437
0.239 3.38437
0.24 3.38436
0.241 3.38436
0.242 3.38436
0.243 3.38436
0.244 3.38436
0.245 3.38435
0.246 3.38435
0.247 3.38435
0.248 3.38435
0.249 3.38434
0.25 3.38434
0.251 3.38434
0.252 3.38434
0.253 3.38434
0.254 3.38433
0.255 3.38433
0.256 3.38433
0.257 3.38433
0.258 3.38432
0.259 3.38432
0.26 3.38432
0.261 3.38432
0.262 3.38432
0.263 3.38431
0.264 3.38431
0.265 3.38431
0.266 3.38431
0.267 3.3843
0.268 3.3843
0.269 3.3843
0.27 3.3843
0.271 3.38429
0.272 3.38429
0.273 3.38429
0.274 3.38429
0.275 3.38428
0.276 3.38428
0.277 3.38428
0.278 3.38428
0.279 3.38427
0.28 3.38427
0.281 3.38427
0.282 3.38427
0.283 3.38426
0.284 3.38426
0.285 3.38426
0.286 3.38426
0.287 3.38425
0.288 3.38425
0.289 3.38425
0.29 3.38425
0.291 3.38424
0.292 3.38424
0.293 3.38424
0.294 3.38423
0.295 3.38423
0.296 3.38423
0.297 3.38423
0.298 3.38422
0.299 3.38422
0.3 3.38422
0.301 3.38422
0.302 3.38421
0.303 3.38421
0.304 3.38421
0.305 3.3842
0.306 3.3842
0.307 3.3842
0.308 3.3842
0.309 3.38419
0.31 3.38419
0.311 3.38419
0.312 3.38418
0.313 3.38418
0.314 3.38418
0.315 3.38418
0.316 3.38417
0.317 3.38417
0.318 3.38417
0.319 3.38416
0.32 3.38416
0.321 3.38416
0.322 3.38415
0.323 3.38415
0.324 3.38415
0.325 3.38415
0.326 3.38414
0.327 3.38414
0.328 3.38414
0.329 3.38413
0.33 3.38413
0.331 3.38413
0.332 3.38412
0.333 3.38412
0.334 3.38412
0.335 3.38411
0.336 3.38411
0.337 3.38411
0.338 3.3841
0.339 3.3841
0.34 3.3841
0.341 3.3841
0.342 3.38409
0.343 3.38409
0.344 3.38409
0.345 3.38408
0.346 3.38408
0.347 3.38408
0.348 3.38407
0.349 3.38407
0.35 3.38407
0.351 3.38406
0.352 3.38406
0.353 3.38406
0.354 3.38405
0.355 3.38405
0.356 3.38405
0.357 3.38404
0.358 3.38404
0.359 3.38404
0.36 3.38403
0.361 3.38403
0.362 3.38402
0.363 3.38402
0.364 3.38402
0.365 3.38401
0.366 3.38401
0.367 3.38401
0.368 3.384
0.369 3.384
0.37 3.384
0.371 3.38399
0.372 3.38399
0.373 3.38399
0.374 3.38398
0.375 3.38398
0.376 3.38398
0.377 3.38397
0.378 3.38397
0.379 3.38396
0.38 3.38396
0.381 3.38396
0.382 3.38395
0.383 3.38395
0.384 3.38395
0.385 3.38394
0.386 3.38394
0.387 3.38394
0.388 3.38393
0.389 3.38393
0.39 3.38392
0.391 3.38392
0.392 3.38392
0.393 3.38391
0.394 3.38391
0.395 3.38391
0.396 3.3839
0.397 3.3839
0.398 3.38389
0.399 3.38389
0.4 3.38389
0.401 3.38388
0.402 3.38388
0.403 3.38387
0.404 3.38387
0.405 3.38387
0.406 3.38386
0.407 3.38386
0.408 3.38385
0.409 3.38385
0.41 3.38385
0.411 3.38384
0.412 3.38384
0.413 3.38384
0.414 3.38383
0.415 3.38383
0.416 3.38382
0.417 3.38382
0.418 3.38382
0.419 3.38381
0.42 3.38381
0.421 3.3838
0.422 3.3838
0.423 3.3838
0.424 3.38379
0.425 3.38379
0.426 3.38378
0.427 3.38378
0.428 3.38377
0.429 3.38377
0.43 3.38377
0.431 3.38376
0.432 3.38376
0.433 3.38375
0.434 3.38375
0.435 3.38375
0.436 3.38374
0.437 3.38374
0.438 3.38373
0.439 3.38373
0.44 3.38372
0.441 3.38372
0.442 3.38372
0.443 3.38371
0.444 3.38371
0.445 3.3837
0.446 3.3837
0.447 3.38369
0.448 3.38369
0.449 3.38369
0.45 3.38368
0.451 3.38368
0.452 3.38367
0.453 3.38367
0.454 3.38366
0.455 3.38366
0.456 3.38366
0.457 3.38365
0.458 3.38365
0.459 3.38364
0.46 3.38364
0.461 3.38363
0.462 3.38363
0.463 3.38363
0.464 3.38362
0.465 3.38362
0.466 3.38361
0.467 3.38361
0.468 3.3836
0.469 3.3836
0.47 3.38359
0.471 3.38359
0.472 3.38359
0.473 3.38358
0.474 3.38358
0.475 3.38357
0.476 3.38357
0.477 3.38356
0.478 3.38356
0.479 3.38355
0.48 3.38355
0.481 3.38354
0.482 3.38354
0.483 3.38354
0.484 3.38353
0.485 3.38353
0.486 3.38352
0.487 3.38352
0.488 3.38351
0.489 3.38351
0.49 3.3835
0.491 3.3835
0.492 3.38349
0.493 3.38349
0.494 3.38348
0.495 3.38348
0.496 3.38347
0.497 3.38347
0.498 3.38347
0.499 3.38346
0.5 3.38346
0.501 3.38345
0.502 3.38345
0.503 3.38344
0.504 3.38344
0.505 3.38343
0.506 3.38343
0.507 3.38342
0.508 3.38342
0.509 3.38341
0.51 3.38341
0.511 3.3834
0.512 3.3834
0.513 3.38339
0.514 3.38339
0.515 3.38338
0.516 3.38338
0.517 3.38337
0.518 3.38337
0.519 3.38336
0.52 3.38336
0.521 3.38336
0.522 3.38335
0.523 3.38335
0.524 3.38334
0.525 3.38334
0.526 3.38333
0.527 3.38333
0.528 3.38332
0.529 3.38332
0.53 3.38331
0.531 3.38331
0.532 3.3833
0.533 3.3833
0.534 3.38329
0.535 3.38329
0.536 3.38328
0.537 3.38328
0.538 3.38327
0.539 3.38327
0.54 3.38326
0.541 3.38326
0.542 3.38325
0.543 3.38325
0.544 3.38324
0.545 3.38324
0.546 3.38323
0.547 3.38323
0.548 3.38322
0.549 3.38322
0.55 3.38321
0.551 3.38321
0.552 3.3832
0.553 3.3832
0.554 3.38319
0.555 3.38318
0.556 3.38318
0.557 3.38317
0.558 3.38317
0.559 3.38316
0.56 3.38316
0.561 3.38315
0.562 3.38315
0.563 3.38314
0.564 3.38314
0.565 3.38313
0.566 3.38313
0.567 3.38312
0.568 3.38312
0.569 3.38311
0.57 3.38311
0.571 3.3831
0.572 3.3831
0.573 3.38309
0.574 3.38309
0.575 3.38308
0.576 3.38308
0.577 3.38307
0.578 3.38307
0.579 3.38306
0.58 3.38306
0.581 3.38305
0.582 3.38304
0.583 3.38304
0.584 3.38303
0.585 3.38303
0.586 3.38302
0.587 3.38302
0.588 3.38301
0.589 3.38301
0.59 3.383
0.591 3.383
0.592 3.38299
0.593 3.38299
0.594 3.38298
0.595 3.38298
0.596 3.38297
0.597 3.38296
0.598 3.38296
0.599 3.38295
0.6 3.38295
0.601 3.38294
0.602 3.38294
0.603 3.38293
0.604 3.38293
0.605 3.38292
0.606 3.38292
0.607 3.38291
0.608 3.3829
0.609 3.3829
0.61 3.38289
0.611 3.38289
0.612 3.38288
0.613 3.38288
0.614 3.38287
0.615 3.38287
0.616 3.38286
0.617 3.38286
0.618 3.38285
0.619 3.38284
0.62 3.38284
0.621 3.38283
0.622 3.38283
0.623 3.38282
0.624 3.38282
0.625 3.38281
0.626 3.38281
0.627 3.3828
0.628 3.3828
0.629 3.38279
0.63 3.38278
0.631 3.38278
0.632 3.38277
0.633 3.38277
0.634 3.38276
0.635 3.38276
0.636 3.38275
0.637 3.38275
0.638 3.38274
0.639 3.38273
0.64 3.38273
0.641 3.38272
0.642 3.38272
0.643 3.38271
0.644 3.38271
0.645 3.3827
0.646 3.38269
0.647 3.38269
0.648 3.38268
0.649 3.38268
0.65 3.38267
0.651 3.38267
0.652 3.38266
0.653 3.38266
0.654 3.38265
0.655 3.38264
0.656 3.38264
0.657 3.38263
0.658 3.38263
0.659 3.38262
0.66 3.38262
0.661 3.38261
0.662 3.3826
0.663 3.3826
0.664 3.38259
0.665 3.38259
0.666 3.38258
0.667 3.38258
0.668 3.38257
0.669 3.38256
0.67 3.38256
0.671 3.38255
0.672 3.38255
0.673 3.38254
0.674 3.38254
0.675 3.38253
0.676 3.38252
0.677 3.38252
0.678 3.38251
0.679 3.38251
0.68 3.3825
0.681 3.38249
0.682 3.38249
0.683 3.38248
0.684 3.38248
0.685 3.38247
0.686 3.38247
0.687 3.38246
0.688 3.38245
0.689 3.38245
0.69 3.38244
0.691 3.38244
0.692 3.38243
0.693 3.38243
0.694 3.38242
0.695 3.38241
0.696 3.38241
0.697 3.3824
0.698 3.3824
0.699 3.38239
0.7 3.38238
0.701 3.38238
0.702 3.38237
0.703 3.38237
0.704 3.38236
0.705 3.38236
0.706 3.38235
0.707 3.38234
0.708 3.38234
0.709 3.38233
0.71 3.38233
0.711 3.38232
0.712 3.38231
0.713 3.38231
0.714 3.3823
0.715 3.3823
0.716 3.38229
0.717 3.38228
0.718 3.38228
0.719 3.38227
0.72 3.38227
0.721 3.38226
0.722 3.38225
0.723 3.38225
0.724 3.38224
0.725 3.38224
0.726 3.38223
0.727 3.38223
0.728 3.38222
0.729 3.38221
0.73 3.38221
0.731 3.3822
0.732 3.3822
0.733 3.38219
0.734 3.38218
0.735 3.38218
0.736 3.38217
0.737 3.38217
0.738 3.38216
0.739 3.38215
0.74 3.38215
0.741 3.38214
0.742 3.38214
0.743 3.38213
0.744 3.38212
0.745 3.38212
0.746 3.38211
0.747 3.38211
0.748 3.3821
0.749 3.38209
0.75 3.38209
0.751 3.38208
0.752 3.38208
0.753 3.38207
0.754 3.38206
0.755 3.38206
0.756 3.38205
0.757 3.38205
0.758 3.38204
0.759 3.38203
0.76 3.38203
0.761 3.38202
0.762 3.38202
0.763 3.38201
0.764 3.382
0.765 3.382
0.766 3.38199
0.767 3.38199
0.768 3.38198
0.769 3.38197
0.77 3.38197
0.771 3.38196
0.772 3.38196
0.773 3.38195
0.774 3.38194
0.775 3.38194
0.776 3.38193
0.777 3.38192
0.778 3.38192
0.779 3.38191
0.78 3.38191
0.781 3.3819
0.782 3.38189
0.783 3.38189
0.784 3.38188
0.785 3.38188
0.786 3.38187
0.787 3.38186
0.788 3.38186
0.789 3.38185
0.79 3.38185
0.791 3.38184
0.792 3.38183
0.793 3.38183
0.794 3.38182
0.795 3.38182
0.796 3.38181
0.797 3.3818
0.798 3.3818
0.799 3.38179
0.8 3.38178
0.801 3.38178
0.802 3.38177
0.803 3.38177
0.804 3.38176
0.805 3.38175
0.806 3.38175
0.807 3.38174
0.808 3.38174
0.809 3.38173
0.81 3.38172
0.811 3.38172
0.812 3.38171
0.813 3.38171
0.814 3.3817
0.815 3.38169
0.816 3.38169
0.817 3.38168
0.818 3.38167
0.819 3.38167
0.82 3.38166
0.821 3.38166
0.822 3.38165
0.823 3.38164
0.824 3.38164
0.825 3.38163
0.826 3.38163
0.827 3.38162
0.828 3.38161
0.829 3.38161
0.83 3.3816
0.831 3.38159
0.832 3.38159
0.833 3.38158
0.834 3.38158
0.835 3.38157
0.836 3.38156
0.837 3.38156
0.838 3.38155
0.839 3.38155
0.84 3.38154
0.841 3.38153
0.842 3.38153
0.843 3.38152
0.844 3.38151
0.845 3.38151
0.846 3.3815
0.847 3.3815
0.848 3.38149
0.849 3.38148
0.85 3.38148
0.851 3.38147
0.852 3.38147
0.853 3.38146
0.854 3.38145
0.855 3.38145
0.856 3.38144
0.857 3.38143
0.858 3.38143
0.859 3.38142
0.86 3.38142
0.861 3.38141
0.862 3.3814
0.863 3.3814
0.864 3.38139
0.865 3.38139
0.866 3.38138
0.867 3.38137
0.868 3.38137
0.869 3.38136
0.87 3.38135
0.871 3.38135
0.872 3.38134
0.873 3.38134
0.874 3.38133
0.875 3.38132
0.876 3.38132
0.877 3.38131
0.878 3.3813
0.879 3.3813
0.88 3.38129
0.881 3.38129
0.882 3.38128
0.883 3.38127
0.884 3.38127
0.885 3.38126
0.886 3.38126
0.887 3.38125
0.888 3.38124
0.889 3.38124
0.89 3.38123
0.891 3.38122
0.892 3.38122
0.893 3.38121
0.894 3.38121
0.895 3.3812
0.896 3.38119
0.897 3.38119
0.898 3.38118
0.899 3.38118
0.9 3.38117
0.901 3.38116
0.902 3.38116
0.903 3.38115
0.904 3.38114
0.905 3.38114
0.906 3.38113
0.907 3.38113
0.908 3.38112
0.909 3.38111
0.91 3.38111
0.911 3.3811
0.912 3.38109
0.913 3.38109
0.914 3.38108
0.915 3.38108
0.916 3.38107
0.917 3.38106
0.918 3.38106
0.919 3.38105
0.92 3.38105
0.921 3.38104
0.922 3.38103
0.923 3.38103
0.924 3.38102
0.925 3.38101
0.926 3.38101
0.927 3.381
0.928 3.381
0.929 3.38099
0.93 3.38098
0.931 3.38098
0.932 3.38097
0.933 3.38096
0.934 3.38096
0.935 3.38095
0.936 3.38095
0.937 3.38094
0.938 3.38093
0.939 3.38093
0.94 3.38092
0.941 3.38092
0.942 3.38091
0.943 3.3809
0.944 3.3809
0.945 3.38089
0.946 3.38088
0.947 3.38088
0.948 3.38087
0.949 3.38087
0.95 3.38086
0.951 3.38085
0.952 3.38085
0.953 3.38084
0.954 3.38084
0.955 3.38083
0.956 3.38082
0.957 3.38082
0.958 3.38081
0.959 3.3808
0.96 3.3808
0.961 3.38079
0.962 3.38079
0.963 3.38078
0.964 3.38077
0.965 3.38077
0.966 3.38076
0.967 3.38076
0.968 3.38075
0.969 3.38074
0.97 3.38074
0.971 3.38073
0.972 3.38072
0.973 3.38072
0.974 3.38071
0.975 3.38071
0.976 3.3807
0.977 3.38069
0.978 3.38069
0.979 3.38068
0.98 3.38068
0.981 3.38067
0.982 3.38066
0.983 3.38066
0.984 3.38065
0.985 3.38064
0.986 3.38064
0.987 3.38063
0.988 3.38063
0.989 3.38062
0.99 3.38061
0.991 3.38061
0.992 3.3806
0.993 3.3806
0.994 3.38059
0.995 3.38058
0.996 3.38058
0.997 3.38057
0.998 3.38057
0.999 3.38056
1 3.38055
1.001 5
