0 0
0.001 3.10569
0.002 3.10569
0.003 3.10569
0.004 3.10569
0.005 3.10569
0.006 3.10569
0.007 3.10569
0.008 3.10569
0.009 3.10569
0.01 3.10569
0.011 3.10569
0.012 3.10568
0.013 3.10568
0.014 3.10568
0.015 3.10568
0.016 3.10568
0.017 3.10568
0.018 3.10568
0.019 3.10568
0.02 3.10568
0.021 3.10568
0.022 3.10568
0.023 3.10568
0.024 3.10569
0.025 3.10569
0.026 3.10569
0.027 3.10569
0.028 3.10569
0.029 3.10569
0.03 3.10569
0.031 3.10569
0.032 3.10569
0.033 3.10569
0.034 3.10569
0.035 3.10569
0.036 3.10569
0.037 3.1057
0.038 3.1057
0.039 3.1057
0.04 3.1057
0.041 3.1057
0.042 3.1057
0.043 3.1057
0.044 3.10571
0.045 3.10571
0.046 3.10571
0.047 3.10571
0.048 3.10571
0.049 3.10571
0.05 3.10572
0.051 3.10572
0.052 3.10572
0.053 3.10572
0.054 3.10573
0.055 3.10573
0.056 3.10573
0.057 3.10573
0.058 3.10574
0.059 3.10574
0.06 3.10574
0.061 3.10574
0.062 3.10575
0.063 3.10575
0.064 3.10575
0.065 3.10575
0.066 3.10576
0.067 3.10576
0.068 3.10576
0.069 3.10577
0.07 3.10577
0.071 3.10577
0.072 3.10578
0.073 3.10578
0.074 3.10578
0.075 3.10579
0.076 3.10579
0.077 3.1058
0.078 3.1058
0.079 3.1058
0.08 3.10581
0.081 3.10581
0.082 3.10582
0.083 3.10582
0.084 3.10582
0.085 3.10583
0.086 3.10583
0.087 3.10584
0.088 3.10584
0.089 3.10585
0.09 3.10585
0.091 3.10586
0.092 3.10586
0.093 3.10587
0.094 3.10587
0.095 3.10587
0.096 3.10588
0.097 3.10589
0.098 3.10589
0.099 3.1059
0.1 3.1059
0.101 3.10591
0.102 3.10591
0.103 3.10592
0.104 3.10592
0.105 3.10593
0.106 3.10593
0.107 3.10594
0.108 3.10595
0.109 3.10595
0.11 3.10596
0.111 3.10596
0.112 3.10597
0.113 3.10598
0.114 3.10598
0.115 3.10599
0.116 3.10599
0.117 3.106
0.118 3.10601
0.119 3.10601
0.12 3.10602
0.121 3.10603
0.122 3.10603
0.123 3.10604
0.124 3.10605
0.125 3.10605
0.126 3.10606
0.127 3.10607
0.128 3.10608
0.129 3.10608
0.13 3.10609
0.131 3.1061
0.132 3.10611
0.133 3.10611
0.134 3.10612
0.135 3.10613
0.136 3.10614
0.137 3.10614
0.138 3.10615
0.139 3.10616
0.14 3.10617
0.141 3.10618
0.142 3.10618
0.143 3.10619
0.144 3.1062
0.145 3.10621
0.146 3.10622
0.147 3.10623
0.148 3.10623
0.149 3.10624
0.15 3.10625
0.151 3.10626
0.152 3.10627
0.153 3.10628
0.154 3.10629
0.155 3.1063
0.156 3.1063
0.157 3.10631
0.158 3.10632
0.159 3.10633
0.16 3.10634
0.161 3.10635
0.162 3.10636
0.163 3.10637
0.164 3.10638
0.165 3.10639
0.166 3.1064
0.167 3.10641
0.168 3.10642
0.169 3.10643
0.17 3.10644
0.171 3.10645
0.172 3.10646
0.173 3.10647
0.174 3.10648
0.175 3.10649
0.176 3.1065
0.177 3.10651
0.178 3.10652
0.179 3.10653
0.18 3.10654
0.181 3.10655
0.182 3.10656
0.183 3.10657
0.184 3.10658
0.185 3.1066
0.186 3.10661
0.187 3.10662
0.188 3.10663
0.189 3.10664
0.19 3.10665
0.191 3.10666
0.192 3.10667
0.193 3.10669
0.194 3.1067
0.195 3.10671
0.196 3.10672
0.197 3.10673
0.198 3.10674
0.199 3.10676
0.2 3.10677
0.201 3.10678
0.202 3.10679
0.203 3.1068
0.204 3.10682
0.205 3.10683
0.206 3.10684
0.207 3.10685
0.208 3.10687
0.209 3.10688
0.21 3.10689
0.211 3.1069
0.212 3.10692
0.213 3.10693
0.214 3.10694
0.215 3.10696
0.216 3.10697
0.217 3.10698
0.218 3.107
0.219 3.10701
0.22 3.10702
0.221 3.10704
0.222 3.10705
0.223 3.10706
0.224 3.10708
0.225 3.10709
0.226 3.1071
0.227 3.10712
0.228 3.10713
0.229 3.10715
0.23 3.10716
0.231 3.10717
0.232 3.10719
0.233 3.1072
0.234 3.10722
0.235 3.10723
0.236 3.10724
0.237 3.10726
0.238 3.10727
0.239 3.10729
0.24 3.1073
0.241 3.10732
0.242 3.10733
0.243 3.10735
0.244 3.10736
0.245 3.10738
0.246 3.10739
0.247 3.10741
0.248 3.10742
0.249 3.10744
0.25 3.10745
0.251 3.10747
0.252 3.10748
0.253 3.1075
0.254 3.10751
0.255 3.10753
0.256 3.10755
0.257 3.10756
0.258 3.10758
0.259 3.10759
0.26 3.10761
0.261 3.10762
0.262 3.10764
0.263 3.10766
0.264 3.10767
0.265 3.10769
0.266 3.10771
0.267 3.10772
0.268 3.10774
0.269 3.10775
0.27 3.10777
0.271 3.10779
0.272 3.1078
0.273 3.10782
0.274 3.10784
0.275 3.10786
0.276 3.10787
0.277 3.10789
0.278 3.10791
0.279 3.10792
0.28 3.10794
0.281 3.10796
0.282 3.10798
0.283 3.10799
0.284 3.10801
0.285 3.10803
0.286 3.10805
0.287 3.10806
0.288 3.10808
0.289 3.1081
0.29 3.10812
0.291 3.10813
0.292 3.10815
0.293 3.10817
0.294 3.10819
0.295 3.10821
0.296 3.10822
0.297 3.10824
0.298 3.10826
0.299 3.10828
0.3 3.1083
0.301 3.10832
0.302 3.10834
0.303 3.10835
0.304 3.10837
0.305 3.10839
0.306 3.10841
0.307 3.10843
0.308 3.10845
0.309 3.10847
0.31 3.10849
0.311 3.10851
0.312 3.10852
0.313 3.10854
0.314 3.10856
0.315 3.10858
0.316 3.1086
0.317 3.10862
0.318 3.10864
0.319 3.10866
0.32 3.10868
0.321 3.1087
0.322 3.10872
0.323 3.10874
0.324 3.10876
0.325 3.10878
0.326 3.1088
0.327 3.10882
0.328 3.10884
0.329 3.10886
0.33 3.10888
0.331 3.1089
0.332 3.10892
0.333 3.10894
0.334 3.10896
0.335 3.10898
0.336 3.109
0.337 3.10902
0.338 3.10905
0.339 3.10907
0.34 3.10909
0.341 3.10911
0.342 3.10913
0.343 3.10915
0.344 3.10917
0.345 3.10919
0.346 3.10921
0.347 3.10924
0.348 3.10926
0.349 3.10928
0.35 3.1093
0.351 3.10932
0.352 3.10934
0.353 3.10936
0.354 3.10939
0.355 3.10941
0.356 3.10943
0.357 3.10945
0.358 3.10947
0.359 3.1095
0.36 3.10952
0.361 3.10954
0.362 3.10956
0.363 3.10958
0.364 3.10961
0.365 3.10963
0.366 3.10965
0.367 3.10967
0.368 3.1097
0.369 3.10972
0.37 3.10974
0.371 3.10976
0.372 3.10979
0.373 3.10981
0.374 3.10983
0.375 3.10986
0.376 3.10988
0.377 3.1099
0.378 3.10993
0.379 3.10995
0.38 3.10997
0.381 3.11
0.382 3.11002
0.383 3.11004
0.384 3.11007
0.385 3.11009
0.386 3.11011
0.387 3.11014
0.388 3.11016
0.389 3.11018
0.39 3.11021
0.391 3.11023
0.392 3.11026
0.393 3.11028
0.394 3.1103
0.395 3.11033
0.396 3.11035
0.397 3.11038
0.398 3.1104
0.399 3.11042
0.4 3.11045
0.401 3.11047
0.402 3.1105
0.403 3.11052
0.404 3.11055
0.405 3.11057
0.406 3.1106
0.407 3.11062
0.408 3.11065
0.409 3.11067
0.41 3.1107
0.411 3.11072
0.412 3.11075
0.413 3.11077
0.414 3.1108
0.415 3.11082
0.416 3.11085
0.417 3.11087
0.418 3.1109
0.419 3.11092
0.42 3.11095
0.421 3.11097
0.422 3.111
0.423 3.11103
0.424 3.11105
0.425 3.11108
0.426 3.1111
0.427 3.11113
0.428 3.11115
0.429 3.11118
0.43 3.11121
0.431 3.11123
0.432 3.11126
0.433 3.11128
0.434 3.11131
0.435 3.11134
0.436 3.11136
0.437 3.11139
0.438 3.11142
0.439 3.11144
0.44 3.11147
0.441 3.1115
0.442 3.11152
0.443 3.11155
0.444 3.11158
0.445 3.1116
0.446 3.11163
0.447 3.11166
0.448 3.11168
0.449 3.11171
0.45 3.11174
0.451 3.11176
0.452 3.11179
0.453 3.11182
0.454 3.11185
0.455 3.11187
0.456 3.1119
0.457 3.11193
0.458 3.11196
0.459 3.11198
0.46 3.11201
0.461 3.11204
0.462 3.11207
0.463 3.11209
0.464 3.11212
0.465 3.11215
0.466 3.11218
0.467 3.1122
0.468 3.11223
0.469 3.11226
0.47 3.11229
0.471 3.11232
0.472 3.11235
0.473 3.11237
0.474 3.1124
0.475 3.11243
0.476 3.11246
0.477 3.11249
0.478 3.11252
0.479 3.11254
0.48 3.11257
0.481 3.1126
0.482 3.11263
0.483 3.11266
0.484 3.11269
0.485 3.11272
0.486 3.11274
0.487 3.11277
0.488 3.1128
0.489 3.11283
0.49 3.11286
0.491 3.11289
0.492 3.11292
0.493 3.11295
0.494 3.11298
0.495 3.11301
0.496 3.11304
0.497 3.11307
0.498 3.11309
0.499 3.11312
0.5 3.11315
0.501 3.11318
0.502 3.11321
0.503 3.11324
0.504 3.11327
0.505 3.1133
0.506 3.11333
0.507 3.11336
0.508 3.11339
0.509 3.11342
0.51 3.11345
0.511 3.11348
0.512 3.11351
0.513 3.11354
0.514 3.11357
0.515 3.1136
0.516 3.11363
0.517 3.11366
0.518 3.11369
0.519 3.11372
0.52 3.11375
0.521 3.11378
0.522 3.11381
0.523 3.11384
0.524 3.11388
0.525 3.11391
0.526 3.11394
0.527 3.11397
0.528 3.114
0.529 3.11403
0.53 3.11406
0.531 3.11409
0.532 3.11412
0.533 3.11415
0.534 3.11418
0.535 3.11421
0.536 3.11425
0.537 3.11428
0.538 3.11431
0.539 3.11434
0.54 3.11437
0.541 3.1144
0.542 3.11443
0.543 3.11447
0.544 3.1145
0.545 3.11453
0.546 3.11456
0.547 3.11459
0.548 3.11462
0.549 3.11465
0.55 3.11469
0.551 3.11472
0.552 3.11475
0.553 3.11478
0.554 3.11481
0.555 3.11485
0.556 3.11488
0.557 3.11491
0.558 3.11494
0.559 3.11497
0.56 3.11501
0.561 3.11504
0.562 3.11507
0.563 3.1151
0.564 3.11513
0.565 3.11517
0.566 3.1152
0.567 3.11523
0.568 3.11526
0.569 3.1153
0.57 3.11533
0.571 3.11536
0.572 3.11539
0.573 3.11543
0.574 3.11546
0.575 3.11549
0.576 3.11553
0.577 3.11556
0.578 3.11559
0.579 3.11562
0.58 3.11566
0.581 3.11569
0.582 3.11572
0.583 3.11576
0.584 3.11579
0.585 3.11582
0.586 3.11586
0.587 3.11589
0.588 3.11592
0.589 3.11596
0.59 3.11599
0.591 3.11602
0.592 3.11606
0.593 3.11609
0.594 3.11612
0.595 3.11616
0.596 3.11619
0.597 3.11622
0.598 3.11626
0.599 3.11629
0.6 3.11632
0.601 3.11636
0.602 3.11639
0.603 3.11642
0.604 3.11646
0.605 3.11649
0.606 3.11653
0.607 3.11656
0.608 3.11659
0.609 3.11663
0.61 3.11666
0.611 3.1167
0.612 3.11673
0.613 3.11676
0.614 3.1168
0.615 3.11683
0.616 3.11687
0.617 3.1169
0.618 3.11694
0.619 3.11697
0.62 3.11701
0.621 3.11704
0.622 3.11707
0.623 3.11711
0.624 3.11714
0.625 3.11718
0.626 3.11721
0.627 3.11725
0.628 3.11728
0.629 3.11732
0.63 3.11735
0.631 3.11739
0.632 3.11742
0.633 3.11746
0.634 3.11749
0.635 3.11753
0.636 3.11756
0.637 3.1176
0.638 3.11763
0.639 3.11767
0.64 3.1177
0.641 3.11774
0.642 3.11777
0.643 3.11781
0.644 3.11784
0.645 3.11788
0.646 3.11791
0.647 3.11795
0.648 3.11798
0.649 3.11802
0.65 3.11805
0.651 3.11809
0.652 3.11812
0.653 3.11816
0.654 3.1182
0.655 3.11823
0.656 3.11827
0.657 3.1183
0.658 3.11834
0.659 3.11837
0.66 3.11841
0.661 3.11844
0.662 3.11848
0.663 3.11852
0.664 3.11855
0.665 3.11859
0.666 3.11862
0.667 3.11866
0.668 3.1187
0.669 3.11873
0.67 3.11877
0.671 3.1188
0.672 3.11884
0.673 3.11888
0.674 3.11891
0.675 3.11895
0.676 3.11898
0.677 3.11902
0.678 3.11906
0.679 3.11909
0.68 3.11913
0.681 3.11917
0.682 3.1192
0.683 3.11924
0.684 3.11928
0.685 3.11931
0.686 3.11935
0.687 3.11938
0.688 3.11942
0.689 3.11946
0.69 3.11949
0.691 3.11953
0.692 3.11957
0.693 3.1196
0.694 3.11964
0.695 3.11968
0.696 3.11971
0.697 3.11975
0.698 3.11979
0.699 3.11982
0.7 3.11986
0.701 3.1199
0.702 3.11994
0.703 3.11997
0.704 3.12001
0.705 3.12005
0.706 3.12008
0.707 3.12012
0.708 3.12016
0.709 3.12019
0.71 3.12023
0.711 3.12027
0.712 3.12031
0.713 3.12034
0.714 3.12038
0.715 3.12042
0.716 3.12046
0.717 3.12049
0.718 3.12053
0.719 3.12057
0.72 3.1206
0.721 3.12064
0.722 3.12068
0.723 3.12072
0.724 3.12075
0.725 3.12079
0.726 3.12083
0.727 3.12087
0.728 3.1209
0.729 3.12094
0.73 3.12098
0.731 3.12102
0.732 3.12105
0.733 3.12109
0.734 3.12113
0.735 3.12117
0.736 3.12121
0.737 3.12124
0.738 3.12128
0.739 3.12132
0.74 3.12136
0.741 3.12139
0.742 3.12143
0.743 3.12147
0.744 3.12151
0.745 3.12155
0.746 3.12158
0.747 3.12162
0.748 3.12166
0.749 3.1217
0.75 3.12174
0.751 3.12177
0.752 3.12181
0.753 3.12185
0.754 3.12189
0.755 3.12193
0.756 3.12197
0.757 3.122
0.758 3.12204
0.759 3.12208
0.76 3.12212
0.761 3.12216
0.762 3.1222
0.763 3.12223
0.764 3.12227
0.765 3.12231
0.766 3.12235
0.767 3.12239
0.768 3.12243
0.769 3.12246
0.77 3.1225
0.771 3.12254
0.772 3.12258
0.773 3.12262
0.774 3.12266
0.775 3.1227
0.776 3.12273
0.777 3.12277
0.778 3.12281
0.779 3.12285
0.78 3.12289
0.781 3.12293
0.782 3.12297
0.783 3.123
0.784 3.12304
0.785 3.12308
0.786 3.12312
0.787 3.12316
0.788 3.1232
0.789 3.12324
0.79 3.12328
0.791 3.12331
0.792 3.12335
0.793 3.12339
0.794 3.12343
0.795 3.12347
0.796 3.12351
0.797 3.12355
0.798 3.12359
0.799 3.12363
0.8 3.12367
0.801 3.1237
0.802 3.12374
0.803 3.12378
0.804 3.12382
0.805 3.12386
0.806 3.1239
0.807 3.12394
0.808 3.12398
0.809 3.12402
0.81 3.12406
0.811 3.1241
0.812 3.12413
0.813 3.12417
0.814 3.12421
0.815 3.12425
0.816 3.12429
0.817 3.12433
0.818 3.12437
0.819 3.12441
0.82 3.12445
0.821 3.12449
0.822 3.12453
0.823 3.12457
0.824 3.12461
0.825 3.12465
0.826 3.12469
0.827 3.12472
0.828 3.12476
0.829 3.1248
0.83 3.12484
0.831 3.12488
0.832 3.12492
0.833 3.12496
0.834 3.125
0.835 3.12504
0.836 3.12508
0.837 3.12512
0.838 3.12516
0.839 3.1252
0.84 3.12524
0.841 3.12528
0.842 3.12532
0.843 3.12536
0.844 3.1254
0.845 3.12544
0.846 3.12548
0.847 3.12552
0.848 3.12556
0.849 3.1256
0.85 3.12563
0.851 3.12567
0.852 3.12571
0.853 3.12575
0.854 3.12579
0.855 3.12583
0.856 3.12587
0.857 3.12591
0.858 3.12595
0.859 3.12599
0.86 3.12603
0.861 3.12607
0.862 3.12611
0.863 3.12615
0.864 3.12619
0.865 3.12623
0.866 3.12627
0.867 3.12631
0.868 3.12635
0.869 3.12639
0.87 3.12643
0.871 3.12647
0.872 3.12651
0.873 3.12655
0.874 3.12659
0.875 3.12663
0.876 3.12667
0.877 3.12671
0.878 3.12675
0.879 3.12679
0.88 3.12683
0.881 3.12687
0.882 3.12691
0.883 3.12695
0.884 3.12699
0.885 3.12703
0.886 3.12707
0.887 3.12711
0.888 3.12715
0.889 3.12719
0.89 3.12723
0.891 3.12727
0.892 3.12731
0.893 3.12735
0.894 3.12739
0.895 3.12743
0.896 3.12747
0.897 3.12751
0.898 3.12755
0.899 3.12759
0.9 3.12763
0.901 3.12767
0.902 3.12771
0.903 3.12775
0.904 3.12779
0.905 3.12783
0.906 3.12787
0.907 3.12791
0.908 3.12796
0.909 3.128
0.91 3.12804
0.911 3.12808
0.912 3.12812
0.913 3.12816
0.914 3.1282
0.915 3.12824
0.916 3.12828
0.917 3.12832
0.918 3.12836
0.919 3.1284
0.92 3.12844
0.921 3.12848
0.922 3.12852
0.923 3.12856
0.924 3.1286
0.925 3.12864
0.926 3.12868
0.927 3.12872
0.928 3.12876
0.929 3.1288
0.93 3.12884
0.931 3.12888
0.932 3.12892
0.933 3.12896
0.934 3.129
0.935 3.12904
0.936 3.12908
0.937 3.12912
0.938 3.12916
0.939 3.1292
0.94 3.12925
0.941 3.12929
0.942 3.12933
0.943 3.12937
0.944 3.12941
0.945 3.12945
0.946 3.12949
0.947 3.12953
0.948 3.12957
0.949 3.12961
0.95 3.12965
0.951 3.12969
0.952 3.12973
0.953 3.12977
0.954 3.12981
0.955 3.12985
0.956 3.12989
0.957 3.12993
0.958 3.12997
0.959 3.13001
0.96 3.13005
0.961 3.13009
0.962 3.13013
0.963 3.13018
0.964 3.13022
0.965 3.13026
0.966 3.1303
0.967 3.13034
0.968 3.13038
0.969 3.13042
0.97 3.13046
0.971 3.1305
0.972 3.13054
0.973 3.13058
0.974 3.13062
0.975 3.13066
0.976 3.1307
0.977 3.13074
0.978 3.13078
0.979 3.13082
0.98 3.13086
0.981 3.1309
0.982 3.13094
0.983 3.13098
0.984 3.13103
0.985 3.13107
0.986 3.13111
0.987 3.13115
0.988 3.13119
0.989 3.13123
0.99 3.13127
0.991 3.13131
0.992 3.13135
0.993 3.13139
0.994 3.13143
0.995 3.13147
0.996 3.13151
0.997 3.13155
0.998 3.13159
0.999 3.13163
1 3.13167
1.001 0
