0 -10
0.01 -8.25497
0.02 -8.24971
0.03 -8.24443
0.04 -8.23914
0.05 -8.23383
0.06 -8.22851
0.07 -8.22318
0.08 -8.21783
0.09 -8.21247
0.1 -8.2071
0.11 -8.20171
0.12 -8.19631
0.13 -8.1909
0.14 -8.18547
0.15 -8.18003
0.16 -8.17457
0.17 -8.1691
0.18 -8.16362
0.19 -8.15813
0.2 -8.15262
0.21 -8.14709
0.22 -8.14156
0.23 -8.13601
0.24 -8.13044
0.25 -8.12486
0.26 -8.11927
0.27 -8.11367
0.28 -8.10805
0.29 -8.10242
0.3 -8.09677
0.31 -8.09111
0.32 -8.08544
0.33 -8.07975
0.34 -8.07405
0.35 -8.06833
0.36 -8.0626
0.37 -8.05685
0.38 -8.05109
0.39 -8.04532
0.4 -8.03953
0.41 -8.03373
0.42 -8.02791
0.43 -8.02208
0.44 -8.01623
0.45 -8.01037
0.46 -8.00449
0.47 -7.9986
0.48 -7.99269
0.49 -7.98677
0.5 -7.98083
0.51 -7.97487
0.52 -7.9689
0.53 -7.96291
0.54 -7.95691
0.55 -7.95088
0.56 -7.94485
0.57 -7.93879
0.58 -7.93272
0.59 -7.92663
0.6 -7.92052
0.61 -7.91439
0.62 -7.90825
0.63 -7.90209
0.64 -7.89591
0.65 -7.88971
0.66 -7.88349
0.67 -7.87725
0.68 -7.87099
0.69 -7.86471
0.7 -7.85841
0.71 -7.85209
0.72 -7.84575
0.73 -7.83938
0.74 -7.833
0.75 -7.82659
0.76 -7.82016
0.77 -7.81371
0.78 -7.80723
0.79 -7.80073
0.8 -7.79421
0.81 -7.78766
0.82 -7.78109
0.83 -7.77449
0.84 -7.76786
0.85 -7.76121
0.86 -7.75453
0.87 -7.74782
0.88 -7.74109
0.89 -7.73433
0.9 -7.72754
0.91 -7.72072
0.92 -7.71387
0.93 -7.70699
0.94 -7.70008
0.95 -7.69313
0.96 -7.68616
0.97 -7.67915
0.98 -7.67211
0.99 -7.66503
1 -7.65792
1.01 -7.65078
1.02 -7.6436
1.03 -7.63638
1.04 -7.62913
1.05 -7.62184
1.06 -7.61451
1.07 -7.60715
1.08 -7.59974
1.09 -7.59229
1.1 -7.58481
1.11 -7.57728
1.12 -7.56971
1.13 -7.5621
1.14 -7.55444
1.15 -7.54674
1.16 -7.53899
1.17 -7.5312
1.18 -7.52337
1.19 -7.51549
1.2 -7.50756
1.21 -7.49958
1.22 -7.49155
1.23 -7.48348
1.24 -7.47536
1.25 -7.46718
1.26 -7.45895
1.27 -7.45068
1.28 -7.44235
1.29 -7.43396
1.3 -7.42553
1.31 -7.41704
1.32 -7.4085
1.33 -7.3999
1.34 -7.39124
1.35 -7.38253
1.36 -7.37376
1.37 -7.36494
1.38 -7.35606
1.39 -7.34712
1.4 -7.33812
1.41 -7.32906
1.42 -7.31995
1.43 -7.31077
1.44 -7.30154
1.45 -7.29224
1.46 -7.28289
1.47 -7.27348
1.48 -7.264
1.49 -7.25446
1.5 -7.24487
1.51 -7.23521
1.52 -7.22549
1.53 -7.21572
1.54 -7.20588
1.55 -7.19598
1.56 -7.18602
1.57 -7.176
1.58 -7.16592
1.59 -7.15578
1.6 -7.14558
1.61 -7.13532
1.62 -7.12501
1.63 -7.11463
1.64 -7.1042
1.65 -7.09372
1.66 -7.08317
1.67 -7.07258
1.68 -7.06192
1.69 -7.05122
1.7 -7.04046
1.71 -7.02965
1.72 -7.01879
1.73 -7.00788
1.74 -6.99692
1.75 -6.98592
1.76 -6.97487
1.77 -6.96377
1.78 -6.95263
1.79 -6.94146
1.8 -6.93024
1.81 -6.91898
1.82 -6.90769
1.83 -6.89636
1.84 -6.885
1.85 -6.87361
1.86 -6.8622
1.87 -6.85075
1.88 -6.83928
1.89 -6.82779
1.9 -6.81627
1.91 -6.80474
1.92 -6.79319
1.93 -6.78163
1.94 -6.77006
1.95 -6.75848
1.96 -6.7469
1.97 -6.73531
1.98 -6.72372
1.99 -6.71213
2 -6.70054
2.01 -6.68897
2.02 -6.6774
2.03 -6.66584
2.04 -6.6543
2.05 -6.64278
2.06 -6.63128
2.07 -6.61981
2.08 -6.60836
2.09 -6.59694
2.1 -6.58555
2.11 -6.5742
2.12 -6.56288
2.13 -6.55161
2.14 -6.54038
2.15 -6.52919
2.16 -6.51806
2.17 -6.50698
2.18 -6.49595
2.19 -6.48498
2.2 -6.47407
2.21 -6.46322
2.22 -6.45244
2.23 -6.44172
2.24 -6.43108
2.25 -6.42051
2.26 -6.41001
2.27 -6.39959
2.28 -6.38925
2.29 -6.37899
2.3 -6.36882
2.31 -6.35873
2.32 -6.34873
2.33 -6.33882
2.34 -6.329
2.35 -6.31928
2.36 -6.30965
2.37 -6.30011
2.38 -6.29068
2.39 -6.28134
2.4 -6.2721
2.41 -6.26297
2.42 -6.25394
2.43 -6.24501
2.44 -6.23619
2.45 -6.22748
2.46 -6.21887
2.47 -6.21037
2.48 -6.20198
2.49 -6.19369
2.5 -6.18552
2.51 -6.17746
2.52 -6.1695
2.53 -6.16166
2.54 -6.15392
2.55 -6.1463
2.56 -6.13879
2.57 -6.13139
2.58 -6.12409
2.59 -6.11691
2.6 -6.10984
2.61 -6.10288
2.62 -6.09602
2.63 -6.08928
2.64 -6.08264
2.65 -6.07611
2.66 -6.06969
2.67 -6.06337
2.68 -6.05716
2.69 -6.05106
2.7 -6.04505
2.71 -6.03915
2.72 -6.03336
2.73 -6.02766
2.74 -6.02207
2.75 -6.01657
2.76 -6.01117
2.77 -6.00587
2.78 -6.00067
2.79 -5.99556
2.8 -5.99055
2.81 -5.98563
2.82 -5.9808
2.83 -5.97606
2.84 -5.97141
2.85 -5.96685
2.86 -5.96237
2.87 -5.95798
2.88 -5.95368
2.89 -5.94946
2.9 -5.94532
2.91 -5.94126
2.92 -5.93728
2.93 -5.93338
2.94 -5.92956
2.95 -5.92581
2.96 -5.92214
2.97 -5.91854
2.98 -5.91501
2.99 -5.91155
3 -5.90817
3.01 -5.90485
3.02 -5.9016
3.03 -5.89841
3.04 -5.89529
3.05 -5.89223
3.06 -5.88924
3.07 -5.88631
3.08 -5.88344
3.09 -5.88062
3.1 -5.87787
3.11 -5.87517
3.12 -5.87253
3.13 -5.86994
3.14 -5.86741
3.15 -5.86493
3.16 -5.8625
3.17 -5.86012
3.18 -5.85779
3.19 -5.85551
3.2 -5.85327
3.21 -5.85109
3.22 -5.84894
3.23 -5.84685
3.24 -5.84479
3.25 -5.84278
3.26 -5.84082
3.27 -5.83889
3.28 -5.837
3.29 -5.83515
3.3 -5.83334
3.31 -5.83157
3.32 -5.82984
3.33 -5.82814
3.34 -5.82648
3.35 -5.82485
3.36 -5.82325
3.37 -5.82169
3.38 -5.82016
3.39 -5.81866
3.4 -5.81719
3.41 -5.81576
3.42 -5.81435
3.43 -5.81297
3.44 -5.81162
3.45 -5.8103
3.46 -5.809
3.47 -5.80773
3.48 -5.80649
3.49 -5.80527
3.5 -5.80408
3.51 -5.80291
3.52 -5.80176
3.53 -5.80064
3.54 -5.79954
3.55 -5.79846
3.56 -5.7974
3.57 -5.79637
3.58 -5.79535
3.59 -5.79435
3.6 -5.79338
3.61 -5.79242
3.62 -5.79148
3.63 -5.79056
3.64 -5.78966
3.65 -5.78877
3.66 -5.78791
3.67 -5.78705
3.68 -5.78622
3.69 -5.7854
3.7 -5.78459
3.71 -5.7838
3.72 -5.78303
3.73 -5.78227
3.74 -5.78152
3.75 -5.78079
3.76 -5.78007
3.77 -5.77937
3.78 -5.77867
3.79 -5.77799
3.8 -5.77732
3.81 -5.77666
3.82 -5.77602
3.83 -5.77538
3.84 -5.77476
3.85 -5.77415
3.86 -5.77355
3.87 -5.77295
3.88 -5.77237
3.89 -5.7718
3.9 -5.77124
3.91 -5.77068
3.92 -5.77014
3.93 -5.7696
3.94 -5.76907
3.95 -5.76855
3.96 -5.76804
3.97 -5.76754
3.98 -5.76704
3.99 -5.76656
4 -5.76608
4.01 -5.7656
4.02 -5.76514
4.03 -5.76468
4.04 -5.76422
4.05 -5.76378
4.06 -5.76334
4.07 -5.7629
4.08 -5.76248
4.09 -5.76205
4.1 -5.76164
4.11 -5.76123
4.12 -5.76082
4.13 -5.76042
4.14 -5.76002
4.15 -5.75963
4.16 -5.75925
4.17 -5.75887
4.18 -5.75849
4.19 -5.75812
4.2 -5.75775
4.21 -5.75739
4.22 -5.75703
4.23 -5.75667
4.24 -5.75632
4.25 -5.75597
4.26 -5.75563
4.27 -5.75529
4.28 -5.75495
4.29 -5.75462
4.3 -5.75429
4.31 -5.75396
4.32 -5.75364
4.33 -5.75331
4.34 -5.753
4.35 -5.75268
4.36 -5.75237
4.37 -5.75206
4.38 -5.75175
4.39 -5.75144
4.4 -5.75114
4.41 -5.75084
4.42 -5.75054
4.43 -5.75025
4.44 -5.74995
4.45 -5.74966
4.46 -5.74937
4.47 -5.74908
4.48 -5.7488
4.49 -5.74851
4.5 -5.74823
4.51 -5.74795
4.52 -5.74767
4.53 -5.74739
4.54 -5.74712
4.55 -5.74684
4.56 -5.74657
4.57 -5.74629
4.58 -5.74602
4.59 -5.74575
4.6 -5.74549
4.61 -5.74522
4.62 -5.74495
4.63 -5.74469
4.64 -5.74442
4.65 -5.74416
4.66 -5.7439
4.67 -5.74363
4.68 -5.74337
4.69 -5.74311
4.7 -5.74285
4.71 -5.74259
4.72 -5.74234
4.73 -5.74208
4.74 -5.74182
4.75 -5.74157
4.76 -5.74131
4.77 -5.74105
4.78 -5.7408
4.79 -5.74054
4.8 -5.74029
4.81 -5.74004
4.82 -5.73978
4.83 -5.73953
4.84 -5.73928
4.85 -5.73902
4.86 -5.73877
4.87 -5.73852
4.88 -5.73827
4.89 -5.73801
4.9 -5.73776
4.91 -5.73751
4.92 -5.73726
4.93 -5.73701
4.94 -5.73675
4.95 -5.7365
4.96 -5.73625
4.97 -5.736
4.98 -5.73574
4.99 -5.73549
5 -5.73524
5.01 -5.73499
5.02 -5.73473
5.03 -5.73448
5.04 -5.73423
5.05 -5.73397
5.06 -5.73372
5.07 -5.73346
5.08 -5.73321
5.09 -5.73295
5.1 -5.7327
5.11 -5.73244
5.12 -5.73218
5.13 -5.73193
5.14 -5.73167
5.15 -5.73141
5.16 -5.73115
5.17 -5.7309
5.18 -5.73064
5.19 -5.73038
5.2 -5.73012
5.21 -5.72985
5.22 -5.72959
5.23 -5.72933
5.24 -5.72907
5.25 -5.7288
5.26 -5.72854
5.27 -5.72828
5.28 -5.72801
5.29 -5.72774
5.3 -5.72748
5.31 -5.72721
5.32 -5.72694
5.33 -5.72667
5.34 -5.7264
5.35 -5.72613
5.36 -5.72586
5.37 -5.72559
5.38 -5.72531
5.39 -5.72504
5.4 -5.72476
5.41 -5.72449
5.42 -5.72421
5.43 -5.72393
5.44 -5.72366
5.45 -5.72338
5.46 -5.7231
5.47 -5.72282
5.48 -5.72253
5.49 -5.72225
5.5 -5.72197
5.51 -5.72168
5.52 -5.72139
5.53 -5.72111
5.54 -5.72082
5.55 -5.72053
5.56 -5.72024
5.57 -5.71995
5.58 -5.71965
5.59 -5.71936
5.6 -5.71906
5.61 -5.71877
5.62 -5.71847
5.63 -5.71817
5.64 -5.71787
5.65 -5.71757
5.66 -5.71727
5.67 -5.71696
5.68 -5.71666
5.69 -5.71635
5.7 -5.71605
5.71 -5.71574
5.72 -5.71543
5.73 -5.71512
5.74 -5.7148
5.75 -5.71449
5.76 -5.71418
5.77 -5.71386
5.78 -5.71354
5.79 -5.71322
5.8 -5.7129
5.81 -5.71258
5.82 -5.71226
5.83 -5.71193
5.84 -5.71161
5.85 -5.71128
5.86 -5.71095
5.87 -5.71062
5.88 -5.71028
5.89 -5.70995
5.9 -5.70962
5.91 -5.70928
5.92 -5.70894
5.93 -5.7086
5.94 -5.70826
5.95 -5.70791
5.96 -5.70757
5.97 -5.70722
5.98 -5.70687
5.99 -5.70653
6 -5.70617
6.01 -5.70582
6.02 -5.70547
6.03 -5.70511
6.04 -5.70475
6.05 -5.70439
6.06 -5.70403
6.07 -5.70366
6.08 -5.7033
6.09 -5.70293
6.1 -5.70256
6.11 -5.70219
6.12 -5.70182
6.13 -5.70144
6.14 -5.70107
6.15 -5.70069
6.16 -5.70031
6.17 -5.69993
6.18 -5.69954
6.19 -5.69916
6.2 -5.69877
6.21 -5.69838
6.22 -5.69799
6.23 -5.69759
6.24 -5.6972
6.25 -5.6968
6.26 -5.6964
6.27 -5.696
6.28 -5.69559
6.29 -5.69518
6.3 -5.69478
6.31 -5.69437
6.32 -5.69395
6.33 -5.69354
6.34 -5.69312
6.35 -5.6927
6.36 -5.69228
6.37 -5.69186
6.38 -5.69143
6.39 -5.691
6.4 -5.69057
6.41 -5.69014
6.42 -5.68971
6.43 -5.68927
6.44 -5.68883
6.45 -5.68839
6.46 -5.68794
6.47 -5.6875
6.48 -5.68705
6.49 -5.6866
6.5 -5.68615
6.51 -5.68569
6.52 -5.68523
6.53 -5.68477
6.54 -5.68431
6.55 -5.68384
6.56 -5.68338
6.57 -5.68291
6.58 -5.68243
6.59 -5.68196
6.6 -5.68148
6.61 -5.681
6.62 -5.68052
6.63 -5.68004
6.64 -5.67955
6.65 -5.67906
6.66 -5.67857
6.67 -5.67807
6.68 -5.67758
6.69 -5.67708
6.7 -5.67658
6.71 -5.67607
6.72 -5.67556
6.73 -5.67506
6.74 -5.67454
6.75 -5.67403
6.76 -5.67351
6.77 -5.67299
6.78 -5.67247
6.79 -5.67195
6.8 -5.67142
6.81 -5.67089
6.82 -5.67036
6.83 -5.66982
6.84 -5.66929
6.85 -5.66875
6.86 -5.66821
6.87 -5.66766
6.88 -5.66712
6.89 -5.66657
6.9 -5.66602
6.91 -5.66546
6.92 -5.6649
6.93 -5.66435
6.94 -5.66378
6.95 -5.66322
6.96 -5.66266
6.97 -5.66209
6.98 -5.66152
6.99 -5.66094
7 -5.66037
7.01 -5.65979
7.02 -5.65921
7.03 -5.65863
7.04 -5.65804
7.05 -5.65746
7.06 -5.65687
7.07 -5.65628
7.08 -5.65568
7.09 -5.65509
7.1 -5.65449
7.11 -5.65389
7.12 -5.65329
7.13 -5.65269
7.14 -5.65208
7.15 -5.65147
7.16 -5.65086
7.17 -5.65025
7.18 -5.64964
7.19 -5.64902
7.2 -5.64841
7.21 -5.64779
7.22 -5.64717
7.23 -5.64655
7.24 -5.64592
7.25 -5.6453
7.26 -5.64467
7.27 -5.64404
7.28 -5.64341
7.29 -5.64277
7.3 -5.64214
7.31 -5.6415
7.32 -5.64087
7.33 -5.64023
7.34 -5.63959
7.35 -5.63895
7.36 -5.6383
7.37 -5.63766
7.38 -5.63701
7.39 -5.63637
7.4 -5.63572
7.41 -5.63507
7.42 -5.63442
7.43 -5.63376
7.44 -5.63311
7.45 -5.63245
7.46 -5.6318
7.47 -5.63114
7.48 -5.63048
7.49 -5.62982
7.5 -5.62916
7.51 -5.62849
7.52 -5.62783
7.53 -5.62716
7.54 -5.6265
7.55 -5.62583
7.56 -5.62516
7.57 -5.62448
7.58 -5.62381
7.59 -5.62314
7.6 -5.62246
7.61 -5.62178
7.62 -5.6211
7.63 -5.62042
7.64 -5.61974
7.65 -5.61905
7.66 -5.61837
7.67 -5.61768
7.68 -5.61699
7.69 -5.61629
7.7 -5.6156
7.71 -5.6149
7.72 -5.6142
7.73 -5.6135
7.74 -5.61279
7.75 -5.61208
7.76 -5.61137
7.77 -5.61066
7.78 -5.60994
7.79 -5.60922
7.8 -5.60849
7.81 -5.60776
7.82 -5.60703
7.83 -5.60629
7.84 -5.60555
7.85 -5.60481
7.86 -5.60406
7.87 -5.6033
7.88 -5.60254
7.89 -5.60178
7.9 -5.60101
7.91 -5.60023
7.92 -5.59945
7.93 -5.59866
7.94 -5.59786
7.95 -5.59706
7.96 -5.59625
7.97 -5.59544
7.98 -5.59461
7.99 -5.59378
8 -5.59294
8.01 -5.59209
8.02 -5.59124
8.03 -5.59037
8.04 -5.5895
8.05 -5.58862
8.06 -5.58772
8.07 -5.58682
8.08 -5.58591
8.09 -5.58499
8.1 -5.58405
8.11 -5.58311
8.12 -5.58215
8.13 -5.58119
8.14 -5.58021
8.15 -5.57922
8.16 -5.57822
8.17 -5.5772
8.18 -5.57618
8.19 -5.57514
8.2 -5.57408
8.21 -5.57302
8.22 -5.57194
8.23 -5.57084
8.24 -5.56974
8.25 -5.56862
8.26 -5.56748
8.27 -5.56633
8.28 -5.56517
8.29 -5.564
8.3 -5.5628
8.31 -5.5616
8.32 -5.56038
8.33 -5.55915
8.34 -5.5579
8.35 -5.55664
8.36 -5.55536
8.37 -5.55407
8.38 -5.55276
8.39 -5.55145
8.4 -5.55011
8.41 -5.54877
8.42 -5.54741
8.43 -5.54604
8.44 -5.54466
8.45 -5.54326
8.46 -5.54186
8.47 -5.54044
8.48 -5.53901
8.49 -5.53757
8.5 -5.53612
8.51 -5.53467
8.52 -5.5332
8.53 -5.53173
8.54 -5.53025
8.55 -5.52876
8.56 -5.52727
8.57 -5.52577
8.58 -5.52427
8.59 -5.52277
8.6 -5.52127
8.61 -5.51977
8.62 -5.51826
8.63 -5.51676
8.64 -5.51526
8.65 -5.51377
8.66 -5.51228
8.67 -5.5108
8.68 -5.50933
8.69 -5.50787
8.7 -5.50642
8.71 -5.50498
8.72 -5.50356
8.73 -5.50216
8.74 -5.50077
8.75 -5.4994
8.76 -5.49806
8.77 -5.49674
8.78 -5.49545
8.79 -5.49418
8.8 -5.49295
8.81 -5.49175
8.82 -5.49058
8.83 -5.48945
8.84 -5.48836
8.85 -5.48731
8.86 -5.48631
8.87 -5.48535
8.88 -5.48444
8.89 -5.48358
8.9 -5.48278
8.91 -5.48203
8.92 -5.48134
8.93 -5.48071
8.94 -5.48015
8.95 -5.47965
8.96 -5.47923
8.97 -5.47887
8.98 -5.47859
8.99 -5.47839
9 -5.47827
9.01 -5.47823
9.02 -5.47828
9.03 -5.47841
9.04 -5.47864
9.05 -5.47896
9.06 -5.47938
9.07 -5.4799
9.08 -5.48052
9.09 -5.48125
9.1 -5.48208
9.11 -5.48302
9.12 -5.48408
9.13 -5.48525
9.14 -5.48654
9.15 -5.48795
9.16 -5.48948
9.17 -5.49113
9.18 -5.49292
9.19 -5.49483
9.2 -5.49688
9.21 -5.49905
9.22 -5.50137
9.23 -5.50382
9.24 -5.50641
9.25 -5.50914
9.26 -5.51202
9.27 -5.51504
9.28 -5.51821
9.29 -5.52153
9.3 -5.52499
9.31 -5.52861
9.32 -5.53237
9.33 -5.53629
9.34 -5.54037
9.35 -5.54459
9.36 -5.54898
9.37 -5.55352
9.38 -5.55821
9.39 -5.56306
9.4 -5.56807
9.41 -5.57324
9.42 -5.57856
9.43 -5.58404
9.44 -5.58968
9.45 -5.59547
9.46 -5.60142
9.47 -5.60753
9.48 -5.61379
9.49 -5.6202
9.5 -5.62677
9.51 -5.63349
9.52 -5.64036
9.53 -5.64737
9.54 -5.65454
9.55 -5.66185
9.56 -5.6693
9.57 -5.6769
9.58 -5.68464
9.59 -5.69251
9.6 -5.70052
9.61 -5.70867
9.62 -5.71695
9.63 -5.72535
9.64 -5.73389
9.65 -5.74254
9.66 -5.75132
9.67 -5.76021
9.68 -5.76922
9.69 -5.77834
9.7 -5.78758
9.71 -5.79691
9.72 -5.80635
9.73 -5.81589
9.74 -5.82553
9.75 -5.83525
9.76 -5.84507
9.77 -5.85498
9.78 -5.86496
9.79 -5.87503
9.8 -5.88517
9.81 -5.89538
9.82 -5.90566
9.83 -5.91601
9.84 -5.92642
9.85 -5.93689
9.86 -5.94741
9.87 -5.95798
9.88 -5.96861
9.89 -5.97927
9.9 -5.98998
9.91 -6.00073
9.92 -6.01151
9.93 -6.02232
9.94 -6.03316
9.95 -6.04402
9.96 -6.05491
9.97 -6.06581
9.98 -6.07673
9.99 -6.08767
10 -6.09861
10.001 -10
