0 5
0.01 3.91121
0.02 3.91221
0.03 3.91321
0.04 3.91423
0.05 3.91526
0.06 3.9163
0.07 3.91734
0.08 3.9184
0.09 3.91947
0.1 3.92055
0.11 3.92164
0.12 3.92274
0.13 3.92386
0.14 3.92498
0.15 3.92612
0.16 3.92727
0.17 3.92843
0.18 3.9296
0.19 3.93078
0.2 3.93197
0.21 3.93318
0.22 3.9344
0.23 3.93563
0.24 3.93687
0.25 3.93813
0.26 3.9394
0.27 3.94068
0.28 3.94197
0.29 3.94328
0.3 3.9446
0.31 3.94593
0.32 3.94728
0.33 3.94864
0.34 3.95002
0.35 3.95141
0.36 3.95281
0.37 3.95422
0.38 3.95565
0.39 3.9571
0.4 3.95856
0.41 3.96003
0.42 3.96152
0.43 3.96302
0.44 3.96454
0.45 3.96607
0.46 3.96762
0.47 3.96918
0.48 3.97076
0.49 3.97236
0.5 3.97397
0.51 3.9756
0.52 3.97724
0.53 3.9789
0.54 3.98057
0.55 3.98226
0.56 3.98397
0.57 3.9857
0.58 3.98744
0.59 3.9892
0.6 3.99098
0.61 3.99277
0.62 3.99459
0.63 3.99642
0.64 3.99827
0.65 4.00013
0.66 4.00202
0.67 4.00392
0.68 4.00584
0.69 4.00778
0.7 4.00974
0.71 4.01172
0.72 4.01372
0.73 4.01574
0.74 4.01778
0.75 4.01984
0.76 4.02192
0.77 4.02402
0.78 4.02614
0.79 4.02828
0.8 4.03044
0.81 4.03263
0.82 4.03483
0.83 4.03706
0.84 4.03931
0.85 4.04159
0.86 4.04388
0.87 4.0462
0.88 4.04854
0.89 4.0509
0.9 4.05329
0.91 4.0557
0.92 4.05814
0.93 4.0606
0.94 4.06309
0.95 4.0656
0.96 4.06814
0.97 4.0707
0.98 4.07329
0.99 4.0759
1 4.07855
1.01 4.08122
1.02 4.08391
1.03 4.08664
1.04 4.08939
1.05 4.09217
1.06 4.09498
1.07 4.09782
1.08 4.10069
1.09 4.10359
1.1 4.10652
1.11 4.10949
1.12 4.11248
1.13 4.11551
1.14 4.11856
1.15 4.12166
1.16 4.12478
1.17 4.12794
1.18 4.13113
1.19 4.13436
1.2 4.13762
1.21 4.14092
1.22 4.14426
1.23 4.14763
1.24 4.15104
1.25 4.15449
1.26 4.15797
1.27 4.1615
1.28 4.16506
1.29 4.16867
1.3 4.17232
1.31 4.176
1.32 4.17973
1.33 4.18351
1.34 4.18732
1.35 4.19119
1.36 4.19509
1.37 4.19904
1.38 4.20304
1.39 4.20708
1.4 4.21117
1.41 4.21531
1.42 4.2195
1.43 4.22373
1.44 4.22802
1.45 4.23235
1.46 4.23674
1.47 4.24118
1.48 4.24567
1.49 4.25022
1.5 4.25482
1.51 4.25947
1.52 4.26418
1.53 4.26894
1.54 4.27376
1.55 4.27864
1.56 4.28358
1.57 4.28857
1.58 4.29362
1.59 4.29873
1.6 4.30391
1.61 4.30914
1.62 4.31443
1.63 4.31979
1.64 4.3252
1.65 4.33068
1.66 4.33623
1.67 4.34183
1.68 4.3475
1.69 4.35324
1.7 4.35903
1.71 4.3649
1.72 4.37082
1.73 4.37682
1.74 4.38288
1.75 4.389
1.76 4.39519
1.77 4.40145
1.78 4.40777
1.79 4.41416
1.8 4.42061
1.81 4.42713
1.82 4.43371
1.83 4.44036
1.84 4.44708
1.85 4.45386
1.86 4.4607
1.87 4.4676
1.88 4.47457
1.89 4.48161
1.9 4.4887
1.91 4.49586
1.92 4.50307
1.93 4.51035
1.94 4.51768
1.95 4.52508
1.96 4.53253
1.97 4.54003
1.98 4.54759
1.99 4.5552
2 4.56287
2.01 4.57058
2.02 4.57835
2.03 4.58616
2.04 4.59402
2.05 4.60192
2.06 4.60987
2.07 4.61786
2.08 4.62588
2.09 4.63395
2.1 4.64205
2.11 4.65018
2.12 4.65835
2.13 4.66654
2.14 4.67477
2.15 4.68301
2.16 4.69129
2.17 4.69958
2.18 4.70789
2.19 4.71622
2.2 4.72456
2.21 4.73292
2.22 4.74128
2.23 4.74965
2.24 4.75803
2.25 4.76641
2.26 4.7748
2.27 4.78318
2.28 4.79155
2.29 4.79992
2.3 4.80828
2.31 4.81663
2.32 4.82497
2.33 4.8333
2.34 4.8416
2.35 4.84989
2.36 4.85815
2.37 4.86639
2.38 4.87461
2.39 4.8828
2.4 4.89095
2.41 4.89908
2.42 4.90718
2.43 4.91523
2.44 4.92326
2.45 4.93124
2.46 4.93918
2.47 4.94708
2.48 4.95494
2.49 4.96276
2.5 4.97052
2.51 4.97824
2.52 4.98592
2.53 4.99354
2.54 5.00111
2.55 5.00863
2.56 5.0161
2.57 5.02351
2.58 5.03087
2.59 5.03817
2.6 5.04542
2.61 5.0526
2.62 5.05974
2.63 5.06681
2.64 5.07382
2.65 5.08078
2.66 5.08767
2.67 5.09451
2.68 5.10128
2.69 5.10799
2.7 5.11465
2.71 5.12124
2.72 5.12777
2.73 5.13423
2.74 5.14064
2.75 5.14698
2.76 5.15327
2.77 5.15949
2.78 5.16565
2.79 5.17174
2.8 5.17778
2.81 5.18375
2.82 5.18967
2.83 5.19552
2.84 5.20132
2.85 5.20705
2.86 5.21272
2.87 5.21833
2.88 5.22389
2.89 5.22938
2.9 5.23482
2.91 5.2402
2.92 5.24552
2.93 5.25078
2.94 5.25598
2.95 5.26113
2.96 5.26623
2.97 5.27126
2.98 5.27625
2.99 5.28117
3 5.28605
3.01 5.29087
3.02 5.29563
3.03 5.30035
3.04 5.30501
3.05 5.30962
3.06 5.31418
3.07 5.31869
3.08 5.32315
3.09 5.32755
3.1 5.33191
3.11 5.33623
3.12 5.34049
3.13 5.34471
3.14 5.34888
3.15 5.353
3.16 5.35708
3.17 5.36111
3.18 5.3651
3.19 5.36904
3.2 5.37294
3.21 5.37679
3.22 5.38061
3.23 5.38438
3.24 5.38811
3.25 5.3918
3.26 5.39545
3.27 5.39906
3.28 5.40263
3.29 5.40616
3.3 5.40965
3.31 5.4131
3.32 5.41652
3.33 5.41989
3.34 5.42324
3.35 5.42654
3.36 5.42981
3.37 5.43305
3.38 5.43625
3.39 5.43941
3.4 5.44254
3.41 5.44564
3.42 5.44871
3.43 5.45174
3.44 5.45474
3.45 5.45771
3.46 5.46065
3.47 5.46355
3.48 5.46643
3.49 5.46928
3.5 5.47209
3.51 5.47488
3.52 5.47764
3.53 5.48037
3.54 5.48307
3.55 5.48575
3.56 5.4884
3.57 5.49102
3.58 5.49361
3.59 5.49618
3.6 5.49872
3.61 5.50124
3.62 5.50373
3.63 5.50619
3.64 5.50863
3.65 5.51105
3.66 5.51345
3.67 5.51582
3.68 5.51816
3.69 5.52049
3.7 5.52279
3.71 5.52507
3.72 5.52732
3.73 5.52956
3.74 5.53177
3.75 5.53397
3.76 5.53614
3.77 5.53829
3.78 5.54042
3.79 5.54254
3.8 5.54463
3.81 5.5467
3.82 5.54876
3.83 5.55079
3.84 5.55281
3.85 5.5548
3.86 5.55678
3.87 5.55875
3.88 5.56069
3.89 5.56262
3.9 5.56453
3.91 5.56642
3.92 5.5683
3.93 5.57016
3.94 5.572
3.95 5.57383
3.96 5.57564
3.97 5.57744
3.98 5.57922
3.99 5.58098
4 5.58273
4.01 5.58447
4.02 5.58619
4.03 5.5879
4.04 5.58959
4.05 5.59127
4.06 5.59294
4.07 5.59459
4.08 5.59623
4.09 5.59786
4.1 5.59947
4.11 5.60107
4.12 5.60266
4.13 5.60423
4.14 5.60579
4.15 5.60734
4.16 5.60888
4.17 5.61041
4.18 5.61192
4.19 5.61343
4.2 5.61492
4.21 5.6164
4.22 5.61787
4.23 5.61933
4.24 5.62078
4.25 5.62222
4.26 5.62364
4.27 5.62506
4.28 5.62647
4.29 5.62787
4.3 5.62925
4.31 5.63063
4.32 5.632
4.33 5.63336
4.34 5.63471
4.35 5.63605
4.36 5.63738
4.37 5.6387
4.38 5.64001
4.39 5.64132
4.4 5.64261
4.41 5.6439
4.42 5.64518
4.43 5.64645
4.44 5.64771
4.45 5.64897
4.46 5.65022
4.47 5.65146
4.48 5.65269
4.49 5.65391
4.5 5.65513
4.51 5.65634
4.52 5.65754
4.53 5.65873
4.54 5.65992
4.55 5.6611
4.56 5.66228
4.57 5.66344
4.58 5.6646
4.59 5.66576
4.6 5.6669
4.61 5.66805
4.62 5.66918
4.63 5.67031
4.64 5.67143
4.65 5.67255
4.66 5.67366
4.67 5.67476
4.68 5.67586
4.69 5.67695
4.7 5.67804
4.71 5.67912
4.72 5.6802
4.73 5.68127
4.74 5.68234
4.75 5.6834
4.76 5.68445
4.77 5.6855
4.78 5.68655
4.79 5.68759
4.8 5.68862
4.81 5.68965
4.82 5.69068
4.83 5.6917
4.84 5.69272
4.85 5.69373
4.86 5.69474
4.87 5.69574
4.88 5.69674
4.89 5.69773
4.9 5.69872
4.91 5.69971
4.92 5.70069
4.93 5.70167
4.94 5.70265
4.95 5.70362
4.96 5.70458
4.97 5.70555
4.98 5.7065
4.99 5.70746
5 5.70841
5.01 5.70936
5.02 5.7103
5.03 5.71124
5.04 5.71218
5.05 5.71312
5.06 5.71405
5.07 5.71498
5.08 5.7159
5.09 5.71682
5.1 5.71774
5.11 5.71866
5.12 5.71957
5.13 5.72048
5.14 5.72138
5.15 5.72229
5.16 5.72319
5.17 5.72409
5.18 5.72498
5.19 5.72588
5.2 5.72677
5.21 5.72765
5.22 5.72854
5.23 5.72942
5.24 5.7303
5.25 5.73118
5.26 5.73205
5.27 5.73293
5.28 5.7338
5.29 5.73467
5.3 5.73553
5.31 5.7364
5.32 5.73726
5.33 5.73812
5.34 5.73898
5.35 5.73983
5.36 5.74069
5.37 5.74154
5.38 5.74239
5.39 5.74324
5.4 5.74408
5.41 5.74493
5.42 5.74577
5.43 5.74661
5.44 5.74745
5.45 5.74829
5.46 5.74913
5.47 5.74996
5.48 5.7508
5.49 5.75163
5.5 5.75246
5.51 5.75329
5.52 5.75411
5.53 5.75494
5.54 5.75576
5.55 5.75659
5.56 5.75741
5.57 5.75823
5.58 5.75905
5.59 5.75987
5.6 5.76069
5.61 5.7615
5.62 5.76232
5.63 5.76313
5.64 5.76395
5.65 5.76476
5.66 5.76557
5.67 5.76638
5.68 5.76719
5.69 5.768
5.7 5.76881
5.71 5.76961
5.72 5.77042
5.73 5.77122
5.74 5.77203
5.75 5.77283
5.76 5.77364
5.77 5.77444
5.78 5.77524
5.79 5.77604
5.8 5.77684
5.81 5.77764
5.82 5.77844
5.83 5.77924
5.84 5.78004
5.85 5.78084
5.86 5.78164
5.87 5.78243
5.88 5.78323
5.89 5.78403
5.9 5.78482
5.91 5.78562
5.92 5.78642
5.93 5.78721
5.94 5.78801
5.95 5.7888
5.96 5.7896
5.97 5.79039
5.98 5.79119
5.99 5.79198
6 5.79278
6.01 5.79357
6.02 5.79436
6.03 5.79516
6.04 5.79595
6.05 5.79675
6.06 5.79754
6.07 5.79834
6.08 5.79913
6.09 5.79993
6.1 5.80072
6.11 5.80152
6.12 5.80231
6.13 5.80311
6.14 5.8039
6.15 5.8047
6.16 5.8055
6.17 5.80629
6.18 5.80709
6.19 5.80789
6.2 5.80868
6.21 5.80948
6.22 5.81028
6.23 5.81108
6.24 5.81188
6.25 5.81268
6.26 5.81348
6.27 5.81428
6.28 5.81508
6.29 5.81588
6.3 5.81668
6.31 5.81749
6.32 5.81829
6.33 5.81909
6.34 5.8199
6.35 5.8207
6.36 5.82151
6.37 5.82231
6.38 5.82312
6.39 5.82393
6.4 5.82474
6.41 5.82555
6.42 5.82636
6.43 5.82717
6.44 5.82798
6.45 5.82879
6.46 5.8296
6.47 5.83042
6.48 5.83123
6.49 5.83205
6.5 5.83286
6.51 5.83368
6.52 5.8345
6.53 5.83532
6.54 5.83614
6.55 5.83696
6.56 5.83778
6.57 5.83861
6.58 5.83943
6.59 5.84026
6.6 5.84108
6.61 5.84191
6.62 5.84274
6.63 5.84357
6.64 5.8444
6.65 5.84523
6.66 5.84606
6.67 5.84689
6.68 5.84773
6.69 5.84856
6.7 5.8494
6.71 5.85024
6.72 5.85108
6.73 5.85192
6.74 5.85276
6.75 5.8536
6.76 5.85445
6.77 5.85529
6.78 5.85614
6.79 5.85699
6.8 5.85784
6.81 5.85869
6.82 5.85954
6.83 5.86039
6.84 5.86125
6.85 5.8621
6.86 5.86296
6.87 5.86382
6.88 5.86468
6.89 5.86554
6.9 5.8664
6.91 5.86726
6.92 5.86813
6.93 5.86899
6.94 5.86986
6.95 5.87073
6.96 5.8716
6.97 5.87247
6.98 5.87335
6.99 5.87422
7 5.8751
7.01 5.87598
7.02 5.87686
7.03 5.87774
7.04 5.87862
7.05 5.8795
7.06 5.88039
7.07 5.88127
7.08 5.88216
7.09 5.88305
7.1 5.88395
7.11 5.88484
7.12 5.88573
7.13 5.88663
7.14 5.88753
7.15 5.88843
7.16 5.88933
7.17 5.89023
7.18 5.89114
7.19 5.89204
7.2 5.89295
7.21 5.89386
7.22 5.89477
7.23 5.89569
7.24 5.8966
7.25 5.89752
7.26 5.89844
7.27 5.89936
7.28 5.90028
7.29 5.90121
7.3 5.90213
7.31 5.90306
7.32 5.90399
7.33 5.90493
7.34 5.90586
7.35 5.9068
7.36 5.90774
7.37 5.90868
7.38 5.90963
7.39 5.91057
7.4 5.91152
7.41 5.91247
7.42 5.91343
7.43 5.91438
7.44 5.91534
7.45 5.9163
7.46 5.91727
7.47 5.91823
7.48 5.9192
7.49 5.92018
7.5 5.92115
7.51 5.92213
7.52 5.92311
7.53 5.9241
7.54 5.92509
7.55 5.92608
7.56 5.92707
7.57 5.92807
7.58 5.92907
7.59 5.93008
7.6 5.93109
7.61 5.9321
7.62 5.93312
7.63 5.93414
7.64 5.93517
7.65 5.9362
7.66 5.93724
7.67 5.93828
7.68 5.93933
7.69 5.94038
7.7 5.94143
7.71 5.94249
7.72 5.94356
7.73 5.94463
7.74 5.94571
7.75 5.94679
7.76 5.94789
7.77 5.94898
7.78 5.95009
7.79 5.9512
7.8 5.95231
7.81 5.95344
7.82 5.95457
7.83 5.95571
7.84 5.95685
7.85 5.95801
7.86 5.95917
7.87 5.96034
7.88 5.96152
7.89 5.96271
7.9 5.96391
7.91 5.96511
7.92 5.96633
7.93 5.96755
7.94 5.96879
7.95 5.97004
7.96 5.97129
7.97 5.97256
7.98 5.97384
7.99 5.97513
8 5.97643
8.01 5.97774
8.02 5.97907
8.03 5.9804
8.04 5.98175
8.05 5.98312
8.06 5.98449
8.07 5.98588
8.08 5.98728
8.09 5.9887
8.1 5.99013
8.11 5.99157
8.12 5.99303
8.13 5.9945
8.14 5.99599
8.15 5.99749
8.16 5.99901
8.17 6.00054
8.18 6.00209
8.19 6.00366
8.2 6.00524
8.21 6.00684
8.22 6.00845
8.23 6.01008
8.24 6.01173
8.25 6.01339
8.26 6.01507
8.27 6.01677
8.28 6.01848
8.29 6.02021
8.3 6.02196
8.31 6.02373
8.32 6.02551
8.33 6.02731
8.34 6.02912
8.35 6.03096
8.36 6.03281
8.37 6.03467
8.38 6.03656
8.39 6.03846
8.4 6.04037
8.41 6.04231
8.42 6.04426
8.43 6.04622
8.44 6.0482
8.45 6.05019
8.46 6.0522
8.47 6.05423
8.48 6.05626
8.49 6.05831
8.5 6.06037
8.51 6.06245
8.52 6.06454
8.53 6.06663
8.54 6.06874
8.55 6.07086
8.56 6.07298
8.57 6.07512
8.58 6.07726
8.59 6.0794
8.6 6.08155
8.61 6.08371
8.62 6.08587
8.63 6.08803
8.64 6.09019
8.65 6.09235
8.66 6.09451
8.67 6.09667
8.68 6.09882
8.69 6.10097
8.7 6.10311
8.71 6.10524
8.72 6.10736
8.73 6.10947
8.74 6.11157
8.75 6.11365
8.76 6.11571
8.77 6.11775
8.78 6.11978
8.79 6.12178
8.8 6.12375
8.81 6.1257
8.82 6.12762
8.83 6.12951
8.84 6.13136
8.85 6.13318
8.86 6.13496
8.87 6.1367
8.88 6.1384
8.89 6.14005
8.9 6.14166
8.91 6.14322
8.92 6.14472
8.93 6.14617
8.94 6.14756
8.95 6.14889
8.96 6.15016
8.97 6.15136
8.98 6.15249
8.99 6.15355
9 6.15454
9.01 6.15546
9.02 6.15629
9.03 6.15704
9.04 6.15771
9.05 6.15829
9.06 6.15878
9.07 6.15918
9.08 6.15948
9.09 6.15969
9.1 6.15979
9.11 6.15979
9.12 6.15969
9.13 6.15948
9.14 6.15915
9.15 6.15872
9.16 6.15816
9.17 6.15749
9.18 6.1567
9.19 6.15579
9.2 6.15475
9.21 6.15358
9.22 6.15229
9.23 6.15086
9.24 6.1493
9.25 6.14761
9.26 6.14577
9.27 6.1438
9.28 6.1417
9.29 6.13945
9.3 6.13705
9.31 6.13452
9.32 6.13183
9.33 6.12901
9.34 6.12603
9.35 6.12291
9.36 6.11964
9.37 6.11622
9.38 6.11265
9.39 6.10893
9.4 6.10507
9.41 6.10105
9.42 6.09688
9.43 6.09257
9.44 6.0881
9.45 6.08349
9.46 6.07873
9.47 6.07382
9.48 6.06877
9.49 6.06357
9.5 6.05823
9.51 6.05275
9.52 6.04713
9.53 6.04137
9.54 6.03547
9.55 6.02944
9.56 6.02327
9.57 6.01698
9.58 6.01056
9.59 6.00401
9.6 5.99734
9.61 5.99056
9.62 5.98365
9.63 5.97663
9.64 5.9695
9.65 5.96227
9.66 5.95493
9.67 5.94749
9.68 5.93995
9.69 5.93232
9.7 5.9246
9.71 5.91679
9.72 5.9089
9.73 5.90094
9.74 5.8929
9.75 5.88478
9.76 5.87661
9.77 5.86836
9.78 5.86007
9.79 5.85171
9.8 5.84331
9.81 5.83486
9.82 5.82636
9.83 5.81783
9.84 5.80927
9.85 5.80067
9.86 5.79205
9.87 5.7834
9.88 5.77474
9.89 5.76606
9.9 5.75737
9.91 5.74867
9.92 5.73996
9.93 5.73126
9.94 5.72256
9.95 5.71387
9.96 5.70518
9.97 5.69651
9.98 5.68786
9.99 5.67922
10 5.67061
10.001 5
