0 0
0.01 0.370332
0.02 0.369527
0.03 0.368723
0.04 0.367921
0.05 0.36712
0.06 0.36632
0.07 0.365522
0.08 0.364726
0.09 0.363932
0.1 0.36314
0.11 0.362349
0.12 0.361561
0.13 0.360775
0.14 0.359991
0.15 0.359209
0.16 0.358429
0.17 0.357652
0.18 0.356878
0.19 0.356106
0.2 0.355337
0.21 0.354571
0.22 0.353808
0.23 0.353048
0.24 0.352291
0.25 0.351537
0.26 0.350787
0.27 0.35004
0.28 0.349297
0.29 0.348557
0.3 0.347821
0.31 0.347089
0.32 0.346362
0.33 0.345638
0.34 0.344919
0.35 0.344204
0.36 0.343494
0.37 0.342789
0.38 0.342088
0.39 0.341392
0.4 0.340702
0.41 0.340017
0.42 0.339337
0.43 0.338663
0.44 0.337994
0.45 0.337332
0.46 0.336675
0.47 0.336025
0.48 0.335381
0.49 0.334744
0.5 0.334113
0.51 0.333489
0.52 0.332873
0.53 0.332263
0.54 0.331661
0.55 0.331066
0.56 0.33048
0.57 0.329901
0.58 0.32933
0.59 0.328768
0.6 0.328214
0.61 0.32767
0.62 0.327134
0.63 0.326607
0.64 0.326089
0.65 0.325581
0.66 0.325083
0.67 0.324595
0.68 0.324117
0.69 0.32365
0.7 0.323193
0.71 0.322747
0.72 0.322312
0.73 0.321889
0.74 0.321477
0.75 0.321077
0.76 0.320689
0.77 0.320313
0.78 0.319949
0.79 0.319599
0.8 0.319261
0.81 0.318936
0.82 0.318625
0.83 0.318328
0.84 0.318045
0.85 0.317775
0.86 0.317521
0.87 0.31728
0.88 0.317055
0.89 0.316845
0.9 0.316651
0.91 0.316471
0.92 0.316308
0.93 0.316161
0.94 0.316031
0.95 0.315917
0.96 0.31582
0.97 0.31574
0.98 0.315677
0.99 0.315632
1 0.315604
1.01 0.315595
1.02 0.315604
1.03 0.315631
1.04 0.315678
1.05 0.315743
1.06 0.315827
1.07 0.31593
1.08 0.316053
1.09 0.316196
1.1 0.316359
1.11 0.316542
1.12 0.316745
1.13 0.316969
1.14 0.317214
1.15 0.317479
1.16 0.317766
1.17 0.318073
1.18 0.318402
1.19 0.318752
1.2 0.319124
1.21 0.319518
1.22 0.319933
1.23 0.320371
1.24 0.32083
1.25 0.321311
1.26 0.321815
1.27 0.322341
1.28 0.322889
1.29 0.32346
1.3 0.324053
1.31 0.324668
1.32 0.325305
1.33 0.325965
1.34 0.326648
1.35 0.327352
1.36 0.328079
1.37 0.328829
1.38 0.3296
1.39 0.330393
1.4 0.331209
1.41 0.332046
1.42 0.332905
1.43 0.333785
1.44 0.334687
1.45 0.33561
1.46 0.336554
1.47 0.337519
1.48 0.338504
1.49 0.33951
1.5 0.340535
1.51 0.341581
1.52 0.342646
1.53 0.34373
1.54 0.344833
1.55 0.345954
1.56 0.347094
1.57 0.348252
1.58 0.349426
1.59 0.350618
1.6 0.351827
1.61 0.353052
1.62 0.354292
1.63 0.355548
1.64 0.356818
1.65 0.358103
1.66 0.359402
1.67 0.360713
1.68 0.362038
1.69 0.363375
1.7 0.364724
1.71 0.366084
1.72 0.367455
1.73 0.368836
1.74 0.370226
1.75 0.371626
1.76 0.373034
1.77 0.37445
1.78 0.375873
1.79 0.377303
1.8 0.37874
1.81 0.380182
1.82 0.381629
1.83 0.383081
1.84 0.384537
1.85 0.385996
1.86 0.387458
1.87 0.388923
1.88 0.39039
1.89 0.391859
1.9 0.393329
1.91 0.394799
1.92 0.39627
1.93 0.39774
1.94 0.39921
1.95 0.40068
1.96 0.402147
1.97 0.403614
1.98 0.405078
1.99 0.406541
2 0.408001
2.01 0.409458
2.02 0.410913
2.03 0.412365
2.04 0.413814
2.05 0.41526
2.06 0.416703
2.07 0.418142
2.08 0.419579
2.09 0.421012
2.1 0.422442
2.11 0.423869
2.12 0.425293
2.13 0.426715
2.14 0.428134
2.15 0.42955
2.16 0.430965
2.17 0.432377
2.18 0.433788
2.19 0.435198
2.2 0.436606
2.21 0.438014
2.22 0.439422
2.23 0.440829
2.24 0.442238
2.25 0.443647
2.26 0.445057
2.27 0.44647
2.28 0.447884
2.29 0.449301
2.3 0.450722
2.31 0.452146
2.32 0.453575
2.33 0.455008
2.34 0.456446
2.35 0.45789
2.36 0.45934
2.37 0.460797
2.38 0.462261
2.39 0.463733
2.4 0.465212
2.41 0.466701
2.42 0.468198
2.43 0.469705
2.44 0.471222
2.45 0.472749
2.46 0.474287
2.47 0.475836
2.48 0.477396
2.49 0.478969
2.5 0.480554
2.51 0.482151
2.52 0.483761
2.53 0.485385
2.54 0.487022
2.55 0.488673
2.56 0.490338
2.57 0.492017
2.58 0.493711
2.59 0.495419
2.6 0.497142
2.61 0.49888
2.62 0.500634
2.63 0.502402
2.64 0.504186
2.65 0.505985
2.66 0.5078
2.67 0.50963
2.68 0.511476
2.69 0.513337
2.7 0.515214
2.71 0.517107
2.72 0.519015
2.73 0.520939
2.74 0.522877
2.75 0.524832
2.76 0.526801
2.77 0.528786
2.78 0.530785
2.79 0.5328
2.8 0.534829
2.81 0.536873
2.82 0.538931
2.83 0.541004
2.84 0.54309
2.85 0.54519
2.86 0.547305
2.87 0.549432
2.88 0.551573
2.89 0.553726
2.9 0.555893
2.91 0.558072
2.92 0.560263
2.93 0.562467
2.94 0.564682
2.95 0.566909
2.96 0.569147
2.97 0.571396
2.98 0.573656
2.99 0.575926
3 0.578206
3.01 0.580497
3.02 0.582797
3.03 0.585106
3.04 0.587424
3.05 0.589751
3.06 0.592087
3.07 0.594431
3.08 0.596782
3.09 0.599142
3.1 0.601508
3.11 0.603882
3.12 0.606262
3.13 0.608649
3.14 0.611043
3.15 0.613442
3.16 0.615846
3.17 0.618256
3.18 0.620672
3.19 0.623092
3.2 0.625516
3.21 0.627945
3.22 0.630378
3.23 0.632814
3.24 0.635254
3.25 0.637698
3.26 0.640144
3.27 0.642593
3.28 0.645044
3.29 0.647498
3.3 0.649954
3.31 0.652411
3.32 0.65487
3.33 0.657331
3.34 0.659792
3.35 0.662254
3.36 0.664717
3.37 0.667181
3.38 0.669645
3.39 0.672108
3.4 0.674572
3.41 0.677035
3.42 0.679498
3.43 0.68196
3.44 0.684421
3.45 0.686881
3.46 0.68934
3.47 0.691797
3.48 0.694253
3.49 0.696707
3.5 0.699159
3.51 0.701609
3.52 0.704057
3.53 0.706503
3.54 0.708946
3.55 0.711387
3.56 0.713825
3.57 0.716261
3.58 0.718693
3.59 0.721122
3.6 0.723549
3.61 0.725972
3.62 0.728391
3.63 0.730807
3.64 0.73322
3.65 0.735629
3.66 0.738035
3.67 0.740436
3.68 0.742834
3.69 0.745228
3.7 0.747618
3.71 0.750003
3.72 0.752385
3.73 0.754762
3.74 0.757136
3.75 0.759505
3.76 0.761869
3.77 0.76423
3.78 0.766586
3.79 0.768937
3.8 0.771284
3.81 0.773627
3.82 0.775965
3.83 0.778298
3.84 0.780627
3.85 0.782952
3.86 0.785271
3.87 0.787586
3.88 0.789897
3.89 0.792203
3.9 0.794504
3.91 0.7968
3.92 0.799092
3.93 0.80138
3.94 0.803662
3.95 0.80594
3.96 0.808214
3.97 0.810483
3.98 0.812747
3.99 0.815007
4 0.817262
4.01 0.819512
4.02 0.821758
4.03 0.824
4.04 0.826237
4.05 0.82847
4.06 0.830698
4.07 0.832922
4.08 0.835142
4.09 0.837357
4.1 0.839568
4.11 0.841775
4.12 0.843978
4.13 0.846176
4.14 0.84837
4.15 0.850561
4.16 0.852747
4.17 0.854929
4.18 0.857108
4.19 0.859282
4.2 0.861453
4.21 0.86362
4.22 0.865783
4.23 0.867942
4.24 0.870098
4.25 0.87225
4.26 0.874399
4.27 0.876544
4.28 0.878686
4.29 0.880824
4.3 0.88296
4.31 0.885091
4.32 0.88722
4.33 0.889346
4.34 0.891468
4.35 0.893588
4.36 0.895705
4.37 0.897818
4.38 0.899929
4.39 0.902038
4.4 0.904143
4.41 0.906246
4.42 0.908347
4.43 0.910445
4.44 0.91254
4.45 0.914633
4.46 0.916724
4.47 0.918813
4.48 0.920899
4.49 0.922984
4.5 0.925066
4.51 0.927147
4.52 0.929226
4.53 0.931302
4.54 0.933378
4.55 0.935451
4.56 0.937523
4.57 0.939593
4.58 0.941662
4.59 0.94373
4.6 0.945796
4.61 0.947861
4.62 0.949925
4.63 0.951988
4.64 0.95405
4.65 0.956111
4.66 0.958171
4.67 0.96023
4.68 0.962288
4.69 0.964346
4.7 0.966404
4.71 0.968461
4.72 0.970517
4.73 0.972573
4.74 0.974629
4.75 0.976684
4.76 0.97874
4.77 0.980795
4.78 0.982851
4.79 0.984907
4.8 0.986962
4.81 0.989019
4.82 0.991075
4.83 0.993132
4.84 0.995189
4.85 0.997247
4.86 0.999306
4.87 1.00136
4.88 1.00342
4.89 1.00549
4.9 1.00755
4.91 1.00961
4.92 1.01167
4.93 1.01374
4.94 1.01581
4.95 1.01787
4.96 1.01994
4.97 1.02201
4.98 1.02409
4.99 1.02616
5 1.02824
5.01 1.03031
5.02 1.03239
5.03 1.03448
5.04 1.03656
5.05 1.03864
5.06 1.04073
5.07 1.04282
5.08 1.04492
5.09 1.04701
5.1 1.04911
5.11 1.05121
5.12 1.05331
5.13 1.05542
5.14 1.05753
5.15 1.05964
5.16 1.06175
5.17 1.06387
5.18 1.06599
5.19 1.06812
5.2 1.07024
5.21 1.07238
5.22 1.07451
5.23 1.07665
5.24 1.07879
5.25 1.08094
5.26 1.08309
5.27 1.08524
5.28 1.0874
5.29 1.08956
5.3 1.09173
5.31 1.0939
5.32 1.09607
5.33 1.09825
5.34 1.10044
5.35 1.10263
5.36 1.10482
5.37 1.10702
5.38 1.10922
5.39 1.11143
5.4 1.11365
5.41 1.11587
5.42 1.11809
5.43 1.12032
5.44 1.12256
5.45 1.1248
5.46 1.12705
5.47 1.1293
5.48 1.13156
5.49 1.13382
5.5 1.13609
5.51 1.13837
5.52 1.14066
5.53 1.14295
5.54 1.14524
5.55 1.14755
5.56 1.14986
5.57 1.15217
5.58 1.1545
5.59 1.15683
5.6 1.15917
5.61 1.16151
5.62 1.16387
5.63 1.16623
5.64 1.16859
5.65 1.17097
5.66 1.17335
5.67 1.17575
5.68 1.17815
5.69 1.18055
5.7 1.18297
5.71 1.1854
5.72 1.18783
5.73 1.19027
5.74 1.19272
5.75 1.19518
5.76 1.19765
5.77 1.20013
5.78 1.20262
5.79 1.20511
5.8 1.20762
5.81 1.21013
5.82 1.21266
5.83 1.2152
5.84 1.21774
5.85 1.2203
5.86 1.22286
5.87 1.22544
5.88 1.22803
5.89 1.23062
5.9 1.23323
5.91 1.23585
5.92 1.23848
5.93 1.24112
5.94 1.24378
5.95 1.24644
5.96 1.24912
5.97 1.25181
5.98 1.25451
5.99 1.25722
6 1.25994
6.01 1.26268
6.02 1.26543
6.03 1.26819
6.04 1.27097
6.05 1.27376
6.06 1.27656
6.07 1.27937
6.08 1.2822
6.09 1.28504
6.1 1.2879
6.11 1.29077
6.12 1.29365
6.13 1.29655
6.14 1.29946
6.15 1.30239
6.16 1.30533
6.17 1.30829
6.18 1.31126
6.19 1.31425
6.2 1.31726
6.21 1.32027
6.22 1.32331
6.23 1.32636
6.24 1.32943
6.25 1.33251
6.26 1.33561
6.27 1.33873
6.28 1.34186
6.29 1.34501
6.3 1.34818
6.31 1.35137
6.32 1.35457
6.33 1.35779
6.34 1.36103
6.35 1.36429
6.36 1.36757
6.37 1.37086
6.38 1.37418
6.39 1.37751
6.4 1.38086
6.41 1.38423
6.42 1.38763
6.43 1.39104
6.44 1.39447
6.45 1.39792
6.46 1.4014
6.47 1.40489
6.48 1.4084
6.49 1.41194
6.5 1.4155
6.51 1.41908
6.52 1.42268
6.53 1.4263
6.54 1.42994
6.55 1.43361
6.56 1.4373
6.57 1.44101
6.58 1.44475
6.59 1.44851
6.6 1.45229
6.61 1.4561
6.62 1.45993
6.63 1.46379
6.64 1.46767
6.65 1.47157
6.66 1.4755
6.67 1.47945
6.68 1.48343
6.69 1.48744
6.7 1.49147
6.71 1.49553
6.72 1.49961
6.73 1.50372
6.74 1.50786
6.75 1.51202
6.76 1.51621
6.77 1.52043
6.78 1.52468
6.79 1.52895
6.8 1.53325
6.81 1.53758
6.82 1.54194
6.83 1.54632
6.84 1.55074
6.85 1.55518
6.86 1.55966
6.87 1.56416
6.88 1.56869
6.89 1.57326
6.9 1.57785
6.91 1.58247
6.92 1.58713
6.93 1.59181
6.94 1.59653
6.95 1.60127
6.96 1.60605
6.97 1.61086
6.98 1.6157
6.99 1.62057
7 1.62547
7.01 1.63041
7.02 1.63538
7.03 1.64038
7.04 1.64541
7.05 1.65048
7.06 1.65557
7.07 1.6607
7.08 1.66587
7.09 1.67107
7.1 1.6763
7.11 1.68156
7.12 1.68686
7.13 1.69219
7.14 1.69755
7.15 1.70295
7.16 1.70838
7.17 1.71385
7.18 1.71935
7.19 1.72488
7.2 1.73045
7.21 1.73605
7.22 1.74168
7.23 1.74735
7.24 1.75306
7.25 1.75879
7.26 1.76457
7.27 1.77037
7.28 1.77621
7.29 1.78209
7.3 1.788
7.31 1.79394
7.32 1.79991
7.33 1.80592
7.34 1.81197
7.35 1.81805
7.36 1.82416
7.37 1.8303
7.38 1.83648
7.39 1.84269
7.4 1.84894
7.41 1.85522
7.42 1.86153
7.43 1.86787
7.44 1.87425
7.45 1.88066
7.46 1.8871
7.47 1.89358
7.48 1.90009
7.49 1.90663
7.5 1.9132
7.51 1.9198
7.52 1.92643
7.53 1.9331
7.54 1.9398
7.55 1.94653
7.56 1.95328
7.57 1.96007
7.58 1.96689
7.59 1.97375
7.6 1.98063
7.61 1.98754
7.62 1.99448
7.63 2.00145
7.64 2.00845
7.65 2.01548
7.66 2.02253
7.67 2.02962
7.68 2.03674
7.69 2.04388
7.7 2.05105
7.71 2.05826
7.72 2.06549
7.73 2.07274
7.74 2.08003
7.75 2.08735
7.76 2.09469
7.77 2.10206
7.78 2.10946
7.79 2.11689
7.8 2.12434
7.81 2.13183
7.82 2.13934
7.83 2.14688
7.84 2.15445
7.85 2.16205
7.86 2.16967
7.87 2.17733
7.88 2.18501
7.89 2.19272
7.9 2.20047
7.91 2.20824
7.92 2.21604
7.93 2.22388
7.94 2.23174
7.95 2.23964
7.96 2.24756
7.97 2.25552
7.98 2.26351
7.99 2.27154
8 2.2796
8.01 2.28769
8.02 2.29582
8.03 2.30398
8.04 2.31218
8.05 2.32041
8.06 2.32869
8.07 2.337
8.08 2.34535
8.09 2.35374
8.1 2.36217
8.11 2.37064
8.12 2.37915
8.13 2.38771
8.14 2.39631
8.15 2.40496
8.16 2.41365
8.17 2.42239
8.18 2.43118
8.19 2.44002
8.2 2.4489
8.21 2.45784
8.22 2.46683
8.23 2.47588
8.24 2.48497
8.25 2.49413
8.26 2.50334
8.27 2.51261
8.28 2.52193
8.29 2.53132
8.3 2.54077
8.31 2.55028
8.32 2.55985
8.33 2.56949
8.34 2.57919
8.35 2.58896
8.36 2.5988
8.37 2.60871
8.38 2.61868
8.39 2.62873
8.4 2.63885
8.41 2.64904
8.42 2.6593
8.43 2.66964
8.44 2.68005
8.45 2.69054
8.46 2.7011
8.47 2.71175
8.48 2.72247
8.49 2.73326
8.5 2.74414
8.51 2.7551
8.52 2.76613
8.53 2.77725
8.54 2.78844
8.55 2.79972
8.56 2.81108
8.57 2.82251
8.58 2.83403
8.59 2.84563
8.6 2.85731
8.61 2.86907
8.62 2.88091
8.63 2.89282
8.64 2.90482
8.65 2.9169
8.66 2.92905
8.67 2.94128
8.68 2.95358
8.69 2.96596
8.7 2.97841
8.71 2.99094
8.72 3.00353
8.73 3.0162
8.74 3.02893
8.75 3.04173
8.76 3.0546
8.77 3.06753
8.78 3.08052
8.79 3.09357
8.8 3.10668
8.81 3.11985
8.82 3.13307
8.83 3.14634
8.84 3.15965
8.85 3.17302
8.86 3.18643
8.87 3.19988
8.88 3.21337
8.89 3.22689
8.9 3.24045
8.91 3.25404
8.92 3.26766
8.93 3.2813
8.94 3.29497
8.95 3.30865
8.96 3.32235
8.97 3.33606
8.98 3.34979
8.99 3.36351
9 3.37725
9.01 3.39098
9.02 3.40471
9.03 3.41844
9.04 3.43215
9.05 3.44585
9.06 3.45954
9.07 3.47321
9.08 3.48686
9.09 3.50049
9.1 3.51409
9.11 3.52765
9.12 3.54119
9.13 3.55469
9.14 3.56815
9.15 3.58157
9.16 3.59494
9.17 3.60827
9.18 3.62154
9.19 3.63477
9.2 3.64794
9.21 3.66105
9.22 3.67411
9.23 3.6871
9.24 3.70003
9.25 3.71289
9.26 3.72569
9.27 3.73841
9.28 3.75107
9.29 3.76365
9.3 3.77616
9.31 3.78858
9.32 3.80094
9.33 3.81321
9.34 3.8254
9.35 3.8375
9.36 3.84953
9.37 3.86146
9.38 3.87332
9.39 3.88508
9.4 3.89676
9.41 3.90835
9.42 3.91984
9.43 3.93125
9.44 3.94256
9.45 3.95378
9.46 3.96491
9.47 3.97595
9.48 3.98689
9.49 3.99773
9.5 4.00848
9.51 4.01913
9.52 4.02969
9.53 4.04014
9.54 4.0505
9.55 4.06077
9.56 4.07093
9.57 4.08099
9.58 4.09096
9.59 4.10082
9.6 4.11058
9.61 4.12025
9.62 4.12981
9.63 4.13927
9.64 4.14863
9.65 4.15788
9.66 4.16703
9.67 4.17609
9.68 4.18503
9.69 4.19388
9.7 4.20262
9.71 4.21125
9.72 4.21978
9.73 4.22821
9.74 4.23653
9.75 4.24475
9.76 4.25286
9.77 4.26086
9.78 4.26876
9.79 4.27655
9.8 4.28424
9.81 4.29181
9.82 4.29928
9.83 4.30665
9.84 4.3139
9.85 4.32105
9.86 4.32809
9.87 4.33503
9.88 4.34185
9.89 4.34857
9.9 4.35518
9.91 4.36168
9.92 4.36808
9.93 4.37437
9.94 4.38054
9.95 4.38662
9.96 4.39258
9.97 4.39844
9.98 4.40419
9.99 4.40983
10 4.41537
10.001 0
