0 5
0.01 4.32237
0.02 4.32385
0.03 4.32534
0.04 4.32684
0.05 4.32835
0.06 4.32987
0.07 4.33141
0.08 4.33296
0.09 4.33451
0.1 4.33608
0.11 4.33767
0.12 4.33926
0.13 4.34087
0.14 4.34249
0.15 4.34412
0.16 4.34577
0.17 4.34743
0.18 4.3491
0.19 4.35078
0.2 4.35248
0.21 4.35419
0.22 4.35591
0.23 4.35765
0.24 4.3594
0.25 4.36116
0.26 4.36294
0.27 4.36473
0.28 4.36653
0.29 4.36835
0.3 4.37019
0.31 4.37203
0.32 4.3739
0.33 4.37577
0.34 4.37767
0.35 4.37957
0.36 4.3815
0.37 4.38343
0.38 4.38538
0.39 4.38735
0.4 4.38934
0.41 4.39134
0.42 4.39335
0.43 4.39538
0.44 4.39743
0.45 4.39949
0.46 4.40158
0.47 4.40367
0.48 4.40579
0.49 4.40792
0.5 4.41007
0.51 4.41224
0.52 4.41442
0.53 4.41662
0.54 4.41884
0.55 4.42108
0.56 4.42334
0.57 4.42561
0.58 4.42791
0.59 4.43022
0.6 4.43255
0.61 4.43491
0.62 4.43728
0.63 4.43967
0.64 4.44208
0.65 4.44452
0.66 4.44697
0.67 4.44944
0.68 4.45194
0.69 4.45445
0.7 4.45699
0.71 4.45955
0.72 4.46213
0.73 4.46474
0.74 4.46736
0.75 4.47001
0.76 4.47268
0.77 4.47538
0.78 4.4781
0.79 4.48084
0.8 4.48361
0.81 4.4864
0.82 4.48922
0.83 4.49206
0.84 4.49492
0.85 4.49781
0.86 4.50073
0.87 4.50367
0.88 4.50664
0.89 4.50964
0.9 4.51266
0.91 4.51571
0.92 4.51879
0.93 4.52189
0.94 4.52502
0.95 4.52818
0.96 4.53137
0.97 4.53459
0.98 4.53784
0.99 4.54112
1 4.54442
1.01 4.54776
1.02 4.55112
1.03 4.55452
1.04 4.55795
1.05 4.56141
1.06 4.5649
1.07 4.56842
1.08 4.57197
1.09 4.57555
1.1 4.57917
1.11 4.58282
1.12 4.5865
1.13 4.59022
1.14 4.59397
1.15 4.59775
1.16 4.60157
1.17 4.60542
1.18 4.6093
1.19 4.61322
1.2 4.61718
1.21 4.62116
1.22 4.62519
1.23 4.62925
1.24 4.63334
1.25 4.63747
1.26 4.64163
1.27 4.64584
1.28 4.65007
1.29 4.65435
1.3 4.65865
1.31 4.663
1.32 4.66738
1.33 4.6718
1.34 4.67626
1.35 4.68075
1.36 4.68527
1.37 4.68984
1.38 4.69444
1.39 4.69908
1.4 4.70375
1.41 4.70846
1.42 4.71321
1.43 4.718
1.44 4.72282
1.45 4.72767
1.46 4.73257
1.47 4.73749
1.48 4.74246
1.49 4.74746
1.5 4.75249
1.51 4.75757
1.52 4.76267
1.53 4.76781
1.54 4.77299
1.55 4.7782
1.56 4.78344
1.57 4.78872
1.58 4.79403
1.59 4.79937
1.6 4.80474
1.61 4.81015
1.62 4.81559
1.63 4.82106
1.64 4.82656
1.65 4.83209
1.66 4.83765
1.67 4.84324
1.68 4.84886
1.69 4.85451
1.7 4.86018
1.71 4.86588
1.72 4.87161
1.73 4.87736
1.74 4.88314
1.75 4.88894
1.76 4.89476
1.77 4.90061
1.78 4.90648
1.79 4.91237
1.8 4.91828
1.81 4.92421
1.82 4.93015
1.83 4.93612
1.84 4.9421
1.85 4.9481
1.86 4.95412
1.87 4.96015
1.88 4.96619
1.89 4.97225
1.9 4.97831
1.91 4.98439
1.92 4.99048
1.93 4.99658
1.94 5.00268
1.95 5.0088
1.96 5.01492
1.97 5.02104
1.98 5.02717
1.99 5.0333
2 5.03943
2.01 5.04557
2.02 5.0517
2.03 5.05784
2.04 5.06397
2.05 5.0701
2.06 5.07623
2.07 5.08235
2.08 5.08847
2.09 5.09458
2.1 5.10068
2.11 5.10678
2.12 5.11287
2.13 5.11894
2.14 5.12501
2.15 5.13106
2.16 5.13711
2.17 5.14313
2.18 5.14915
2.19 5.15515
2.2 5.16113
2.21 5.1671
2.22 5.17304
2.23 5.17897
2.24 5.18489
2.25 5.19078
2.26 5.19665
2.27 5.2025
2.28 5.20832
2.29 5.21413
2.3 5.21991
2.31 5.22567
2.32 5.2314
2.33 5.23711
2.34 5.24279
2.35 5.24844
2.36 5.25407
2.37 5.25967
2.38 5.26524
2.39 5.27079
2.4 5.2763
2.41 5.28179
2.42 5.28725
2.43 5.29267
2.44 5.29807
2.45 5.30343
2.46 5.30877
2.47 5.31407
2.48 5.31934
2.49 5.32458
2.5 5.32978
2.51 5.33496
2.52 5.3401
2.53 5.3452
2.54 5.35027
2.55 5.35531
2.56 5.36032
2.57 5.36529
2.58 5.37023
2.59 5.37513
2.6 5.38
2.61 5.38483
2.62 5.38963
2.63 5.3944
2.64 5.39913
2.65 5.40382
2.66 5.40848
2.67 5.41311
2.68 5.4177
2.69 5.42225
2.7 5.42677
2.71 5.43126
2.72 5.43571
2.73 5.44013
2.74 5.44451
2.75 5.44886
2.76 5.45317
2.77 5.45745
2.78 5.4617
2.79 5.46591
2.8 5.47009
2.81 5.47423
2.82 5.47834
2.83 5.48241
2.84 5.48645
2.85 5.49046
2.86 5.49444
2.87 5.49838
2.88 5.50229
2.89 5.50617
2.9 5.51001
2.91 5.51382
2.92 5.5176
2.93 5.52135
2.94 5.52507
2.95 5.52875
2.96 5.53241
2.97 5.53603
2.98 5.53962
2.99 5.54318
3 5.54672
3.01 5.55022
3.02 5.55369
3.03 5.55713
3.04 5.56054
3.05 5.56392
3.06 5.56728
3.07 5.5706
3.08 5.5739
3.09 5.57717
3.1 5.58041
3.11 5.58362
3.12 5.5868
3.13 5.58996
3.14 5.59309
3.15 5.59619
3.16 5.59927
3.17 5.60232
3.18 5.60535
3.19 5.60835
3.2 5.61132
3.21 5.61427
3.22 5.61719
3.23 5.62009
3.24 5.62296
3.25 5.62581
3.26 5.62864
3.27 5.63144
3.28 5.63422
3.29 5.63697
3.3 5.6397
3.31 5.64241
3.32 5.6451
3.33 5.64776
3.34 5.65041
3.35 5.65303
3.36 5.65562
3.37 5.6582
3.38 5.66076
3.39 5.66329
3.4 5.6658
3.41 5.6683
3.42 5.67077
3.43 5.67322
3.44 5.67566
3.45 5.67807
3.46 5.68047
3.47 5.68284
3.48 5.6852
3.49 5.68753
3.5 5.68985
3.51 5.69216
3.52 5.69444
3.53 5.6967
3.54 5.69895
3.55 5.70118
3.56 5.70339
3.57 5.70559
3.58 5.70777
3.59 5.70993
3.6 5.71208
3.61 5.71421
3.62 5.71632
3.63 5.71842
3.64 5.7205
3.65 5.72257
3.66 5.72462
3.67 5.72665
3.68 5.72867
3.69 5.73068
3.7 5.73267
3.71 5.73465
3.72 5.73662
3.73 5.73857
3.74 5.7405
3.75 5.74242
3.76 5.74433
3.77 5.74623
3.78 5.74811
3.79 5.74998
3.8 5.75184
3.81 5.75368
3.82 5.75551
3.83 5.75733
3.84 5.75914
3.85 5.76094
3.86 5.76272
3.87 5.76449
3.88 5.76625
3.89 5.768
3.9 5.76974
3.91 5.77146
3.92 5.77318
3.93 5.77489
3.94 5.77658
3.95 5.77826
3.96 5.77994
3.97 5.7816
3.98 5.78325
3.99 5.7849
4 5.78653
4.01 5.78815
4.02 5.78977
4.03 5.79137
4.04 5.79297
4.05 5.79456
4.06 5.79613
4.07 5.7977
4.08 5.79926
4.09 5.80081
4.1 5.80236
4.11 5.80389
4.12 5.80542
4.13 5.80693
4.14 5.80844
4.15 5.80995
4.16 5.81144
4.17 5.81293
4.18 5.81441
4.19 5.81588
4.2 5.81734
4.21 5.8188
4.22 5.82025
4.23 5.82169
4.24 5.82312
4.25 5.82455
4.26 5.82598
4.27 5.82739
4.28 5.8288
4.29 5.8302
4.3 5.8316
4.31 5.83299
4.32 5.83437
4.33 5.83575
4.34 5.83712
4.35 5.83849
4.36 5.83985
4.37 5.8412
4.38 5.84255
4.39 5.84389
4.4 5.84523
4.41 5.84656
4.42 5.84789
4.43 5.84921
4.44 5.85053
4.45 5.85184
4.46 5.85315
4.47 5.85445
4.48 5.85575
4.49 5.85705
4.5 5.85833
4.51 5.85962
4.52 5.8609
4.53 5.86217
4.54 5.86345
4.55 5.86471
4.56 5.86598
4.57 5.86724
4.58 5.86849
4.59 5.86974
4.6 5.87099
4.61 5.87223
4.62 5.87347
4.63 5.87471
4.64 5.87594
4.65 5.87717
4.66 5.8784
4.67 5.87962
4.68 5.88084
4.69 5.88206
4.7 5.88327
4.71 5.88448
4.72 5.88569
4.73 5.8869
4.74 5.8881
4.75 5.8893
4.76 5.8905
4.77 5.89169
4.78 5.89288
4.79 5.89407
4.8 5.89526
4.81 5.89644
4.82 5.89762
4.83 5.8988
4.84 5.89998
4.85 5.90115
4.86 5.90233
4.87 5.9035
4.88 5.90467
4.89 5.90584
4.9 5.907
4.91 5.90816
4.92 5.90933
4.93 5.91049
4.94 5.91165
4.95 5.9128
4.96 5.91396
4.97 5.91511
4.98 5.91626
4.99 5.91742
5 5.91857
5.01 5.91971
5.02 5.92086
5.03 5.92201
5.04 5.92315
5.05 5.9243
5.06 5.92544
5.07 5.92658
5.08 5.92772
5.09 5.92886
5.1 5.93
5.11 5.93114
5.12 5.93228
5.13 5.93342
5.14 5.93455
5.15 5.93569
5.16 5.93683
5.17 5.93796
5.18 5.9391
5.19 5.94023
5.2 5.94137
5.21 5.9425
5.22 5.94363
5.23 5.94477
5.24 5.9459
5.25 5.94703
5.26 5.94817
5.27 5.9493
5.28 5.95043
5.29 5.95157
5.3 5.9527
5.31 5.95383
5.32 5.95497
5.33 5.9561
5.34 5.95724
5.35 5.95837
5.36 5.95951
5.37 5.96064
5.38 5.96178
5.39 5.96292
5.4 5.96405
5.41 5.96519
5.42 5.96633
5.43 5.96747
5.44 5.96861
5.45 5.96975
5.46 5.97089
5.47 5.97204
5.48 5.97318
5.49 5.97432
5.5 5.97547
5.51 5.97662
5.52 5.97776
5.53 5.97891
5.54 5.98006
5.55 5.98121
5.56 5.98237
5.57 5.98352
5.58 5.98467
5.59 5.98583
5.6 5.98699
5.61 5.98815
5.62 5.98931
5.63 5.99047
5.64 5.99163
5.65 5.9928
5.66 5.99397
5.67 5.99514
5.68 5.99631
5.69 5.99748
5.7 5.99865
5.71 5.99983
5.72 6.00101
5.73 6.00219
5.74 6.00337
5.75 6.00456
5.76 6.00574
5.77 6.00693
5.78 6.00812
5.79 6.00931
5.8 6.01051
5.81 6.01171
5.82 6.01291
5.83 6.01411
5.84 6.01531
5.85 6.01652
5.86 6.01773
5.87 6.01894
5.88 6.02016
5.89 6.02137
5.9 6.02259
5.91 6.02382
5.92 6.02504
5.93 6.02627
5.94 6.0275
5.95 6.02874
5.96 6.02997
5.97 6.03121
5.98 6.03246
5.99 6.0337
6 6.03495
6.01 6.0362
6.02 6.03746
6.03 6.03872
6.04 6.03998
6.05 6.04125
6.06 6.04252
6.07 6.04379
6.08 6.04506
6.09 6.04634
6.1 6.04762
6.11 6.04891
6.12 6.0502
6.13 6.05149
6.14 6.05279
6.15 6.05409
6.16 6.0554
6.17 6.0567
6.18 6.05802
6.19 6.05933
6.2 6.06065
6.21 6.06198
6.22 6.0633
6.23 6.06464
6.24 6.06597
6.25 6.06731
6.26 6.06866
6.27 6.07
6.28 6.07136
6.29 6.07271
6.3 6.07408
6.31 6.07544
6.32 6.07681
6.33 6.07819
6.34 6.07956
6.35 6.08095
6.36 6.08234
6.37 6.08373
6.38 6.08513
6.39 6.08653
6.4 6.08793
6.41 6.08935
6.42 6.09076
6.43 6.09218
6.44 6.09361
6.45 6.09504
6.46 6.09647
6.47 6.09791
6.48 6.09936
6.49 6.10081
6.5 6.10226
6.51 6.10372
6.52 6.10519
6.53 6.10666
6.54 6.10813
6.55 6.10961
6.56 6.1111
6.57 6.11259
6.58 6.11408
6.59 6.11558
6.6 6.11709
6.61 6.1186
6.62 6.12011
6.63 6.12163
6.64 6.12316
6.65 6.12469
6.66 6.12623
6.67 6.12777
6.68 6.12932
6.69 6.13087
6.7 6.13243
6.71 6.13399
6.72 6.13556
6.73 6.13714
6.74 6.13872
6.75 6.1403
6.76 6.14189
6.77 6.14349
6.78 6.14509
6.79 6.14669
6.8 6.14831
6.81 6.14992
6.82 6.15154
6.83 6.15317
6.84 6.15481
6.85 6.15644
6.86 6.15809
6.87 6.15973
6.88 6.16139
6.89 6.16305
6.9 6.16471
6.91 6.16638
6.92 6.16805
6.93 6.16973
6.94 6.17142
6.95 6.17311
6.96 6.1748
6.97 6.1765
6.98 6.17821
6.99 6.17992
7 6.18163
7.01 6.18335
7.02 6.18508
7.03 6.18681
7.04 6.18854
7.05 6.19028
7.06 6.19203
7.07 6.19378
7.08 6.19553
7.09 6.19729
7.1 6.19905
7.11 6.20082
7.12 6.20259
7.13 6.20437
7.14 6.20615
7.15 6.20794
7.16 6.20973
7.17 6.21152
7.18 6.21332
7.19 6.21512
7.2 6.21693
7.21 6.21875
7.22 6.22056
7.23 6.22238
7.24 6.22421
7.25 6.22604
7.26 6.22788
7.27 6.22971
7.28 6.23156
7.29 6.2334
7.3 6.23526
7.31 6.23711
7.32 6.23897
7.33 6.24084
7.34 6.24271
7.35 6.24458
7.36 6.24646
7.37 6.24834
7.38 6.25022
7.39 6.25211
7.4 6.25401
7.41 6.25591
7.42 6.25781
7.43 6.25972
7.44 6.26163
7.45 6.26355
7.46 6.26547
7.47 6.26739
7.48 6.26932
7.49 6.27126
7.5 6.2732
7.51 6.27514
7.52 6.27709
7.53 6.27904
7.54 6.281
7.55 6.28296
7.56 6.28493
7.57 6.2869
7.58 6.28888
7.59 6.29086
7.6 6.29284
7.61 6.29484
7.62 6.29683
7.63 6.29883
7.64 6.30084
7.65 6.30285
7.66 6.30486
7.67 6.30688
7.68 6.3089
7.69 6.31093
7.7 6.31296
7.71 6.315
7.72 6.31704
7.73 6.31908
7.74 6.32113
7.75 6.32318
7.76 6.32523
7.77 6.32729
7.78 6.32935
7.79 6.33141
7.8 6.33348
7.81 6.33554
7.82 6.33761
7.83 6.33968
7.84 6.34175
7.85 6.34382
7.86 6.34588
7.87 6.34795
7.88 6.35001
7.89 6.35207
7.9 6.35413
7.91 6.35619
7.92 6.35823
7.93 6.36028
7.94 6.36231
7.95 6.36434
7.96 6.36635
7.97 6.36836
7.98 6.37036
7.99 6.37234
8 6.3743
8.01 6.37625
8.02 6.37819
8.03 6.3801
8.04 6.38199
8.05 6.38386
8.06 6.38571
8.07 6.38753
8.08 6.38931
8.09 6.39107
8.1 6.3928
8.11 6.39449
8.12 6.39614
8.13 6.39775
8.14 6.39931
8.15 6.40083
8.16 6.4023
8.17 6.40372
8.18 6.40509
8.19 6.40639
8.2 6.40763
8.21 6.40881
8.22 6.40992
8.23 6.41096
8.24 6.41193
8.25 6.41281
8.26 6.41361
8.27 6.41433
8.28 6.41495
8.29 6.41548
8.3 6.41591
8.31 6.41624
8.32 6.41646
8.33 6.41657
8.34 6.41656
8.35 6.41643
8.36 6.41618
8.37 6.4158
8.38 6.41529
8.39 6.41464
8.4 6.41385
8.41 6.41291
8.42 6.41182
8.43 6.41057
8.44 6.40917
8.45 6.4076
8.46 6.40586
8.47 6.40395
8.48 6.40187
8.49 6.3996
8.5 6.39716
8.51 6.39452
8.52 6.39169
8.53 6.38867
8.54 6.38545
8.55 6.38203
8.56 6.3784
8.57 6.37457
8.58 6.37053
8.59 6.36628
8.6 6.36181
8.61 6.35713
8.62 6.35223
8.63 6.34712
8.64 6.34178
8.65 6.33623
8.66 6.33046
8.67 6.32446
8.68 6.31825
8.69 6.31182
8.7 6.30517
8.71 6.29831
8.72 6.29123
8.73 6.28393
8.74 6.27643
8.75 6.26872
8.76 6.2608
8.77 6.25268
8.78 6.24437
8.79 6.23586
8.8 6.22716
8.81 6.21827
8.82 6.20921
8.83 6.19997
8.84 6.19056
8.85 6.18098
8.86 6.17125
8.87 6.16136
8.88 6.15133
8.89 6.14116
8.9 6.13085
8.91 6.12042
8.92 6.10987
8.93 6.0992
8.94 6.08843
8.95 6.07756
8.96 6.0666
8.97 6.05556
8.98 6.04443
8.99 6.03324
9 6.02198
9.01 6.01067
9.02 5.99931
9.03 5.9879
9.04 5.97646
9.05 5.96499
9.06 5.95349
9.07 5.94198
9.08 5.93046
9.09 5.91893
9.1 5.90741
9.11 5.89589
9.12 5.88439
9.13 5.8729
9.14 5.86144
9.15 5.85001
9.16 5.83861
9.17 5.82724
9.18 5.81592
9.19 5.80464
9.2 5.79342
9.21 5.78225
9.22 5.77113
9.23 5.76008
9.24 5.74909
9.25 5.73817
9.26 5.72732
9.27 5.71654
9.28 5.70583
9.29 5.69521
9.3 5.68466
9.31 5.6742
9.32 5.66381
9.33 5.65352
9.34 5.64331
9.35 5.63319
9.36 5.62316
9.37 5.61322
9.38 5.60337
9.39 5.59361
9.4 5.58395
9.41 5.57438
9.42 5.56491
9.43 5.55553
9.44 5.54625
9.45 5.53706
9.46 5.52797
9.47 5.51897
9.48 5.51008
9.49 5.50128
9.5 5.49257
9.51 5.48396
9.52 5.47545
9.53 5.46703
9.54 5.45871
9.55 5.45048
9.56 5.44235
9.57 5.43431
9.58 5.42636
9.59 5.41851
9.6 5.41075
9.61 5.40308
9.62 5.3955
9.63 5.38802
9.64 5.38062
9.65 5.37331
9.66 5.36609
9.67 5.35895
9.68 5.3519
9.69 5.34494
9.7 5.33806
9.71 5.33127
9.72 5.32456
9.73 5.31793
9.74 5.31138
9.75 5.30491
9.76 5.29852
9.77 5.29221
9.78 5.28598
9.79 5.27982
9.8 5.27374
9.81 5.26773
9.82 5.26179
9.83 5.25593
9.84 5.25014
9.85 5.24442
9.86 5.23877
9.87 5.23319
9.88 5.22767
9.89 5.22223
9.9 5.21684
9.91 5.21153
9.92 5.20627
9.93 5.20108
9.94 5.19596
9.95 5.19089
9.96 5.18588
9.97 5.18094
9.98 5.17605
9.99 5.17122
10 5.16644
10.001 5
