0 0
0.01 0.099099
0.02 0.0985252
0.03 0.0979602
0.04 0.0974043
0.05 0.0968577
0.06 0.0963205
0.07 0.0957928
0.08 0.095275
0.09 0.0947671
0.1 0.0942693
0.11 0.0937818
0.12 0.0933049
0.13 0.0928386
0.14 0.0923832
0.15 0.0919388
0.16 0.0915057
0.17 0.091084
0.18 0.0906739
0.19 0.0902756
0.2 0.0898894
0.21 0.0895153
0.22 0.0891536
0.23 0.0888045
0.24 0.0884682
0.25 0.0881448
0.26 0.0878347
0.27 0.0875378
0.28 0.0872546
0.29 0.0869851
0.3 0.0867296
0.31 0.0864883
0.32 0.0862613
0.33 0.0860489
0.34 0.0858513
0.35 0.0856687
0.36 0.0855012
0.37 0.0853491
0.38 0.0852126
0.39 0.0850919
0.4 0.0849871
0.41 0.0848986
0.42 0.0848264
0.43 0.0847709
0.44 0.0847321
0.45 0.0847103
0.46 0.0847058
0.47 0.0847186
0.48 0.084749
0.49 0.0847972
0.5 0.0848635
0.51 0.0849479
0.52 0.0850507
0.53 0.0851721
0.54 0.0853123
0.55 0.0854715
0.56 0.0856498
0.57 0.0858475
0.58 0.0860648
0.59 0.0863017
0.6 0.0865587
0.61 0.0868357
0.62 0.087133
0.63 0.0874508
0.64 0.0877892
0.65 0.0881485
0.66 0.0885287
0.67 0.0889302
0.68 0.0893529
0.69 0.0897972
0.7 0.0902631
0.71 0.0907509
0.72 0.0912606
0.73 0.0917925
0.74 0.0923467
0.75 0.0929233
0.76 0.0935224
0.77 0.0941443
0.78 0.094789
0.79 0.0954568
0.8 0.0961476
0.81 0.0968616
0.82 0.097599
0.83 0.0983598
0.84 0.0991442
0.85 0.0999523
0.86 0.100784
0.87 0.10164
0.88 0.10252
0.89 0.103423
0.9 0.104351
0.91 0.105303
0.92 0.106279
0.93 0.10728
0.94 0.108304
0.95 0.109354
0.96 0.110427
0.97 0.111525
0.98 0.112648
0.99 0.113795
1 0.114966
1.01 0.116163
1.02 0.117383
1.03 0.118628
1.04 0.119898
1.05 0.121192
1.06 0.12251
1.07 0.123853
1.08 0.12522
1.09 0.126611
1.1 0.128027
1.11 0.129466
1.12 0.13093
1.13 0.132417
1.14 0.133929
1.15 0.135464
1.16 0.137022
1.17 0.138604
1.18 0.14021
1.19 0.141838
1.2 0.14349
1.21 0.145164
1.22 0.146861
1.23 0.14858
1.24 0.150322
1.25 0.152086
1.26 0.153871
1.27 0.155678
1.28 0.157507
1.29 0.159356
1.3 0.161227
1.31 0.163118
1.32 0.16503
1.33 0.166961
1.34 0.168913
1.35 0.170884
1.36 0.172874
1.37 0.174883
1.38 0.176911
1.39 0.178957
1.4 0.181021
1.41 0.183102
1.42 0.185201
1.43 0.187316
1.44 0.189448
1.45 0.191597
1.46 0.193761
1.47 0.19594
1.48 0.198135
1.49 0.200344
1.5 0.202567
1.51 0.204804
1.52 0.207055
1.53 0.209319
1.54 0.211595
1.55 0.213884
1.56 0.216184
1.57 0.218496
1.58 0.220819
1.59 0.223153
1.6 0.225496
1.61 0.22785
1.62 0.230212
1.63 0.232584
1.64 0.234964
1.65 0.237353
1.66 0.239748
1.67 0.242152
1.68 0.244562
1.69 0.246978
1.7 0.249401
1.71 0.251829
1.72 0.254263
1.73 0.256701
1.74 0.259144
1.75 0.261591
1.76 0.264042
1.77 0.266497
1.78 0.268954
1.79 0.271414
1.8 0.273876
1.81 0.276341
1.82 0.278807
1.83 0.281275
1.84 0.283743
1.85 0.286213
1.86 0.288683
1.87 0.291153
1.88 0.293623
1.89 0.296092
1.9 0.298562
1.91 0.30103
1.92 0.303497
1.93 0.305963
1.94 0.308427
1.95 0.31089
1.96 0.313351
1.97 0.31581
1.98 0.318266
1.99 0.32072
2 0.323171
2.01 0.32562
2.02 0.328066
2.03 0.330509
2.04 0.332948
2.05 0.335385
2.06 0.337818
2.07 0.340248
2.08 0.342674
2.09 0.345096
2.1 0.347515
2.11 0.349931
2.12 0.352342
2.13 0.35475
2.14 0.357154
2.15 0.359555
2.16 0.361951
2.17 0.364343
2.18 0.366732
2.19 0.369117
2.2 0.371498
2.21 0.373875
2.22 0.376248
2.23 0.378617
2.24 0.380983
2.25 0.383345
2.26 0.385703
2.27 0.388057
2.28 0.390408
2.29 0.392755
2.3 0.395099
2.31 0.397439
2.32 0.399776
2.33 0.402109
2.34 0.404439
2.35 0.406766
2.36 0.409089
2.37 0.41141
2.38 0.413727
2.39 0.416041
2.4 0.418352
2.41 0.42066
2.42 0.422966
2.43 0.425268
2.44 0.427568
2.45 0.429865
2.46 0.43216
2.47 0.434452
2.48 0.436742
2.49 0.439029
2.5 0.441313
2.51 0.443596
2.52 0.445876
2.53 0.448154
2.54 0.45043
2.55 0.452703
2.56 0.454975
2.57 0.457245
2.58 0.459512
2.59 0.461778
2.6 0.464042
2.61 0.466304
2.62 0.468564
2.63 0.470822
2.64 0.473079
2.65 0.475333
2.66 0.477587
2.67 0.479838
2.68 0.482088
2.69 0.484336
2.7 0.486583
2.71 0.488828
2.72 0.491071
2.73 0.493313
2.74 0.495553
2.75 0.497792
2.76 0.50003
2.77 0.502265
2.78 0.5045
2.79 0.506732
2.8 0.508963
2.81 0.511193
2.82 0.513421
2.83 0.515648
2.84 0.517873
2.85 0.520097
2.86 0.522319
2.87 0.52454
2.88 0.526759
2.89 0.528976
2.9 0.531192
2.91 0.533406
2.92 0.535619
2.93 0.53783
2.94 0.540039
2.95 0.542247
2.96 0.544453
2.97 0.546658
2.98 0.548861
2.99 0.551062
3 0.553261
3.01 0.555458
3.02 0.557654
3.03 0.559848
3.04 0.56204
3.05 0.564231
3.06 0.566419
3.07 0.568606
3.08 0.57079
3.09 0.572973
3.1 0.575154
3.11 0.577333
3.12 0.57951
3.13 0.581685
3.14 0.583857
3.15 0.586028
3.16 0.588197
3.17 0.590364
3.18 0.592528
3.19 0.594691
3.2 0.596851
3.21 0.599009
3.22 0.601165
3.23 0.603319
3.24 0.605471
3.25 0.60762
3.26 0.609767
3.27 0.611912
3.28 0.614055
3.29 0.616196
3.3 0.618334
3.31 0.62047
3.32 0.622603
3.33 0.624735
3.34 0.626864
3.35 0.62899
3.36 0.631115
3.37 0.633237
3.38 0.635357
3.39 0.637474
3.4 0.639589
3.41 0.641702
3.42 0.643813
3.43 0.645921
3.44 0.648026
3.45 0.65013
3.46 0.652231
3.47 0.65433
3.48 0.656427
3.49 0.658521
3.5 0.660613
3.51 0.662702
3.52 0.66479
3.53 0.666875
3.54 0.668958
3.55 0.671039
3.56 0.673117
3.57 0.675193
3.58 0.677267
3.59 0.679339
3.6 0.681409
3.61 0.683477
3.62 0.685542
3.63 0.687606
3.64 0.689667
3.65 0.691726
3.66 0.693784
3.67 0.695839
3.68 0.697892
3.69 0.699944
3.7 0.701993
3.71 0.704041
3.72 0.706087
3.73 0.708131
3.74 0.710173
3.75 0.712213
3.76 0.714252
3.77 0.716289
3.78 0.718324
3.79 0.720358
3.8 0.72239
3.81 0.724421
3.82 0.72645
3.83 0.728478
3.84 0.730504
3.85 0.732529
3.86 0.734553
3.87 0.736575
3.88 0.738596
3.89 0.740616
3.9 0.742635
3.91 0.744652
3.92 0.746669
3.93 0.748685
3.94 0.750699
3.95 0.752713
3.96 0.754726
3.97 0.756738
3.98 0.758749
3.99 0.76076
4 0.76277
4.01 0.764779
4.02 0.766788
4.03 0.768796
4.04 0.770804
4.05 0.772812
4.06 0.774819
4.07 0.776826
4.08 0.778833
4.09 0.780839
4.1 0.782846
4.11 0.784852
4.12 0.786859
4.13 0.788866
4.14 0.790873
4.15 0.79288
4.16 0.794887
4.17 0.796895
4.18 0.798903
4.19 0.800912
4.2 0.802921
4.21 0.804931
4.22 0.806941
4.23 0.808953
4.24 0.810965
4.25 0.812978
4.26 0.814992
4.27 0.817007
4.28 0.819023
4.29 0.82104
4.3 0.823058
4.31 0.825078
4.32 0.827099
4.33 0.829122
4.34 0.831146
4.35 0.833172
4.36 0.835199
4.37 0.837228
4.38 0.839259
4.39 0.841292
4.4 0.843327
4.41 0.845364
4.42 0.847403
4.43 0.849444
4.44 0.851488
4.45 0.853533
4.46 0.855582
4.47 0.857632
4.48 0.859686
4.49 0.861742
4.5 0.863801
4.51 0.865862
4.52 0.867927
4.53 0.869994
4.54 0.872065
4.55 0.874139
4.56 0.876216
4.57 0.878296
4.58 0.88038
4.59 0.882467
4.6 0.884558
4.61 0.886652
4.62 0.88875
4.63 0.890852
4.64 0.892958
4.65 0.895068
4.66 0.897182
4.67 0.8993
4.68 0.901423
4.69 0.903549
4.7 0.905681
4.71 0.907816
4.72 0.909957
4.73 0.912102
4.74 0.914252
4.75 0.916407
4.76 0.918566
4.77 0.920731
4.78 0.922901
4.79 0.925077
4.8 0.927257
4.81 0.929444
4.82 0.931635
4.83 0.933833
4.84 0.936036
4.85 0.938245
4.86 0.940459
4.87 0.94268
4.88 0.944907
4.89 0.947141
4.9 0.94938
4.91 0.951627
4.92 0.953879
4.93 0.956138
4.94 0.958404
4.95 0.960677
4.96 0.962957
4.97 0.965244
4.98 0.967538
4.99 0.969839
5 0.972148
5.01 0.974464
5.02 0.976788
5.03 0.97912
5.04 0.981459
5.05 0.983806
5.06 0.986161
5.07 0.988525
5.08 0.990896
5.09 0.993277
5.1 0.995665
5.11 0.998062
5.12 1.00047
5.13 1.00288
5.14 1.00531
5.15 1.00774
5.16 1.01018
5.17 1.01263
5.18 1.01509
5.19 1.01756
5.2 1.02004
5.21 1.02253
5.22 1.02503
5.23 1.02754
5.24 1.03006
5.25 1.03259
5.26 1.03513
5.27 1.03769
5.28 1.04025
5.29 1.04282
5.3 1.0454
5.31 1.048
5.32 1.05061
5.33 1.05322
5.34 1.05585
5.35 1.05849
5.36 1.06115
5.37 1.06381
5.38 1.06649
5.39 1.06918
5.4 1.07188
5.41 1.07459
5.42 1.07732
5.43 1.08006
5.44 1.08281
5.45 1.08558
5.46 1.08836
5.47 1.09115
5.48 1.09396
5.49 1.09678
5.5 1.09961
5.51 1.10246
5.52 1.10532
5.53 1.1082
5.54 1.11109
5.55 1.114
5.56 1.11692
5.57 1.11985
5.58 1.12281
5.59 1.12577
5.6 1.12876
5.61 1.13175
5.62 1.13477
5.63 1.1378
5.64 1.14085
5.65 1.14391
5.66 1.14699
5.67 1.15009
5.68 1.1532
5.69 1.15634
5.7 1.15948
5.71 1.16265
5.72 1.16584
5.73 1.16904
5.74 1.17226
5.75 1.1755
5.76 1.17876
5.77 1.18204
5.78 1.18534
5.79 1.18865
5.8 1.19199
5.81 1.19534
5.82 1.19872
5.83 1.20212
5.84 1.20553
5.85 1.20897
5.86 1.21243
5.87 1.21591
5.88 1.21941
5.89 1.22293
5.9 1.22648
5.91 1.23004
5.92 1.23363
5.93 1.23724
5.94 1.24088
5.95 1.24453
5.96 1.24821
5.97 1.25192
5.98 1.25564
5.99 1.2594
6 1.26317
6.01 1.26697
6.02 1.2708
6.03 1.27465
6.04 1.27853
6.05 1.28243
6.06 1.28636
6.07 1.29031
6.08 1.29429
6.09 1.2983
6.1 1.30233
6.11 1.30639
6.12 1.31048
6.13 1.3146
6.14 1.31874
6.15 1.32292
6.16 1.32712
6.17 1.33135
6.18 1.33561
6.19 1.3399
6.2 1.34422
6.21 1.34857
6.22 1.35295
6.23 1.35736
6.24 1.3618
6.25 1.36627
6.26 1.37078
6.27 1.37532
6.28 1.37989
6.29 1.38449
6.3 1.38912
6.31 1.39379
6.32 1.39849
6.33 1.40322
6.34 1.40799
6.35 1.4128
6.36 1.41763
6.37 1.42251
6.38 1.42741
6.39 1.43236
6.4 1.43734
6.41 1.44235
6.42 1.4474
6.43 1.45249
6.44 1.45762
6.45 1.46278
6.46 1.46798
6.47 1.47322
6.48 1.4785
6.49 1.48381
6.5 1.48917
6.51 1.49456
6.52 1.49999
6.53 1.50546
6.54 1.51098
6.55 1.51653
6.56 1.52212
6.57 1.52775
6.58 1.53343
6.59 1.53914
6.6 1.5449
6.61 1.55069
6.62 1.55653
6.63 1.56242
6.64 1.56834
6.65 1.57431
6.66 1.58032
6.67 1.58637
6.68 1.59246
6.69 1.5986
6.7 1.60478
6.71 1.61101
6.72 1.61728
6.73 1.62359
6.74 1.62995
6.75 1.63635
6.76 1.6428
6.77 1.64929
6.78 1.65583
6.79 1.66241
6.8 1.66903
6.81 1.6757
6.82 1.68242
6.83 1.68918
6.84 1.69598
6.85 1.70283
6.86 1.70973
6.87 1.71667
6.88 1.72365
6.89 1.73068
6.9 1.73776
6.91 1.74488
6.92 1.75204
6.93 1.75925
6.94 1.76651
6.95 1.77381
6.96 1.78115
6.97 1.78854
6.98 1.79597
6.99 1.80345
7 1.81097
7.01 1.81854
7.02 1.82615
7.03 1.8338
7.04 1.8415
7.05 1.84924
7.06 1.85702
7.07 1.86485
7.08 1.87272
7.09 1.88063
7.1 1.88858
7.11 1.89658
7.12 1.90461
7.13 1.91269
7.14 1.92081
7.15 1.92897
7.16 1.93717
7.17 1.94541
7.18 1.95369
7.19 1.96201
7.2 1.97037
7.21 1.97877
7.22 1.98721
7.23 1.99568
7.24 2.0042
7.25 2.01275
7.26 2.02134
7.27 2.02997
7.28 2.03863
7.29 2.04733
7.3 2.05607
7.31 2.06485
7.32 2.07366
7.33 2.08251
7.34 2.09139
7.35 2.10031
7.36 2.10927
7.37 2.11826
7.38 2.12729
7.39 2.13635
7.4 2.14545
7.41 2.15458
7.42 2.16375
7.43 2.17296
7.44 2.1822
7.45 2.19148
7.46 2.20079
7.47 2.21014
7.48 2.21953
7.49 2.22895
7.5 2.23841
7.51 2.24791
7.52 2.25745
7.53 2.26702
7.54 2.27664
7.55 2.28629
7.56 2.29598
7.57 2.30572
7.58 2.31549
7.59 2.32531
7.6 2.33517
7.61 2.34508
7.62 2.35502
7.63 2.36502
7.64 2.37506
7.65 2.38514
7.66 2.39528
7.67 2.40546
7.68 2.4157
7.69 2.42598
7.7 2.43632
7.71 2.44671
7.72 2.45716
7.73 2.46766
7.74 2.47822
7.75 2.48884
7.76 2.49952
7.77 2.51026
7.78 2.52107
7.79 2.53194
7.8 2.54287
7.81 2.55387
7.82 2.56494
7.83 2.57608
7.84 2.58729
7.85 2.59858
7.86 2.60994
7.87 2.62137
7.88 2.63288
7.89 2.64447
7.9 2.65614
7.91 2.66789
7.92 2.67972
7.93 2.69164
7.94 2.70364
7.95 2.71573
7.96 2.7279
7.97 2.74017
7.98 2.75252
7.99 2.76496
8 2.7775
8.01 2.79012
8.02 2.80284
8.03 2.81565
8.04 2.82856
8.05 2.84156
8.06 2.85465
8.07 2.86784
8.08 2.88113
8.09 2.89451
8.1 2.90798
8.11 2.92155
8.12 2.93521
8.13 2.94897
8.14 2.96282
8.15 2.97676
8.16 2.9908
8.17 3.00493
8.18 3.01914
8.19 3.03345
8.2 3.04784
8.21 3.06232
8.22 3.07688
8.23 3.09152
8.24 3.10625
8.25 3.12105
8.26 3.13593
8.27 3.15089
8.28 3.16591
8.29 3.181
8.3 3.19616
8.31 3.21139
8.32 3.22667
8.33 3.24201
8.34 3.2574
8.35 3.27285
8.36 3.28834
8.37 3.30387
8.38 3.31945
8.39 3.33506
8.4 3.35071
8.41 3.36638
8.42 3.38208
8.43 3.39779
8.44 3.41353
8.45 3.42927
8.46 3.44503
8.47 3.46079
8.48 3.47655
8.49 3.4923
8.5 3.50804
8.51 3.52377
8.52 3.53948
8.53 3.55517
8.54 3.57083
8.55 3.58646
8.56 3.60205
8.57 3.6176
8.58 3.63311
8.59 3.64856
8.6 3.66396
8.61 3.6793
8.62 3.69458
8.63 3.70978
8.64 3.72492
8.65 3.73997
8.66 3.75495
8.67 3.76983
8.68 3.78463
8.69 3.79933
8.7 3.81393
8.71 3.82842
8.72 3.84281
8.73 3.85708
8.74 3.87123
8.75 3.88526
8.76 3.89917
8.77 3.91294
8.78 3.92657
8.79 3.94007
8.8 3.95343
8.81 3.96663
8.82 3.97968
8.83 3.99258
8.84 4.00532
8.85 4.0179
8.86 4.0303
8.87 4.04254
8.88 4.0546
8.89 4.06649
8.9 4.07819
8.91 4.08971
8.92 4.10104
8.93 4.11218
8.94 4.12313
8.95 4.13388
8.96 4.14443
8.97 4.15478
8.98 4.16493
8.99 4.17487
9 4.18461
9.01 4.19414
9.02 4.20346
9.03 4.21256
9.04 4.22145
9.05 4.23013
9.06 4.23859
9.07 4.24684
9.08 4.25487
9.09 4.26268
9.1 4.27028
9.11 4.27766
9.12 4.28483
9.13 4.29177
9.14 4.2985
9.15 4.30502
9.16 4.31132
9.17 4.31741
9.18 4.32329
9.19 4.32895
9.2 4.33441
9.21 4.33966
9.22 4.3447
9.23 4.34954
9.24 4.35417
9.25 4.3586
9.26 4.36283
9.27 4.36687
9.28 4.37071
9.29 4.37436
9.3 4.37782
9.31 4.38109
9.32 4.38417
9.33 4.38707
9.34 4.3898
9.35 4.39234
9.36 4.39471
9.37 4.39691
9.38 4.39894
9.39 4.4008
9.4 4.4025
9.41 4.40403
9.42 4.40541
9.43 4.40663
9.44 4.4077
9.45 4.40862
9.46 4.4094
9.47 4.41002
9.48 4.41051
9.49 4.41086
9.5 4.41107
9.51 4.41115
9.52 4.41109
9.53 4.41091
9.54 4.41061
9.55 4.41018
9.56 4.40963
9.57 4.40896
9.58 4.40818
9.59 4.40728
9.6 4.40628
9.61 4.40517
9.62 4.40395
9.63 4.40263
9.64 4.40121
9.65 4.39969
9.66 4.39808
9.67 4.39637
9.68 4.39457
9.69 4.39268
9.7 4.3907
9.71 4.38864
9.72 4.3865
9.73 4.38428
9.74 4.38197
9.75 4.37959
9.76 4.37714
9.77 4.37461
9.78 4.37201
9.79 4.36934
9.8 4.3666
9.81 4.3638
9.82 4.36093
9.83 4.358
9.84 4.355
9.85 4.35195
9.86 4.34884
9.87 4.34567
9.88 4.34245
9.89 4.33917
9.9 4.33585
9.91 4.33247
9.92 4.32904
9.93 4.32556
9.94 4.32203
9.95 4.31846
9.96 4.31484
9.97 4.31118
9.98 4.30748
9.99 4.30374
10 4.29995
10.001 0
