0 -10
0.01 -7.87161
0.02 -7.86738
0.03 -7.86313
0.04 -7.85887
0.05 -7.85459
0.06 -7.85029
0.07 -7.84597
0.08 -7.84164
0.09 -7.83729
0.1 -7.83293
0.11 -7.82854
0.12 -7.82414
0.13 -7.81972
0.14 -7.81528
0.15 -7.81082
0.16 -7.80634
0.17 -7.80185
0.18 -7.79733
0.19 -7.7928
0.2 -7.78824
0.21 -7.78366
0.22 -7.77907
0.23 -7.77445
0.24 -7.76981
0.25 -7.76515
0.26 -7.76047
0.27 -7.75577
0.28 -7.75104
0.29 -7.74629
0.3 -7.74152
0.31 -7.73673
0.32 -7.73191
0.33 -7.72707
0.34 -7.7222
0.35 -7.71731
0.36 -7.71239
0.37 -7.70745
0.38 -7.70249
0.39 -7.69749
0.4 -7.69247
0.41 -7.68743
0.42 -7.68236
0.43 -7.67726
0.44 -7.67213
0.45 -7.66697
0.46 -7.66179
0.47 -7.65658
0.48 -7.65134
0.49 -7.64606
0.5 -7.64076
0.51 -7.63543
0.52 -7.63007
0.53 -7.62467
0.54 -7.61925
0.55 -7.61379
0.56 -7.6083
0.57 -7.60278
0.58 -7.59723
0.59 -7.59164
0.6 -7.58602
0.61 -7.58036
0.62 -7.57467
0.63 -7.56894
0.64 -7.56318
0.65 -7.55738
0.66 -7.55155
0.67 -7.54568
0.68 -7.53977
0.69 -7.53383
0.7 -7.52784
0.71 -7.52182
0.72 -7.51576
0.73 -7.50966
0.74 -7.50352
0.75 -7.49735
0.76 -7.49113
0.77 -7.48487
0.78 -7.47857
0.79 -7.47222
0.8 -7.46584
0.81 -7.45942
0.82 -7.45295
0.83 -7.44644
0.84 -7.43988
0.85 -7.43328
0.86 -7.42664
0.87 -7.41996
0.88 -7.41322
0.89 -7.40645
0.9 -7.39963
0.91 -7.39276
0.92 -7.38585
0.93 -7.37889
0.94 -7.37189
0.95 -7.36484
0.96 -7.35774
0.97 -7.3506
0.98 -7.34341
0.99 -7.33617
1 -7.32888
1.01 -7.32155
1.02 -7.31416
1.03 -7.30673
1.04 -7.29926
1.05 -7.29173
1.06 -7.28415
1.07 -7.27653
1.08 -7.26886
1.09 -7.26114
1.1 -7.25337
1.11 -7.24555
1.12 -7.23769
1.13 -7.22977
1.14 -7.22181
1.15 -7.2138
1.16 -7.20574
1.17 -7.19763
1.18 -7.18948
1.19 -7.18128
1.2 -7.17303
1.21 -7.16473
1.22 -7.15638
1.23 -7.14799
1.24 -7.13956
1.25 -7.13107
1.26 -7.12254
1.27 -7.11397
1.28 -7.10535
1.29 -7.09669
1.3 -7.08798
1.31 -7.07923
1.32 -7.07043
1.33 -7.0616
1.34 -7.05272
1.35 -7.0438
1.36 -7.03484
1.37 -7.02585
1.38 -7.01681
1.39 -7.00773
1.4 -6.99862
1.41 -6.98947
1.42 -6.98029
1.43 -6.97107
1.44 -6.96181
1.45 -6.95253
1.46 -6.94321
1.47 -6.93386
1.48 -6.92448
1.49 -6.91507
1.5 -6.90564
1.51 -6.89618
1.52 -6.88669
1.53 -6.87718
1.54 -6.86764
1.55 -6.85808
1.56 -6.84851
1.57 -6.83891
1.58 -6.82929
1.59 -6.81966
1.6 -6.81002
1.61 -6.80036
1.62 -6.79068
1.63 -6.781
1.64 -6.77131
1.65 -6.7616
1.66 -6.7519
1.67 -6.74218
1.68 -6.73247
1.69 -6.72275
1.7 -6.71303
1.71 -6.70331
1.72 -6.69359
1.73 -6.68388
1.74 -6.67417
1.75 -6.66447
1.76 -6.65478
1.77 -6.64511
1.78 -6.63544
1.79 -6.62579
1.8 -6.61615
1.81 -6.60653
1.82 -6.59692
1.83 -6.58734
1.84 -6.57778
1.85 -6.56825
1.86 -6.55873
1.87 -6.54925
1.88 -6.53979
1.89 -6.53037
1.9 -6.52097
1.91 -6.51161
1.92 -6.50228
1.93 -6.49299
1.94 -6.48373
1.95 -6.47452
1.96 -6.46534
1.97 -6.4562
1.98 -6.44711
1.99 -6.43807
2 -6.42907
2.01 -6.42011
2.02 -6.41121
2.03 -6.40235
2.04 -6.39355
2.05 -6.38479
2.06 -6.3761
2.07 -6.36745
2.08 -6.35886
2.09 -6.35033
2.1 -6.34186
2.11 -6.33344
2.12 -6.32508
2.13 -6.31679
2.14 -6.30856
2.15 -6.30039
2.16 -6.29228
2.17 -6.28423
2.18 -6.27626
2.19 -6.26834
2.2 -6.2605
2.21 -6.25272
2.22 -6.24501
2.23 -6.23736
2.24 -6.22979
2.25 -6.22228
2.26 -6.21485
2.27 -6.20748
2.28 -6.20019
2.29 -6.19296
2.3 -6.18581
2.31 -6.17873
2.32 -6.17172
2.33 -6.16478
2.34 -6.15792
2.35 -6.15112
2.36 -6.1444
2.37 -6.13776
2.38 -6.13118
2.39 -6.12468
2.4 -6.11825
2.41 -6.1119
2.42 -6.10561
2.43 -6.0994
2.44 -6.09326
2.45 -6.08719
2.46 -6.0812
2.47 -6.07528
2.48 -6.06943
2.49 -6.06365
2.5 -6.05794
2.51 -6.0523
2.52 -6.04673
2.53 -6.04124
2.54 -6.03581
2.55 -6.03045
2.56 -6.02517
2.57 -6.01995
2.58 -6.01479
2.59 -6.00971
2.6 -6.0047
2.61 -5.99975
2.62 -5.99486
2.63 -5.99005
2.64 -5.9853
2.65 -5.98061
2.66 -5.97599
2.67 -5.97143
2.68 -5.96693
2.69 -5.9625
2.7 -5.95813
2.71 -5.95382
2.72 -5.94957
2.73 -5.94538
2.74 -5.94126
2.75 -5.93719
2.76 -5.93318
2.77 -5.92922
2.78 -5.92533
2.79 -5.92149
2.8 -5.9177
2.81 -5.91397
2.82 -5.9103
2.83 -5.90668
2.84 -5.90311
2.85 -5.8996
2.86 -5.89614
2.87 -5.89273
2.88 -5.88937
2.89 -5.88606
2.9 -5.8828
2.91 -5.87959
2.92 -5.87642
2.93 -5.87331
2.94 -5.87024
2.95 -5.86722
2.96 -5.86424
2.97 -5.86131
2.98 -5.85842
2.99 -5.85558
3 -5.85277
3.01 -5.85002
3.02 -5.8473
3.03 -5.84462
3.04 -5.84199
3.05 -5.83939
3.06 -5.83684
3.07 -5.83432
3.08 -5.83184
3.09 -5.8294
3.1 -5.827
3.11 -5.82463
3.12 -5.8223
3.13 -5.82001
3.14 -5.81775
3.15 -5.81552
3.16 -5.81333
3.17 -5.81117
3.18 -5.80904
3.19 -5.80695
3.2 -5.80489
3.21 -5.80286
3.22 -5.80085
3.23 -5.79888
3.24 -5.79694
3.25 -5.79503
3.26 -5.79315
3.27 -5.79129
3.28 -5.78947
3.29 -5.78767
3.3 -5.78589
3.31 -5.78415
3.32 -5.78243
3.33 -5.78073
3.34 -5.77906
3.35 -5.77741
3.36 -5.77579
3.37 -5.7742
3.38 -5.77262
3.39 -5.77107
3.4 -5.76954
3.41 -5.76803
3.42 -5.76655
3.43 -5.76509
3.44 -5.76364
3.45 -5.76222
3.46 -5.76082
3.47 -5.75944
3.48 -5.75808
3.49 -5.75673
3.5 -5.75541
3.51 -5.7541
3.52 -5.75282
3.53 -5.75155
3.54 -5.7503
3.55 -5.74906
3.56 -5.74784
3.57 -5.74664
3.58 -5.74546
3.59 -5.74429
3.6 -5.74314
3.61 -5.742
3.62 -5.74088
3.63 -5.73977
3.64 -5.73867
3.65 -5.7376
3.66 -5.73653
3.67 -5.73548
3.68 -5.73444
3.69 -5.73342
3.7 -5.73241
3.71 -5.73141
3.72 -5.73042
3.73 -5.72945
3.74 -5.72849
3.75 -5.72754
3.76 -5.7266
3.77 -5.72567
3.78 -5.72476
3.79 -5.72385
3.8 -5.72296
3.81 -5.72207
3.82 -5.7212
3.83 -5.72034
3.84 -5.71949
3.85 -5.71864
3.86 -5.71781
3.87 -5.71698
3.88 -5.71617
3.89 -5.71536
3.9 -5.71457
3.91 -5.71378
3.92 -5.713
3.93 -5.71222
3.94 -5.71146
3.95 -5.7107
3.96 -5.70996
3.97 -5.70922
3.98 -5.70848
3.99 -5.70776
4 -5.70704
4.01 -5.70633
4.02 -5.70562
4.03 -5.70493
4.04 -5.70424
4.05 -5.70355
4.06 -5.70287
4.07 -5.7022
4.08 -5.70154
4.09 -5.70088
4.1 -5.70022
4.11 -5.69957
4.12 -5.69893
4.13 -5.69829
4.14 -5.69766
4.15 -5.69704
4.16 -5.69641
4.17 -5.6958
4.18 -5.69519
4.19 -5.69458
4.2 -5.69398
4.21 -5.69338
4.22 -5.69279
4.23 -5.6922
4.24 -5.69162
4.25 -5.69104
4.26 -5.69046
4.27 -5.68989
4.28 -5.68932
4.29 -5.68876
4.3 -5.6882
4.31 -5.68764
4.32 -5.68709
4.33 -5.68654
4.34 -5.686
4.35 -5.68546
4.36 -5.68492
4.37 -5.68438
4.38 -5.68385
4.39 -5.68332
4.4 -5.68279
4.41 -5.68227
4.42 -5.68175
4.43 -5.68123
4.44 -5.68072
4.45 -5.6802
4.46 -5.67969
4.47 -5.67918
4.48 -5.67868
4.49 -5.67818
4.5 -5.67768
4.51 -5.67718
4.52 -5.67668
4.53 -5.67619
4.54 -5.6757
4.55 -5.67521
4.56 -5.67472
4.57 -5.67423
4.58 -5.67375
4.59 -5.67327
4.6 -5.67279
4.61 -5.67231
4.62 -5.67183
4.63 -5.67136
4.64 -5.67088
4.65 -5.67041
4.66 -5.66994
4.67 -5.66947
4.68 -5.66901
4.69 -5.66854
4.7 -5.66807
4.71 -5.66761
4.72 -5.66715
4.73 -5.66669
4.74 -5.66623
4.75 -5.66577
4.76 -5.66531
4.77 -5.66485
4.78 -5.6644
4.79 -5.66394
4.8 -5.66349
4.81 -5.66303
4.82 -5.66258
4.83 -5.66213
4.84 -5.66168
4.85 -5.66123
4.86 -5.66078
4.87 -5.66033
4.88 -5.65988
4.89 -5.65943
4.9 -5.65899
4.91 -5.65854
4.92 -5.6581
4.93 -5.65765
4.94 -5.65721
4.95 -5.65676
4.96 -5.65632
4.97 -5.65587
4.98 -5.65543
4.99 -5.65499
5 -5.65455
5.01 -5.6541
5.02 -5.65366
5.03 -5.65322
5.04 -5.65278
5.05 -5.65234
5.06 -5.6519
5.07 -5.65146
5.08 -5.65102
5.09 -5.65058
5.1 -5.65013
5.11 -5.64969
5.12 -5.64925
5.13 -5.64881
5.14 -5.64837
5.15 -5.64793
5.16 -5.64749
5.17 -5.64705
5.18 -5.64661
5.19 -5.64617
5.2 -5.64573
5.21 -5.64529
5.22 -5.64485
5.23 -5.64441
5.24 -5.64397
5.25 -5.64353
5.26 -5.64309
5.27 -5.64264
5.28 -5.6422
5.29 -5.64176
5.3 -5.64132
5.31 -5.64087
5.32 -5.64043
5.33 -5.63999
5.34 -5.63955
5.35 -5.6391
5.36 -5.63866
5.37 -5.63821
5.38 -5.63777
5.39 -5.63732
5.4 -5.63688
5.41 -5.63643
5.42 -5.63598
5.43 -5.63554
5.44 -5.63509
5.45 -5.63464
5.46 -5.63419
5.47 -5.63374
5.48 -5.63329
5.49 -5.63284
5.5 -5.63239
5.51 -5.63194
5.52 -5.63149
5.53 -5.63104
5.54 -5.63059
5.55 -5.63013
5.56 -5.62968
5.57 -5.62923
5.58 -5.62877
5.59 -5.62832
5.6 -5.62786
5.61 -5.6274
5.62 -5.62695
5.63 -5.62649
5.64 -5.62603
5.65 -5.62557
5.66 -5.62511
5.67 -5.62465
5.68 -5.62419
5.69 -5.62373
5.7 -5.62327
5.71 -5.6228
5.72 -5.62234
5.73 -5.62188
5.74 -5.62141
5.75 -5.62095
5.76 -5.62048
5.77 -5.62001
5.78 -5.61954
5.79 -5.61908
5.8 -5.61861
5.81 -5.61814
5.82 -5.61767
5.83 -5.6172
5.84 -5.61672
5.85 -5.61625
5.86 -5.61578
5.87 -5.6153
5.88 -5.61483
5.89 -5.61435
5.9 -5.61388
5.91 -5.6134
5.92 -5.61292
5.93 -5.61244
5.94 -5.61196
5.95 -5.61148
5.96 -5.611
5.97 -5.61052
5.98 -5.61004
5.99 -5.60956
6 -5.60907
6.01 -5.60859
6.02 -5.6081
6.03 -5.60762
6.04 -5.60713
6.05 -5.60664
6.06 -5.60616
6.07 -5.60567
6.08 -5.60518
6.09 -5.60469
6.1 -5.6042
6.11 -5.60371
6.12 -5.60322
6.13 -5.60272
6.14 -5.60223
6.15 -5.60174
6.16 -5.60124
6.17 -5.60075
6.18 -5.60025
6.19 -5.59976
6.2 -5.59926
6.21 -5.59876
6.22 -5.59827
6.23 -5.59777
6.24 -5.59727
6.25 -5.59677
6.26 -5.59627
6.27 -5.59577
6.28 -5.59527
6.29 -5.59477
6.3 -5.59427
6.31 -5.59377
6.32 -5.59327
6.33 -5.59276
6.34 -5.59226
6.35 -5.59176
6.36 -5.59125
6.37 -5.59075
6.38 -5.59025
6.39 -5.58974
6.4 -5.58924
6.41 -5.58874
6.42 -5.58823
6.43 -5.58773
6.44 -5.58722
6.45 -5.58672
6.46 -5.58621
6.47 -5.58571
6.48 -5.5852
6.49 -5.5847
6.5 -5.58419
6.51 -5.58369
6.52 -5.58318
6.53 -5.58268
6.54 -5.58218
6.55 -5.58167
6.56 -5.58117
6.57 -5.58067
6.58 -5.58016
6.59 -5.57966
6.6 -5.57916
6.61 -5.57866
6.62 -5.57816
6.63 -5.57766
6.64 -5.57716
6.65 -5.57666
6.66 -5.57616
6.67 -5.57566
6.68 -5.57516
6.69 -5.57467
6.7 -5.57417
6.71 -5.57368
6.72 -5.57318
6.73 -5.57269
6.74 -5.5722
6.75 -5.57171
6.76 -5.57122
6.77 -5.57073
6.78 -5.57024
6.79 -5.56975
6.8 -5.56927
6.81 -5.56878
6.82 -5.5683
6.83 -5.56782
6.84 -5.56734
6.85 -5.56686
6.86 -5.56638
6.87 -5.5659
6.88 -5.56543
6.89 -5.56496
6.9 -5.56448
6.91 -5.56401
6.92 -5.56354
6.93 -5.56308
6.94 -5.56261
6.95 -5.56215
6.96 -5.56168
6.97 -5.56122
6.98 -5.56076
6.99 -5.56031
7 -5.55985
7.01 -5.5594
7.02 -5.55894
7.03 -5.55849
7.04 -5.55804
7.05 -5.55759
7.06 -5.55715
7.07 -5.5567
7.08 -5.55626
7.09 -5.55581
7.1 -5.55537
7.11 -5.55493
7.12 -5.5545
7.13 -5.55406
7.14 -5.55362
7.15 -5.55319
7.16 -5.55276
7.17 -5.55233
7.18 -5.55189
7.19 -5.55146
7.2 -5.55104
7.21 -5.55061
7.22 -5.55018
7.23 -5.54975
7.24 -5.54933
7.25 -5.5489
7.26 -5.54847
7.27 -5.54805
7.28 -5.54762
7.29 -5.5472
7.3 -5.54677
7.31 -5.54635
7.32 -5.54592
7.33 -5.54549
7.34 -5.54506
7.35 -5.54463
7.36 -5.5442
7.37 -5.54377
7.38 -5.54334
7.39 -5.5429
7.4 -5.54247
7.41 -5.54203
7.42 -5.54159
7.43 -5.54115
7.44 -5.5407
7.45 -5.54025
7.46 -5.5398
7.47 -5.53935
7.48 -5.53889
7.49 -5.53843
7.5 -5.53797
7.51 -5.5375
7.52 -5.53703
7.53 -5.53655
7.54 -5.53607
7.55 -5.53559
7.56 -5.5351
7.57 -5.5346
7.58 -5.5341
7.59 -5.5336
7.6 -5.53309
7.61 -5.53257
7.62 -5.53205
7.63 -5.53152
7.64 -5.53099
7.65 -5.53045
7.66 -5.52991
7.67 -5.52936
7.68 -5.52881
7.69 -5.52824
7.7 -5.52768
7.71 -5.5271
7.72 -5.52652
7.73 -5.52594
7.74 -5.52535
7.75 -5.52475
7.76 -5.52415
7.77 -5.52355
7.78 -5.52293
7.79 -5.52232
7.8 -5.5217
7.81 -5.52107
7.82 -5.52044
7.83 -5.51981
7.84 -5.51918
7.85 -5.51854
7.86 -5.5179
7.87 -5.51726
7.88 -5.51662
7.89 -5.51598
7.9 -5.51534
7.91 -5.5147
7.92 -5.51406
7.93 -5.51343
7.94 -5.5128
7.95 -5.51218
7.96 -5.51156
7.97 -5.51095
7.98 -5.51035
7.99 -5.50976
8 -5.50918
8.01 -5.50862
8.02 -5.50806
8.03 -5.50753
8.04 -5.50701
8.05 -5.50651
8.06 -5.50603
8.07 -5.50558
8.08 -5.50515
8.09 -5.50474
8.1 -5.50437
8.11 -5.50403
8.12 -5.50372
8.13 -5.50345
8.14 -5.50322
8.15 -5.50303
8.16 -5.50288
8.17 -5.50278
8.18 -5.50273
8.19 -5.50273
8.2 -5.50279
8.21 -5.5029
8.22 -5.50308
8.23 -5.50332
8.24 -5.50364
8.25 -5.50402
8.26 -5.50448
8.27 -5.50502
8.28 -5.50564
8.29 -5.50635
8.3 -5.50715
8.31 -5.50804
8.32 -5.50903
8.33 -5.51012
8.34 -5.51132
8.35 -5.51263
8.36 -5.51405
8.37 -5.51559
8.38 -5.51725
8.39 -5.51904
8.4 -5.52096
8.41 -5.52302
8.42 -5.52521
8.43 -5.52755
8.44 -5.53003
8.45 -5.53267
8.46 -5.53546
8.47 -5.53841
8.48 -5.54152
8.49 -5.54481
8.5 -5.54826
8.51 -5.55189
8.52 -5.5557
8.53 -5.55969
8.54 -5.56386
8.55 -5.56823
8.56 -5.57279
8.57 -5.57755
8.58 -5.5825
8.59 -5.58766
8.6 -5.59302
8.61 -5.59859
8.62 -5.60437
8.63 -5.61036
8.64 -5.61657
8.65 -5.62299
8.66 -5.62962
8.67 -5.63648
8.68 -5.64356
8.69 -5.65085
8.7 -5.65837
8.71 -5.66611
8.72 -5.67408
8.73 -5.68226
8.74 -5.69067
8.75 -5.69929
8.76 -5.70814
8.77 -5.71721
8.78 -5.7265
8.79 -5.736
8.8 -5.74572
8.81 -5.75565
8.82 -5.76579
8.83 -5.77614
8.84 -5.78669
8.85 -5.79745
8.86 -5.80841
8.87 -5.81957
8.88 -5.83091
8.89 -5.84245
8.9 -5.85417
8.91 -5.86608
8.92 -5.87816
8.93 -5.89042
8.94 -5.90284
8.95 -5.91543
8.96 -5.92818
8.97 -5.94108
8.98 -5.95413
8.99 -5.96733
9 -5.98067
9.01 -5.99415
9.02 -6.00775
9.03 -6.02149
9.04 -6.03534
9.05 -6.04931
9.06 -6.06338
9.07 -6.07757
9.08 -6.09185
9.09 -6.10623
9.1 -6.1207
9.11 -6.13525
9.12 -6.14989
9.13 -6.1646
9.14 -6.17938
9.15 -6.19422
9.16 -6.20913
9.17 -6.2241
9.18 -6.23912
9.19 -6.25418
9.2 -6.26929
9.21 -6.28444
9.22 -6.29962
9.23 -6.31483
9.24 -6.33007
9.25 -6.34533
9.26 -6.36061
9.27 -6.37591
9.28 -6.39122
9.29 -6.40653
9.3 -6.42185
9.31 -6.43717
9.32 -6.45249
9.33 -6.4678
9.34 -6.4831
9.35 -6.4984
9.36 -6.51367
9.37 -6.52893
9.38 -6.54417
9.39 -6.55939
9.4 -6.57458
9.41 -6.58974
9.42 -6.60487
9.43 -6.61997
9.44 -6.63503
9.45 -6.65006
9.46 -6.66505
9.47 -6.67999
9.48 -6.69489
9.49 -6.70975
9.5 -6.72456
9.51 -6.73932
9.52 -6.75403
9.53 -6.76869
9.54 -6.7833
9.55 -6.79785
9.56 -6.81235
9.57 -6.82679
9.58 -6.84117
9.59 -6.85549
9.6 -6.86974
9.61 -6.88394
9.62 -6.89808
9.63 -6.91215
9.64 -6.92615
9.65 -6.94009
9.66 -6.95397
9.67 -6.96777
9.68 -6.98151
9.69 -6.99518
9.7 -7.00878
9.71 -7.02231
9.72 -7.03577
9.73 -7.04916
9.74 -7.06248
9.75 -7.07573
9.76 -7.08891
9.77 -7.10201
9.78 -7.11504
9.79 -7.128
9.8 -7.14089
9.81 -7.1537
9.82 -7.16644
9.83 -7.17911
9.84 -7.1917
9.85 -7.20422
9.86 -7.21666
9.87 -7.22903
9.88 -7.24133
9.89 -7.25355
9.9 -7.2657
9.91 -7.27778
9.92 -7.28978
9.93 -7.30171
9.94 -7.31357
9.95 -7.32535
9.96 -7.33706
9.97 -7.3487
9.98 -7.36026
9.99 -7.37175
10 -7.38317
10.001 -10
