0 0
0.01 0.455857
0.02 0.453567
0.03 0.451262
0.04 0.448942
0.05 0.446606
0.06 0.444256
0.07 0.44189
0.08 0.43951
0.09 0.437115
0.1 0.434706
0.11 0.432282
0.12 0.429843
0.13 0.427391
0.14 0.424924
0.15 0.422444
0.16 0.41995
0.17 0.417443
0.18 0.414923
0.19 0.412389
0.2 0.409843
0.21 0.407284
0.22 0.404713
0.23 0.40213
0.24 0.399535
0.25 0.396929
0.26 0.394312
0.27 0.391684
0.28 0.389046
0.29 0.386398
0.3 0.38374
0.31 0.381073
0.32 0.378397
0.33 0.375712
0.34 0.37302
0.35 0.37032
0.36 0.367613
0.37 0.3649
0.38 0.362181
0.39 0.359456
0.4 0.356726
0.41 0.353992
0.42 0.351254
0.43 0.348514
0.44 0.34577
0.45 0.343025
0.46 0.340279
0.47 0.337532
0.48 0.334786
0.49 0.33204
0.5 0.329296
0.51 0.326555
0.52 0.323817
0.53 0.321084
0.54 0.318355
0.55 0.315633
0.56 0.312917
0.57 0.310209
0.58 0.30751
0.59 0.30482
0.6 0.302141
0.61 0.299473
0.62 0.296818
0.63 0.294177
0.64 0.29155
0.65 0.28894
0.66 0.286346
0.67 0.28377
0.68 0.281214
0.69 0.278678
0.7 0.276163
0.71 0.273671
0.72 0.271204
0.73 0.268761
0.74 0.266346
0.75 0.263957
0.76 0.261598
0.77 0.25927
0.78 0.256973
0.79 0.254709
0.8 0.25248
0.81 0.250286
0.82 0.248129
0.83 0.246011
0.84 0.243933
0.85 0.241896
0.86 0.239902
0.87 0.237952
0.88 0.236048
0.89 0.23419
0.9 0.232381
0.91 0.230621
0.92 0.228913
0.93 0.227258
0.94 0.225657
0.95 0.224111
0.96 0.222622
0.97 0.221191
0.98 0.21982
0.99 0.218511
1 0.217264
1.01 0.216081
1.02 0.214963
1.03 0.213911
1.04 0.212928
1.05 0.212014
1.06 0.211171
1.07 0.2104
1.08 0.209702
1.09 0.209078
1.1 0.20853
1.11 0.208059
1.12 0.207666
1.13 0.207352
1.14 0.207119
1.15 0.206967
1.16 0.206897
1.17 0.206911
1.18 0.20701
1.19 0.207194
1.2 0.207465
1.21 0.207822
1.22 0.208268
1.23 0.208803
1.24 0.209428
1.25 0.210143
1.26 0.210949
1.27 0.211847
1.28 0.212837
1.29 0.21392
1.3 0.215096
1.31 0.216366
1.32 0.21773
1.33 0.219188
1.34 0.22074
1.35 0.222387
1.36 0.224129
1.37 0.225966
1.38 0.227897
1.39 0.229923
1.4 0.232043
1.41 0.234257
1.42 0.236565
1.43 0.238967
1.44 0.241461
1.45 0.244048
1.46 0.246727
1.47 0.249496
1.48 0.252356
1.49 0.255306
1.5 0.258344
1.51 0.261469
1.52 0.264681
1.53 0.267977
1.54 0.271358
1.55 0.274822
1.56 0.278367
1.57 0.281991
1.58 0.285694
1.59 0.289473
1.6 0.293328
1.61 0.297256
1.62 0.301255
1.63 0.305324
1.64 0.309461
1.65 0.313663
1.66 0.31793
1.67 0.322258
1.68 0.326646
1.69 0.331091
1.7 0.335593
1.71 0.340147
1.72 0.344753
1.73 0.349407
1.74 0.354109
1.75 0.358855
1.76 0.363643
1.77 0.368472
1.78 0.373338
1.79 0.378241
1.8 0.383177
1.81 0.388144
1.82 0.393141
1.83 0.398165
1.84 0.403214
1.85 0.408287
1.86 0.41338
1.87 0.418493
1.88 0.423624
1.89 0.42877
1.9 0.43393
1.91 0.439102
1.92 0.444285
1.93 0.449476
1.94 0.454675
1.95 0.45988
1.96 0.465089
1.97 0.470301
1.98 0.475515
1.99 0.48073
2 0.485944
2.01 0.491157
2.02 0.496366
2.03 0.501573
2.04 0.506775
2.05 0.511971
2.06 0.517162
2.07 0.522345
2.08 0.527521
2.09 0.53269
2.1 0.537849
2.11 0.542999
2.12 0.54814
2.13 0.553271
2.14 0.558392
2.15 0.563502
2.16 0.568601
2.17 0.57369
2.18 0.578767
2.19 0.583832
2.2 0.588887
2.21 0.593929
2.22 0.598961
2.23 0.60398
2.24 0.608988
2.25 0.613985
2.26 0.61897
2.27 0.623944
2.28 0.628907
2.29 0.633859
2.3 0.6388
2.31 0.64373
2.32 0.648649
2.33 0.653559
2.34 0.658458
2.35 0.663347
2.36 0.668227
2.37 0.673097
2.38 0.677958
2.39 0.68281
2.4 0.687654
2.41 0.692489
2.42 0.697316
2.43 0.702136
2.44 0.706948
2.45 0.711752
2.46 0.71655
2.47 0.721341
2.48 0.726125
2.49 0.730904
2.5 0.735677
2.51 0.740444
2.52 0.745206
2.53 0.749962
2.54 0.754715
2.55 0.759462
2.56 0.764206
2.57 0.768945
2.58 0.773682
2.59 0.778414
2.6 0.783144
2.61 0.787871
2.62 0.792595
2.63 0.797317
2.64 0.802037
2.65 0.806755
2.66 0.811471
2.67 0.816186
2.68 0.8209
2.69 0.825613
2.7 0.830326
2.71 0.835038
2.72 0.839751
2.73 0.844463
2.74 0.849175
2.75 0.853889
2.76 0.858603
2.77 0.863318
2.78 0.868034
2.79 0.872751
2.8 0.877471
2.81 0.882192
2.82 0.886915
2.83 0.891641
2.84 0.89637
2.85 0.901101
2.86 0.905835
2.87 0.910572
2.88 0.915313
2.89 0.920057
2.9 0.924805
2.91 0.929557
2.92 0.934314
2.93 0.939075
2.94 0.94384
2.95 0.948611
2.96 0.953387
2.97 0.958168
2.98 0.962954
2.99 0.967747
3 0.972545
3.01 0.97735
3.02 0.982161
3.03 0.986978
3.04 0.991803
3.05 0.996634
3.06 1.00147
3.07 1.00632
3.08 1.01117
3.09 1.01603
3.1 1.0209
3.11 1.02578
3.12 1.03067
3.13 1.03556
3.14 1.04047
3.15 1.04538
3.16 1.0503
3.17 1.05524
3.18 1.06018
3.19 1.06513
3.2 1.07009
3.21 1.07506
3.22 1.08005
3.23 1.08504
3.24 1.09005
3.25 1.09506
3.26 1.10009
3.27 1.10513
3.28 1.11018
3.29 1.11524
3.3 1.12032
3.31 1.1254
3.32 1.1305
3.33 1.13561
3.34 1.14074
3.35 1.14588
3.36 1.15103
3.37 1.15619
3.38 1.16137
3.39 1.16656
3.4 1.17177
3.41 1.17699
3.42 1.18222
3.43 1.18747
3.44 1.19274
3.45 1.19801
3.46 1.20331
3.47 1.20861
3.48 1.21394
3.49 1.21927
3.5 1.22463
3.51 1.23
3.52 1.23538
3.53 1.24078
3.54 1.2462
3.55 1.25163
3.56 1.25708
3.57 1.26254
3.58 1.26802
3.59 1.27352
3.6 1.27903
3.61 1.28456
3.62 1.2901
3.63 1.29567
3.64 1.30125
3.65 1.30684
3.66 1.31245
3.67 1.31808
3.68 1.32373
3.69 1.32939
3.7 1.33507
3.71 1.34077
3.72 1.34648
3.73 1.35221
3.74 1.35796
3.75 1.36373
3.76 1.36951
3.77 1.37531
3.78 1.38112
3.79 1.38695
3.8 1.3928
3.81 1.39867
3.82 1.40455
3.83 1.41045
3.84 1.41636
3.85 1.42229
3.86 1.42824
3.87 1.43421
3.88 1.44019
3.89 1.44618
3.9 1.4522
3.91 1.45823
3.92 1.46427
3.93 1.47033
3.94 1.47641
3.95 1.4825
3.96 1.4886
3.97 1.49473
3.98 1.50086
3.99 1.50701
4 1.51318
4.01 1.51936
4.02 1.52555
4.03 1.53176
4.04 1.53798
4.05 1.54422
4.06 1.55047
4.07 1.55673
4.08 1.56301
4.09 1.5693
4.1 1.5756
4.11 1.58191
4.12 1.58824
4.13 1.59458
4.14 1.60093
4.15 1.60729
4.16 1.61366
4.17 1.62005
4.18 1.62644
4.19 1.63285
4.2 1.63927
4.21 1.64569
4.22 1.65213
4.23 1.65857
4.24 1.66503
4.25 1.67149
4.26 1.67797
4.27 1.68445
4.28 1.69094
4.29 1.69744
4.3 1.70395
4.31 1.71046
4.32 1.71699
4.33 1.72352
4.34 1.73005
4.35 1.7366
4.36 1.74315
4.37 1.7497
4.38 1.75627
4.39 1.76284
4.4 1.76941
4.41 1.77599
4.42 1.78258
4.43 1.78917
4.44 1.79577
4.45 1.80237
4.46 1.80898
4.47 1.81559
4.48 1.82221
4.49 1.82883
4.5 1.83545
4.51 1.84208
4.52 1.84871
4.53 1.85535
4.54 1.86199
4.55 1.86864
4.56 1.87528
4.57 1.88194
4.58 1.88859
4.59 1.89525
4.6 1.90191
4.61 1.90858
4.62 1.91525
4.63 1.92192
4.64 1.9286
4.65 1.93528
4.66 1.94197
4.67 1.94866
4.68 1.95535
4.69 1.96204
4.7 1.96874
4.71 1.97545
4.72 1.98215
4.73 1.98887
4.74 1.99558
4.75 2.0023
4.76 2.00903
4.77 2.01576
4.78 2.0225
4.79 2.02924
4.8 2.03599
4.81 2.04274
4.82 2.0495
4.83 2.05626
4.84 2.06304
4.85 2.06981
4.86 2.0766
4.87 2.08339
4.88 2.09019
4.89 2.097
4.9 2.10382
4.91 2.11065
4.92 2.11748
4.93 2.12433
4.94 2.13118
4.95 2.13805
4.96 2.14493
4.97 2.15181
4.98 2.15871
4.99 2.16562
5 2.17254
5.01 2.17948
5.02 2.18643
5.03 2.19339
5.04 2.20037
5.05 2.20736
5.06 2.21437
5.07 2.22139
5.08 2.22843
5.09 2.23548
5.1 2.24255
5.11 2.24964
5.12 2.25675
5.13 2.26388
5.14 2.27102
5.15 2.27819
5.16 2.28537
5.17 2.29258
5.18 2.2998
5.19 2.30705
5.2 2.31432
5.21 2.32162
5.22 2.32893
5.23 2.33628
5.24 2.34364
5.25 2.35103
5.26 2.35845
5.27 2.36589
5.28 2.37335
5.29 2.38085
5.3 2.38837
5.31 2.39592
5.32 2.4035
5.33 2.4111
5.34 2.41874
5.35 2.4264
5.36 2.4341
5.37 2.44182
5.38 2.44958
5.39 2.45737
5.4 2.46519
5.41 2.47304
5.42 2.48093
5.43 2.48885
5.44 2.4968
5.45 2.50478
5.46 2.5128
5.47 2.52086
5.48 2.52894
5.49 2.53707
5.5 2.54523
5.51 2.55342
5.52 2.56165
5.53 2.56992
5.54 2.57822
5.55 2.58656
5.56 2.59494
5.57 2.60335
5.58 2.6118
5.59 2.62029
5.6 2.62882
5.61 2.63738
5.62 2.64598
5.63 2.65462
5.64 2.6633
5.65 2.67201
5.66 2.68076
5.67 2.68955
5.68 2.69838
5.69 2.70724
5.7 2.71614
5.71 2.72508
5.72 2.73406
5.73 2.74307
5.74 2.75212
5.75 2.76121
5.76 2.77034
5.77 2.7795
5.78 2.7887
5.79 2.79793
5.8 2.8072
5.81 2.8165
5.82 2.82584
5.83 2.83522
5.84 2.84462
5.85 2.85407
5.86 2.86354
5.87 2.87305
5.88 2.88259
5.89 2.89217
5.9 2.90177
5.91 2.91141
5.92 2.92108
5.93 2.93078
5.94 2.9405
5.95 2.95026
5.96 2.96004
5.97 2.96986
5.98 2.97969
5.99 2.98956
6 2.99945
6.01 3.00937
6.02 3.01931
6.03 3.02927
6.04 3.03926
6.05 3.04926
6.06 3.05929
6.07 3.06934
6.08 3.07941
6.09 3.0895
6.1 3.09961
6.11 3.10973
6.12 3.11987
6.13 3.13002
6.14 3.14019
6.15 3.15037
6.16 3.16056
6.17 3.17076
6.18 3.18098
6.19 3.1912
6.2 3.20143
6.21 3.21167
6.22 3.22191
6.23 3.23216
6.24 3.24241
6.25 3.25267
6.26 3.26292
6.27 3.27318
6.28 3.28344
6.29 3.29369
6.3 3.30394
6.31 3.31419
6.32 3.32443
6.33 3.33467
6.34 3.34489
6.35 3.35511
6.36 3.36532
6.37 3.37551
6.38 3.38569
6.39 3.39586
6.4 3.40601
6.41 3.41615
6.42 3.42626
6.43 3.43636
6.44 3.44643
6.45 3.45648
6.46 3.46651
6.47 3.47651
6.48 3.48648
6.49 3.49643
6.5 3.50634
6.51 3.51622
6.52 3.52608
6.53 3.53589
6.54 3.54567
6.55 3.55541
6.56 3.56511
6.57 3.57478
6.58 3.5844
6.59 3.59397
6.6 3.6035
6.61 3.61299
6.62 3.62242
6.63 3.63181
6.64 3.64114
6.65 3.65043
6.66 3.65965
6.67 3.66882
6.68 3.67794
6.69 3.68699
6.7 3.69599
6.71 3.70492
6.72 3.71379
6.73 3.72259
6.74 3.73133
6.75 3.74
6.76 3.74861
6.77 3.75714
6.78 3.7656
6.79 3.77398
6.8 3.7823
6.81 3.79053
6.82 3.79869
6.83 3.80678
6.84 3.81478
6.85 3.8227
6.86 3.83055
6.87 3.83831
6.88 3.84598
6.89 3.85358
6.9 3.86108
6.91 3.8685
6.92 3.87584
6.93 3.88308
6.94 3.89024
6.95 3.89731
6.96 3.90429
6.97 3.91117
6.98 3.91797
6.99 3.92467
7 3.93128
7.01 3.9378
7.02 3.94422
7.03 3.95055
7.04 3.95679
7.05 3.96293
7.06 3.96898
7.07 3.97493
7.08 3.98079
7.09 3.98655
7.1 3.99221
7.11 3.99778
7.12 4.00325
7.13 4.00863
7.14 4.01391
7.15 4.0191
7.16 4.02419
7.17 4.02918
7.18 4.03408
7.19 4.03888
7.2 4.04359
7.21 4.04821
7.22 4.05273
7.23 4.05715
7.24 4.06149
7.25 4.06572
7.26 4.06987
7.27 4.07392
7.28 4.07788
7.29 4.08175
7.3 4.08553
7.31 4.08922
7.32 4.09281
7.33 4.09632
7.34 4.09974
7.35 4.10307
7.36 4.10631
7.37 4.10946
7.38 4.11253
7.39 4.11551
7.4 4.1184
7.41 4.12122
7.42 4.12394
7.43 4.12659
7.44 4.12915
7.45 4.13162
7.46 4.13402
7.47 4.13634
7.48 4.13857
7.49 4.14073
7.5 4.14281
7.51 4.14481
7.52 4.14673
7.53 4.14858
7.54 4.15035
7.55 4.15204
7.56 4.15367
7.57 4.15521
7.58 4.15669
7.59 4.15809
7.6 4.15943
7.61 4.16069
7.62 4.16188
7.63 4.163
7.64 4.16406
7.65 4.16505
7.66 4.16597
7.67 4.16682
7.68 4.16761
7.69 4.16834
7.7 4.169
7.71 4.1696
7.72 4.17013
7.73 4.17061
7.74 4.17102
7.75 4.17137
7.76 4.17167
7.77 4.1719
7.78 4.17208
7.79 4.17219
7.8 4.17226
7.81 4.17226
7.82 4.17221
7.83 4.17211
7.84 4.17195
7.85 4.17174
7.86 4.17147
7.87 4.17115
7.88 4.17078
7.89 4.17037
7.9 4.1699
7.91 4.16938
7.92 4.16881
7.93 4.16819
7.94 4.16753
7.95 4.16682
7.96 4.16606
7.97 4.16525
7.98 4.16441
7.99 4.16351
8 4.16257
8.01 4.16159
8.02 4.16057
8.03 4.1595
8.04 4.1584
8.05 4.15725
8.06 4.15606
8.07 4.15483
8.08 4.15356
8.09 4.15225
8.1 4.1509
8.11 4.14952
8.12 4.14809
8.13 4.14663
8.14 4.14514
8.15 4.14361
8.16 4.14204
8.17 4.14044
8.18 4.1388
8.19 4.13713
8.2 4.13543
8.21 4.13369
8.22 4.13193
8.23 4.13013
8.24 4.12829
8.25 4.12643
8.26 4.12454
8.27 4.12261
8.28 4.12066
8.29 4.11868
8.3 4.11667
8.31 4.11463
8.32 4.11256
8.33 4.11047
8.34 4.10835
8.35 4.1062
8.36 4.10402
8.37 4.10182
8.38 4.0996
8.39 4.09735
8.4 4.09507
8.41 4.09277
8.42 4.09045
8.43 4.0881
8.44 4.08573
8.45 4.08334
8.46 4.08092
8.47 4.07849
8.48 4.07603
8.49 4.07355
8.5 4.07105
8.51 4.06853
8.52 4.06598
8.53 4.06342
8.54 4.06084
8.55 4.05824
8.56 4.05562
8.57 4.05298
8.58 4.05032
8.59 4.04765
8.6 4.04496
8.61 4.04225
8.62 4.03952
8.63 4.03677
8.64 4.03401
8.65 4.03124
8.66 4.02844
8.67 4.02563
8.68 4.02281
8.69 4.01997
8.7 4.01711
8.71 4.01424
8.72 4.01136
8.73 4.00846
8.74 4.00555
8.75 4.00262
8.76 3.99968
8.77 3.99673
8.78 3.99376
8.79 3.99078
8.8 3.98779
8.81 3.98479
8.82 3.98177
8.83 3.97874
8.84 3.9757
8.85 3.97265
8.86 3.96959
8.87 3.96651
8.88 3.96343
8.89 3.96033
8.9 3.95722
8.91 3.95411
8.92 3.95098
8.93 3.94784
8.94 3.9447
8.95 3.94154
8.96 3.93837
8.97 3.9352
8.98 3.93201
8.99 3.92882
9 3.92562
9.01 3.92241
9.02 3.91919
9.03 3.91596
9.04 3.91272
9.05 3.90948
9.06 3.90623
9.07 3.90297
9.08 3.8997
9.09 3.89642
9.1 3.89314
9.11 3.88985
9.12 3.88656
9.13 3.88325
9.14 3.87995
9.15 3.87663
9.16 3.87331
9.17 3.86998
9.18 3.86664
9.19 3.8633
9.2 3.85996
9.21 3.8566
9.22 3.85325
9.23 3.84988
9.24 3.84651
9.25 3.84314
9.26 3.83976
9.27 3.83638
9.28 3.83299
9.29 3.8296
9.3 3.8262
9.31 3.8228
9.32 3.81939
9.33 3.81598
9.34 3.81257
9.35 3.80915
9.36 3.80573
9.37 3.8023
9.38 3.79887
9.39 3.79544
9.4 3.792
9.41 3.78856
9.42 3.78512
9.43 3.78167
9.44 3.77823
9.45 3.77478
9.46 3.77132
9.47 3.76787
9.48 3.76441
9.49 3.76095
9.5 3.75749
9.51 3.75402
9.52 3.75056
9.53 3.74709
9.54 3.74362
9.55 3.74015
9.56 3.73668
9.57 3.7332
9.58 3.72973
9.59 3.72625
9.6 3.72278
9.61 3.7193
9.62 3.71582
9.63 3.71234
9.64 3.70886
9.65 3.70538
9.66 3.7019
9.67 3.69842
9.68 3.69495
9.69 3.69147
9.7 3.68799
9.71 3.68451
9.72 3.68103
9.73 3.67755
9.74 3.67408
9.75 3.6706
9.76 3.66713
9.77 3.66365
9.78 3.66018
9.79 3.65671
9.8 3.65324
9.81 3.64977
9.82 3.6463
9.83 3.64284
9.84 3.63938
9.85 3.63591
9.86 3.63246
9.87 3.629
9.88 3.62555
9.89 3.62209
9.9 3.61864
9.91 3.6152
9.92 3.61175
9.93 3.60831
9.94 3.60487
9.95 3.60144
9.96 3.59801
9.97 3.59458
9.98 3.59116
9.99 3.58773
10 3.58432
10.001 0
