0 5
0.01 4.27393
0.02 4.27464
0.03 4.27536
0.04 4.27609
0.05 4.27683
0.06 4.27758
0.07 4.27833
0.08 4.2791
0.09 4.27987
0.1 4.28066
0.11 4.28145
0.12 4.28226
0.13 4.28307
0.14 4.2839
0.15 4.28474
0.16 4.28559
0.17 4.28645
0.18 4.28733
0.19 4.28821
0.2 4.28911
0.21 4.29003
0.22 4.29096
0.23 4.2919
0.24 4.29286
0.25 4.29383
0.26 4.29482
0.27 4.29583
0.28 4.29685
0.29 4.29789
0.3 4.29895
0.31 4.30003
0.32 4.30112
0.33 4.30224
0.34 4.30337
0.35 4.30452
0.36 4.3057
0.37 4.30689
0.38 4.30811
0.39 4.30935
0.4 4.31061
0.41 4.31189
0.42 4.3132
0.43 4.31453
0.44 4.31589
0.45 4.31727
0.46 4.31868
0.47 4.32011
0.48 4.32157
0.49 4.32306
0.5 4.32457
0.51 4.32612
0.52 4.32769
0.53 4.32929
0.54 4.33092
0.55 4.33258
0.56 4.33427
0.57 4.33599
0.58 4.33774
0.59 4.33953
0.6 4.34134
0.61 4.34319
0.62 4.34507
0.63 4.34698
0.64 4.34893
0.65 4.35091
0.66 4.35293
0.67 4.35498
0.68 4.35706
0.69 4.35918
0.7 4.36134
0.71 4.36353
0.72 4.36575
0.73 4.36802
0.74 4.37032
0.75 4.37265
0.76 4.37503
0.77 4.37744
0.78 4.37988
0.79 4.38237
0.8 4.38489
0.81 4.38746
0.82 4.39005
0.83 4.39269
0.84 4.39537
0.85 4.39809
0.86 4.40084
0.87 4.40364
0.88 4.40647
0.89 4.40934
0.9 4.41226
0.91 4.41521
0.92 4.41821
0.93 4.42124
0.94 4.42432
0.95 4.42744
0.96 4.4306
0.97 4.4338
0.98 4.43704
0.99 4.44033
1 4.44366
1.01 4.44703
1.02 4.45045
1.03 4.45391
1.04 4.45742
1.05 4.46097
1.06 4.46457
1.07 4.46821
1.08 4.4719
1.09 4.47564
1.1 4.47942
1.11 4.48326
1.12 4.48714
1.13 4.49108
1.14 4.49506
1.15 4.4991
1.16 4.50319
1.17 4.50733
1.18 4.51152
1.19 4.51578
1.2 4.52008
1.21 4.52445
1.22 4.52887
1.23 4.53335
1.24 4.53789
1.25 4.54249
1.26 4.54715
1.27 4.55187
1.28 4.55666
1.29 4.56151
1.3 4.56643
1.31 4.57142
1.32 4.57647
1.33 4.5816
1.34 4.58679
1.35 4.59206
1.36 4.59739
1.37 4.6028
1.38 4.60829
1.39 4.61385
1.4 4.61949
1.41 4.6252
1.42 4.63099
1.43 4.63686
1.44 4.64282
1.45 4.64885
1.46 4.65496
1.47 4.66116
1.48 4.66744
1.49 4.6738
1.5 4.68024
1.51 4.68677
1.52 4.69339
1.53 4.70009
1.54 4.70687
1.55 4.71374
1.56 4.72069
1.57 4.72773
1.58 4.73485
1.59 4.74205
1.6 4.74934
1.61 4.75671
1.62 4.76416
1.63 4.7717
1.64 4.77931
1.65 4.787
1.66 4.79477
1.67 4.80261
1.68 4.81053
1.69 4.81852
1.7 4.82658
1.71 4.83471
1.72 4.8429
1.73 4.85116
1.74 4.85948
1.75 4.86786
1.76 4.87629
1.77 4.88478
1.78 4.89332
1.79 4.90191
1.8 4.91054
1.81 4.91921
1.82 4.92792
1.83 4.93666
1.84 4.94544
1.85 4.95424
1.86 4.96306
1.87 4.97191
1.88 4.98077
1.89 4.98965
1.9 4.99853
1.91 5.00742
1.92 5.01631
1.93 5.0252
1.94 5.03408
1.95 5.04296
1.96 5.05182
1.97 5.06066
1.98 5.06948
1.99 5.07828
2 5.08705
2.01 5.09579
2.02 5.1045
2.03 5.11317
2.04 5.1218
2.05 5.13039
2.06 5.13893
2.07 5.14742
2.08 5.15586
2.09 5.16425
2.1 5.17258
2.11 5.18085
2.12 5.18906
2.13 5.19721
2.14 5.20529
2.15 5.2133
2.16 5.22125
2.17 5.22913
2.18 5.23693
2.19 5.24467
2.2 5.25233
2.21 5.25991
2.22 5.26742
2.23 5.27485
2.24 5.28221
2.25 5.28948
2.26 5.29668
2.27 5.3038
2.28 5.31084
2.29 5.3178
2.3 5.32468
2.31 5.33148
2.32 5.3382
2.33 5.34484
2.34 5.3514
2.35 5.35788
2.36 5.36428
2.37 5.37061
2.38 5.37685
2.39 5.38302
2.4 5.38911
2.41 5.39512
2.42 5.40106
2.43 5.40692
2.44 5.41271
2.45 5.41842
2.46 5.42406
2.47 5.42962
2.48 5.43512
2.49 5.44054
2.5 5.44589
2.51 5.45117
2.52 5.45639
2.53 5.46153
2.54 5.46661
2.55 5.47163
2.56 5.47658
2.57 5.48146
2.58 5.48629
2.59 5.49105
2.6 5.49575
2.61 5.50039
2.62 5.50497
2.63 5.50949
2.64 5.51395
2.65 5.51836
2.66 5.52272
2.67 5.52701
2.68 5.53126
2.69 5.53545
2.7 5.53959
2.71 5.54368
2.72 5.54772
2.73 5.55171
2.74 5.55566
2.75 5.55955
2.76 5.5634
2.77 5.5672
2.78 5.57096
2.79 5.57468
2.8 5.57835
2.81 5.58198
2.82 5.58557
2.83 5.58911
2.84 5.59262
2.85 5.59609
2.86 5.59952
2.87 5.60291
2.88 5.60626
2.89 5.60958
2.9 5.61287
2.91 5.61611
2.92 5.61933
2.93 5.62251
2.94 5.62566
2.95 5.62877
2.96 5.63186
2.97 5.63491
2.98 5.63793
2.99 5.64093
3 5.64389
3.01 5.64683
3.02 5.64973
3.03 5.65261
3.04 5.65547
3.05 5.65829
3.06 5.6611
3.07 5.66387
3.08 5.66662
3.09 5.66935
3.1 5.67205
3.11 5.67474
3.12 5.67739
3.13 5.68003
3.14 5.68264
3.15 5.68523
3.16 5.6878
3.17 5.69035
3.18 5.69288
3.19 5.6954
3.2 5.69789
3.21 5.70036
3.22 5.70281
3.23 5.70525
3.24 5.70767
3.25 5.71007
3.26 5.71245
3.27 5.71482
3.28 5.71717
3.29 5.71951
3.3 5.72182
3.31 5.72413
3.32 5.72642
3.33 5.72869
3.34 5.73095
3.35 5.7332
3.36 5.73543
3.37 5.73765
3.38 5.73985
3.39 5.74205
3.4 5.74423
3.41 5.74639
3.42 5.74855
3.43 5.75069
3.44 5.75283
3.45 5.75495
3.46 5.75706
3.47 5.75916
3.48 5.76124
3.49 5.76332
3.5 5.76539
3.51 5.76745
3.52 5.76949
3.53 5.77153
3.54 5.77356
3.55 5.77558
3.56 5.77759
3.57 5.77959
3.58 5.78159
3.59 5.78357
3.6 5.78555
3.61 5.78752
3.62 5.78948
3.63 5.79143
3.64 5.79338
3.65 5.79531
3.66 5.79725
3.67 5.79917
3.68 5.80109
3.69 5.803
3.7 5.8049
3.71 5.8068
3.72 5.80869
3.73 5.81057
3.74 5.81245
3.75 5.81432
3.76 5.81619
3.77 5.81805
3.78 5.8199
3.79 5.82175
3.8 5.8236
3.81 5.82543
3.82 5.82727
3.83 5.8291
3.84 5.83092
3.85 5.83274
3.86 5.83455
3.87 5.83636
3.88 5.83816
3.89 5.83996
3.9 5.84176
3.91 5.84355
3.92 5.84534
3.93 5.84712
3.94 5.8489
3.95 5.85067
3.96 5.85244
3.97 5.8542
3.98 5.85597
3.99 5.85773
4 5.85948
4.01 5.86123
4.02 5.86298
4.03 5.86472
4.04 5.86646
4.05 5.8682
4.06 5.86993
4.07 5.87166
4.08 5.87339
4.09 5.87511
4.1 5.87683
4.11 5.87855
4.12 5.88026
4.13 5.88197
4.14 5.88368
4.15 5.88539
4.16 5.88709
4.17 5.88879
4.18 5.89048
4.19 5.89218
4.2 5.89387
4.21 5.89556
4.22 5.89724
4.23 5.89892
4.24 5.9006
4.25 5.90228
4.26 5.90395
4.27 5.90563
4.28 5.9073
4.29 5.90896
4.3 5.91063
4.31 5.91229
4.32 5.91395
4.33 5.91561
4.34 5.91727
4.35 5.91892
4.36 5.92057
4.37 5.92222
4.38 5.92387
4.39 5.92551
4.4 5.92715
4.41 5.92879
4.42 5.93043
4.43 5.93207
4.44 5.9337
4.45 5.93534
4.46 5.93697
4.47 5.9386
4.48 5.94022
4.49 5.94185
4.5 5.94347
4.51 5.9451
4.52 5.94672
4.53 5.94834
4.54 5.94995
4.55 5.95157
4.56 5.95318
4.57 5.9548
4.58 5.95641
4.59 5.95802
4.6 5.95963
4.61 5.96124
4.62 5.96284
4.63 5.96445
4.64 5.96605
4.65 5.96766
4.66 5.96926
4.67 5.97086
4.68 5.97246
4.69 5.97406
4.7 5.97566
4.71 5.97726
4.72 5.97885
4.73 5.98045
4.74 5.98205
4.75 5.98364
4.76 5.98523
4.77 5.98683
4.78 5.98842
4.79 5.99002
4.8 5.99161
4.81 5.9932
4.82 5.99479
4.83 5.99639
4.84 5.99798
4.85 5.99957
4.86 6.00116
4.87 6.00275
4.88 6.00434
4.89 6.00593
4.9 6.00753
4.91 6.00912
4.92 6.01071
4.93 6.0123
4.94 6.01389
4.95 6.01548
4.96 6.01708
4.97 6.01867
4.98 6.02026
4.99 6.02185
5 6.02345
5.01 6.02504
5.02 6.02663
5.03 6.02823
5.04 6.02982
5.05 6.03141
5.06 6.03301
5.07 6.0346
5.08 6.0362
5.09 6.03779
5.1 6.03939
5.11 6.04098
5.12 6.04258
5.13 6.04417
5.14 6.04577
5.15 6.04736
5.16 6.04895
5.17 6.05055
5.18 6.05214
5.19 6.05373
5.2 6.05532
5.21 6.05692
5.22 6.05851
5.23 6.06009
5.24 6.06168
5.25 6.06327
5.26 6.06485
5.27 6.06644
5.28 6.06802
5.29 6.0696
5.3 6.07118
5.31 6.07275
5.32 6.07432
5.33 6.07589
5.34 6.07746
5.35 6.07902
5.36 6.08058
5.37 6.08213
5.38 6.08368
5.39 6.08523
5.4 6.08677
5.41 6.08831
5.42 6.08984
5.43 6.09136
5.44 6.09288
5.45 6.09439
5.46 6.09589
5.47 6.09739
5.48 6.09888
5.49 6.10036
5.5 6.10183
5.51 6.10329
5.52 6.10474
5.53 6.10618
5.54 6.10761
5.55 6.10903
5.56 6.11043
5.57 6.11182
5.58 6.1132
5.59 6.11457
5.6 6.11592
5.61 6.11725
5.62 6.11857
5.63 6.11987
5.64 6.12115
5.65 6.12242
5.66 6.12366
5.67 6.12489
5.68 6.12609
5.69 6.12728
5.7 6.12844
5.71 6.12958
5.72 6.13069
5.73 6.13178
5.74 6.13284
5.75 6.13388
5.76 6.13489
5.77 6.13586
5.78 6.13681
5.79 6.13773
5.8 6.13862
5.81 6.13947
5.82 6.14029
5.83 6.14107
5.84 6.14182
5.85 6.14253
5.86 6.1432
5.87 6.14384
5.88 6.14443
5.89 6.14498
5.9 6.14548
5.91 6.14595
5.92 6.14636
5.93 6.14673
5.94 6.14705
5.95 6.14733
5.96 6.14755
5.97 6.14772
5.98 6.14784
5.99 6.1479
6 6.14791
6.01 6.14787
6.02 6.14776
6.03 6.1476
6.04 6.14737
6.05 6.14709
6.06 6.14674
6.07 6.14632
6.08 6.14585
6.09 6.1453
6.1 6.14469
6.11 6.14401
6.12 6.14326
6.13 6.14244
6.14 6.14154
6.15 6.14057
6.16 6.13953
6.17 6.13842
6.18 6.13722
6.19 6.13595
6.2 6.1346
6.21 6.13317
6.22 6.13166
6.23 6.13007
6.24 6.12839
6.25 6.12664
6.26 6.12479
6.27 6.12287
6.28 6.12086
6.29 6.11876
6.3 6.11658
6.31 6.11431
6.32 6.11195
6.33 6.1095
6.34 6.10697
6.35 6.10434
6.36 6.10163
6.37 6.09883
6.38 6.09594
6.39 6.09296
6.4 6.08988
6.41 6.08672
6.42 6.08347
6.43 6.08013
6.44 6.0767
6.45 6.07318
6.46 6.06957
6.47 6.06587
6.48 6.06209
6.49 6.05822
6.5 6.05426
6.51 6.05021
6.52 6.04608
6.53 6.04186
6.54 6.03756
6.55 6.03318
6.56 6.02871
6.57 6.02416
6.58 6.01953
6.59 6.01483
6.6 6.01004
6.61 6.00518
6.62 6.00024
6.63 5.99523
6.64 5.99015
6.65 5.98499
6.66 5.97977
6.67 5.97448
6.68 5.96912
6.69 5.96369
6.7 5.9582
6.71 5.95265
6.72 5.94704
6.73 5.94138
6.74 5.93565
6.75 5.92987
6.76 5.92404
6.77 5.91816
6.78 5.91223
6.79 5.90625
6.8 5.90022
6.81 5.89416
6.82 5.88805
6.83 5.8819
6.84 5.87571
6.85 5.86948
6.86 5.86323
6.87 5.85694
6.88 5.85062
6.89 5.84427
6.9 5.83789
6.91 5.83149
6.92 5.82507
6.93 5.81863
6.94 5.81216
6.95 5.80568
6.96 5.79918
6.97 5.79267
6.98 5.78614
6.99 5.77961
7 5.77306
7.01 5.76651
7.02 5.75995
7.03 5.75339
7.04 5.74682
7.05 5.74025
7.06 5.73368
7.07 5.72711
7.08 5.72054
7.09 5.71398
7.1 5.70742
7.11 5.70087
7.12 5.69433
7.13 5.68779
7.14 5.68126
7.15 5.67475
7.16 5.66825
7.17 5.66175
7.18 5.65528
7.19 5.64882
7.2 5.64237
7.21 5.63594
7.22 5.62953
7.23 5.62313
7.24 5.61676
7.25 5.6104
7.26 5.60407
7.27 5.59776
7.28 5.59147
7.29 5.5852
7.3 5.57896
7.31 5.57274
7.32 5.56654
7.33 5.56037
7.34 5.55423
7.35 5.54811
7.36 5.54202
7.37 5.53596
7.38 5.52992
7.39 5.52392
7.4 5.51794
7.41 5.51199
7.42 5.50607
7.43 5.50018
7.44 5.49432
7.45 5.48849
7.46 5.48269
7.47 5.47692
7.48 5.47119
7.49 5.46548
7.5 5.45981
7.51 5.45417
7.52 5.44856
7.53 5.44298
7.54 5.43744
7.55 5.43193
7.56 5.42645
7.57 5.421
7.58 5.41559
7.59 5.41021
7.6 5.40487
7.61 5.39956
7.62 5.39428
7.63 5.38904
7.64 5.38383
7.65 5.37865
7.66 5.37351
7.67 5.36841
7.68 5.36333
7.69 5.35829
7.7 5.35329
7.71 5.34832
7.72 5.34338
7.73 5.33848
7.74 5.33361
7.75 5.32878
7.76 5.32398
7.77 5.31922
7.78 5.31449
7.79 5.30979
7.8 5.30513
7.81 5.3005
7.82 5.29591
7.83 5.29135
7.84 5.28682
7.85 5.28233
7.86 5.27787
7.87 5.27345
7.88 5.26906
7.89 5.2647
7.9 5.26038
7.91 5.25609
7.92 5.25183
7.93 5.2476
7.94 5.24341
7.95 5.23925
7.96 5.23513
7.97 5.23104
7.98 5.22698
7.99 5.22295
8 5.21895
8.01 5.21499
8.02 5.21106
8.03 5.20716
8.04 5.20329
8.05 5.19945
8.06 5.19565
8.07 5.19187
8.08 5.18813
8.09 5.18442
8.1 5.18074
8.11 5.17708
8.12 5.17346
8.13 5.16987
8.14 5.16631
8.15 5.16278
8.16 5.15928
8.17 5.15581
8.18 5.15236
8.19 5.14895
8.2 5.14557
8.21 5.14221
8.22 5.13888
8.23 5.13558
8.24 5.13231
8.25 5.12907
8.26 5.12585
8.27 5.12266
8.28 5.1195
8.29 5.11637
8.3 5.11326
8.31 5.11018
8.32 5.10713
8.33 5.1041
8.34 5.1011
8.35 5.09812
8.36 5.09517
8.37 5.09224
8.38 5.08934
8.39 5.08647
8.4 5.08362
8.41 5.08079
8.42 5.07799
8.43 5.07521
8.44 5.07246
8.45 5.06973
8.46 5.06702
8.47 5.06434
8.48 5.06168
8.49 5.05904
8.5 5.05642
8.51 5.05383
8.52 5.05126
8.53 5.04871
8.54 5.04618
8.55 5.04368
8.56 5.04119
8.57 5.03873
8.58 5.03629
8.59 5.03387
8.6 5.03147
8.61 5.02908
8.62 5.02672
8.63 5.02438
8.64 5.02206
8.65 5.01976
8.66 5.01747
8.67 5.01521
8.68 5.01297
8.69 5.01074
8.7 5.00853
8.71 5.00634
8.72 5.00417
8.73 5.00201
8.74 4.99988
8.75 4.99776
8.76 4.99566
8.77 4.99357
8.78 4.9915
8.79 4.98945
8.8 4.98741
8.81 4.9854
8.82 4.98339
8.83 4.98141
8.84 4.97943
8.85 4.97748
8.86 4.97554
8.87 4.97361
8.88 4.9717
8.89 4.96981
8.9 4.96793
8.91 4.96606
8.92 4.96421
8.93 4.96237
8.94 4.96054
8.95 4.95873
8.96 4.95694
8.97 4.95515
8.98 4.95338
8.99 4.95163
9 4.94988
9.01 4.94815
9.02 4.94643
9.03 4.94473
9.04 4.94303
9.05 4.94135
9.06 4.93968
9.07 4.93803
9.08 4.93638
9.09 4.93475
9.1 4.93312
9.11 4.93151
9.12 4.92991
9.13 4.92832
9.14 4.92675
9.15 4.92518
9.16 4.92362
9.17 4.92208
9.18 4.92054
9.19 4.91902
9.2 4.9175
9.21 4.916
9.22 4.9145
9.23 4.91302
9.24 4.91154
9.25 4.91008
9.26 4.90862
9.27 4.90717
9.28 4.90574
9.29 4.90431
9.3 4.90289
9.31 4.90148
9.32 4.90008
9.33 4.89868
9.34 4.8973
9.35 4.89592
9.36 4.89456
9.37 4.8932
9.38 4.89185
9.39 4.8905
9.4 4.88917
9.41 4.88784
9.42 4.88652
9.43 4.88521
9.44 4.88391
9.45 4.88261
9.46 4.88133
9.47 4.88004
9.48 4.87877
9.49 4.87751
9.5 4.87625
9.51 4.875
9.52 4.87375
9.53 4.87251
9.54 4.87128
9.55 4.87006
9.56 4.86884
9.57 4.86763
9.58 4.86643
9.59 4.86523
9.6 4.86404
9.61 4.86286
9.62 4.86168
9.63 4.86051
9.64 4.85934
9.65 4.85818
9.66 4.85703
9.67 4.85589
9.68 4.85474
9.69 4.85361
9.7 4.85248
9.71 4.85136
9.72 4.85024
9.73 4.84913
9.74 4.84803
9.75 4.84693
9.76 4.84583
9.77 4.84474
9.78 4.84366
9.79 4.84258
9.8 4.84151
9.81 4.84044
9.82 4.83938
9.83 4.83833
9.84 4.83728
9.85 4.83623
9.86 4.83519
9.87 4.83415
9.88 4.83312
9.89 4.8321
9.9 4.83108
9.91 4.83006
9.92 4.82906
9.93 4.82805
9.94 4.82705
9.95 4.82605
9.96 4.82506
9.97 4.82408
9.98 4.8231
9.99 4.82212
10 4.82115
10.001 5
