0 -10
0.01 -8.57662
0.02 -8.57008
0.03 -8.56352
0.04 -8.55691
0.05 -8.55027
0.06 -8.5436
0.07 -8.53689
0.08 -8.53015
0.09 -8.52337
0.1 -8.51655
0.11 -8.50971
0.12 -8.50283
0.13 -8.49591
0.14 -8.48896
0.15 -8.48198
0.16 -8.47496
0.17 -8.46791
0.18 -8.46083
0.19 -8.45372
0.2 -8.44657
0.21 -8.43939
0.22 -8.43218
0.23 -8.42494
0.24 -8.41766
0.25 -8.41035
0.26 -8.40301
0.27 -8.39564
0.28 -8.38824
0.29 -8.38081
0.3 -8.37335
0.31 -8.36586
0.32 -8.35834
0.33 -8.35079
0.34 -8.34321
0.35 -8.3356
0.36 -8.32796
0.37 -8.32029
0.38 -8.31259
0.39 -8.30486
0.4 -8.29711
0.41 -8.28933
0.42 -8.28151
0.43 -8.27367
0.44 -8.26581
0.45 -8.25791
0.46 -8.24999
0.47 -8.24204
0.48 -8.23406
0.49 -8.22605
0.5 -8.21802
0.51 -8.20996
0.52 -8.20187
0.53 -8.19375
0.54 -8.18561
0.55 -8.17744
0.56 -8.16924
0.57 -8.16101
0.58 -8.15276
0.59 -8.14448
0.6 -8.13617
0.61 -8.12783
0.62 -8.11947
0.63 -8.11107
0.64 -8.10265
0.65 -8.0942
0.66 -8.08571
0.67 -8.0772
0.68 -8.06866
0.69 -8.06008
0.7 -8.05148
0.71 -8.04284
0.72 -8.03418
0.73 -8.02547
0.74 -8.01674
0.75 -8.00797
0.76 -7.99917
0.77 -7.99033
0.78 -7.98145
0.79 -7.97254
0.8 -7.96359
0.81 -7.95459
0.82 -7.94556
0.83 -7.93649
0.84 -7.92738
0.85 -7.91822
0.86 -7.90902
0.87 -7.89977
0.88 -7.89047
0.89 -7.88113
0.9 -7.87173
0.91 -7.86229
0.92 -7.85279
0.93 -7.84324
0.94 -7.83363
0.95 -7.82396
0.96 -7.81423
0.97 -7.80444
0.98 -7.79459
0.99 -7.78467
1 -7.77469
1.01 -7.76463
1.02 -7.75451
1.03 -7.74431
1.04 -7.73403
1.05 -7.72368
1.06 -7.71325
1.07 -7.70273
1.08 -7.69213
1.09 -7.68144
1.1 -7.67067
1.11 -7.6598
1.12 -7.64883
1.13 -7.63778
1.14 -7.62662
1.15 -7.61536
1.16 -7.60399
1.17 -7.59252
1.18 -7.58094
1.19 -7.56925
1.2 -7.55744
1.21 -7.54552
1.22 -7.53348
1.23 -7.52132
1.24 -7.50903
1.25 -7.49662
1.26 -7.48408
1.27 -7.47141
1.28 -7.45861
1.29 -7.44567
1.3 -7.4326
1.31 -7.41939
1.32 -7.40604
1.33 -7.39255
1.34 -7.37891
1.35 -7.36514
1.36 -7.35121
1.37 -7.33714
1.38 -7.32292
1.39 -7.30856
1.4 -7.29405
1.41 -7.27938
1.42 -7.26457
1.43 -7.24961
1.44 -7.2345
1.45 -7.21924
1.46 -7.20384
1.47 -7.18829
1.48 -7.17259
1.49 -7.15675
1.5 -7.14077
1.51 -7.12465
1.52 -7.10839
1.53 -7.092
1.54 -7.07547
1.55 -7.05881
1.56 -7.04203
1.57 -7.02513
1.58 -7.00811
1.59 -6.99097
1.6 -6.97372
1.61 -6.95638
1.62 -6.93893
1.63 -6.92138
1.64 -6.90375
1.65 -6.88604
1.66 -6.86825
1.67 -6.85039
1.68 -6.83247
1.69 -6.8145
1.7 -6.79647
1.71 -6.7784
1.72 -6.7603
1.73 -6.74217
1.74 -6.72403
1.75 -6.70587
1.76 -6.68771
1.77 -6.66956
1.78 -6.65142
1.79 -6.6333
1.8 -6.61521
1.81 -6.59717
1.82 -6.57917
1.83 -6.56122
1.84 -6.54335
1.85 -6.52554
1.86 -6.50781
1.87 -6.49018
1.88 -6.47264
1.89 -6.4552
1.9 -6.43788
1.91 -6.42068
1.92 -6.4036
1.93 -6.38666
1.94 -6.36986
1.95 -6.35321
1.96 -6.33672
1.97 -6.32038
1.98 -6.30421
1.99 -6.28821
2 -6.27239
2.01 -6.25675
2.02 -6.24129
2.03 -6.22603
2.04 -6.21096
2.05 -6.1961
2.06 -6.18143
2.07 -6.16697
2.08 -6.15272
2.09 -6.13867
2.1 -6.12484
2.11 -6.11123
2.12 -6.09783
2.13 -6.08464
2.14 -6.07168
2.15 -6.05894
2.16 -6.04641
2.17 -6.0341
2.18 -6.02201
2.19 -6.01015
2.2 -5.9985
2.21 -5.98706
2.22 -5.97585
2.23 -5.96485
2.24 -5.95406
2.25 -5.94349
2.26 -5.93313
2.27 -5.92297
2.28 -5.91302
2.29 -5.90328
2.3 -5.89374
2.31 -5.8844
2.32 -5.87526
2.33 -5.86631
2.34 -5.85756
2.35 -5.84899
2.36 -5.84061
2.37 -5.83242
2.38 -5.8244
2.39 -5.81656
2.4 -5.8089
2.41 -5.80141
2.42 -5.79409
2.43 -5.78693
2.44 -5.77994
2.45 -5.7731
2.46 -5.76642
2.47 -5.75989
2.48 -5.75352
2.49 -5.74729
2.5 -5.7412
2.51 -5.73526
2.52 -5.72945
2.53 -5.72377
2.54 -5.71823
2.55 -5.71282
2.56 -5.70753
2.57 -5.70237
2.58 -5.69732
2.59 -5.69239
2.6 -5.68758
2.61 -5.68288
2.62 -5.67829
2.63 -5.6738
2.64 -5.66942
2.65 -5.66514
2.66 -5.66096
2.67 -5.65687
2.68 -5.65288
2.69 -5.64898
2.7 -5.64517
2.71 -5.64145
2.72 -5.63781
2.73 -5.63426
2.74 -5.63078
2.75 -5.62739
2.76 -5.62407
2.77 -5.62082
2.78 -5.61765
2.79 -5.61455
2.8 -5.61152
2.81 -5.60856
2.82 -5.60566
2.83 -5.60282
2.84 -5.60005
2.85 -5.59734
2.86 -5.59468
2.87 -5.59209
2.88 -5.58955
2.89 -5.58706
2.9 -5.58463
2.91 -5.58225
2.92 -5.57992
2.93 -5.57764
2.94 -5.5754
2.95 -5.57322
2.96 -5.57107
2.97 -5.56898
2.98 -5.56692
2.99 -5.56491
3 -5.56294
3.01 -5.561
3.02 -5.55911
3.03 -5.55725
3.04 -5.55543
3.05 -5.55365
3.06 -5.5519
3.07 -5.55018
3.08 -5.5485
3.09 -5.54685
3.1 -5.54523
3.11 -5.54364
3.12 -5.54208
3.13 -5.54055
3.14 -5.53905
3.15 -5.53758
3.16 -5.53613
3.17 -5.53471
3.18 -5.53331
3.19 -5.53194
3.2 -5.5306
3.21 -5.52927
3.22 -5.52797
3.23 -5.5267
3.24 -5.52544
3.25 -5.52421
3.26 -5.523
3.27 -5.5218
3.28 -5.52063
3.29 -5.51948
3.3 -5.51834
3.31 -5.51723
3.32 -5.51613
3.33 -5.51505
3.34 -5.51399
3.35 -5.51294
3.36 -5.51191
3.37 -5.5109
3.38 -5.5099
3.39 -5.50892
3.4 -5.50795
3.41 -5.507
3.42 -5.50606
3.43 -5.50514
3.44 -5.50423
3.45 -5.50333
3.46 -5.50245
3.47 -5.50158
3.48 -5.50072
3.49 -5.49988
3.5 -5.49904
3.51 -5.49822
3.52 -5.49741
3.53 -5.49661
3.54 -5.49583
3.55 -5.49505
3.56 -5.49428
3.57 -5.49353
3.58 -5.49278
3.59 -5.49205
3.6 -5.49132
3.61 -5.49061
3.62 -5.4899
3.63 -5.48921
3.64 -5.48852
3.65 -5.48784
3.66 -5.48717
3.67 -5.48651
3.68 -5.48586
3.69 -5.48522
3.7 -5.48458
3.71 -5.48396
3.72 -5.48334
3.73 -5.48273
3.74 -5.48212
3.75 -5.48153
3.76 -5.48094
3.77 -5.48036
3.78 -5.47979
3.79 -5.47922
3.8 -5.47866
3.81 -5.47811
3.82 -5.47757
3.83 -5.47703
3.84 -5.4765
3.85 -5.47597
3.86 -5.47545
3.87 -5.47494
3.88 -5.47444
3.89 -5.47394
3.9 -5.47344
3.91 -5.47296
3.92 -5.47247
3.93 -5.472
3.94 -5.47153
3.95 -5.47106
3.96 -5.47061
3.97 -5.47015
3.98 -5.46971
3.99 -5.46926
4 -5.46883
4.01 -5.4684
4.02 -5.46797
4.03 -5.46755
4.04 -5.46713
4.05 -5.46672
4.06 -5.46631
4.07 -5.46591
4.08 -5.46552
4.09 -5.46512
4.1 -5.46474
4.11 -5.46435
4.12 -5.46397
4.13 -5.4636
4.14 -5.46323
4.15 -5.46286
4.16 -5.4625
4.17 -5.46214
4.18 -5.46179
4.19 -5.46144
4.2 -5.46109
4.21 -5.46075
4.22 -5.46041
4.23 -5.46007
4.24 -5.45974
4.25 -5.45941
4.26 -5.45908
4.27 -5.45876
4.28 -5.45844
4.29 -5.45812
4.3 -5.45781
4.31 -5.45749
4.32 -5.45718
4.33 -5.45688
4.34 -5.45657
4.35 -5.45627
4.36 -5.45597
4.37 -5.45568
4.38 -5.45538
4.39 -5.45509
4.4 -5.4548
4.41 -5.45451
4.42 -5.45422
4.43 -5.45394
4.44 -5.45365
4.45 -5.45337
4.46 -5.45309
4.47 -5.45281
4.48 -5.45253
4.49 -5.45225
4.5 -5.45198
4.51 -5.4517
4.52 -5.45142
4.53 -5.45115
4.54 -5.45087
4.55 -5.4506
4.56 -5.45033
4.57 -5.45005
4.58 -5.44978
4.59 -5.44951
4.6 -5.44923
4.61 -5.44896
4.62 -5.44869
4.63 -5.44841
4.64 -5.44814
4.65 -5.44786
4.66 -5.44758
4.67 -5.44731
4.68 -5.44703
4.69 -5.44675
4.7 -5.44647
4.71 -5.44619
4.72 -5.44591
4.73 -5.44562
4.74 -5.44534
4.75 -5.44505
4.76 -5.44476
4.77 -5.44447
4.78 -5.44418
4.79 -5.44388
4.8 -5.44359
4.81 -5.44329
4.82 -5.44299
4.83 -5.44269
4.84 -5.44238
4.85 -5.44207
4.86 -5.44177
4.87 -5.44145
4.88 -5.44114
4.89 -5.44082
4.9 -5.4405
4.91 -5.44018
4.92 -5.43986
4.93 -5.43953
4.94 -5.4392
4.95 -5.43887
4.96 -5.43854
4.97 -5.4382
4.98 -5.43786
4.99 -5.43752
5 -5.43717
5.01 -5.43682
5.02 -5.43647
5.03 -5.43612
5.04 -5.43576
5.05 -5.4354
5.06 -5.43504
5.07 -5.43468
5.08 -5.43431
5.09 -5.43395
5.1 -5.43358
5.11 -5.4332
5.12 -5.43283
5.13 -5.43245
5.14 -5.43207
5.15 -5.43169
5.16 -5.43131
5.17 -5.43093
5.18 -5.43054
5.19 -5.43016
5.2 -5.42977
5.21 -5.42938
5.22 -5.42899
5.23 -5.4286
5.24 -5.42821
5.25 -5.42782
5.26 -5.42743
5.27 -5.42704
5.28 -5.42665
5.29 -5.42626
5.3 -5.42588
5.31 -5.42549
5.32 -5.4251
5.33 -5.42472
5.34 -5.42434
5.35 -5.42396
5.36 -5.42359
5.37 -5.42321
5.38 -5.42284
5.39 -5.42248
5.4 -5.42212
5.41 -5.42176
5.42 -5.42141
5.43 -5.42106
5.44 -5.42072
5.45 -5.42039
5.46 -5.42006
5.47 -5.41974
5.48 -5.41943
5.49 -5.41913
5.5 -5.41883
5.51 -5.41855
5.52 -5.41827
5.53 -5.41801
5.54 -5.41775
5.55 -5.41751
5.56 -5.41728
5.57 -5.41706
5.58 -5.41686
5.59 -5.41667
5.6 -5.41649
5.61 -5.41633
5.62 -5.41619
5.63 -5.41607
5.64 -5.41596
5.65 -5.41587
5.66 -5.4158
5.67 -5.41575
5.68 -5.41572
5.69 -5.41571
5.7 -5.41572
5.71 -5.41576
5.72 -5.41582
5.73 -5.41591
5.74 -5.41602
5.75 -5.41616
5.76 -5.41633
5.77 -5.41653
5.78 -5.41676
5.79 -5.41701
5.8 -5.4173
5.81 -5.41762
5.82 -5.41798
5.83 -5.41837
5.84 -5.41879
5.85 -5.41926
5.86 -5.41976
5.87 -5.4203
5.88 -5.42088
5.89 -5.4215
5.9 -5.42216
5.91 -5.42286
5.92 -5.42362
5.93 -5.42441
5.94 -5.42525
5.95 -5.42614
5.96 -5.42708
5.97 -5.42807
5.98 -5.42912
5.99 -5.43021
6 -5.43136
6.01 -5.43256
6.02 -5.43382
6.03 -5.43513
6.04 -5.4365
6.05 -5.43794
6.06 -5.43943
6.07 -5.44098
6.08 -5.4426
6.09 -5.44428
6.1 -5.44603
6.11 -5.44784
6.12 -5.44973
6.13 -5.45167
6.14 -5.45369
6.15 -5.45578
6.16 -5.45794
6.17 -5.46018
6.18 -5.46249
6.19 -5.46487
6.2 -5.46733
6.21 -5.46987
6.22 -5.47248
6.23 -5.47517
6.24 -5.47794
6.25 -5.4808
6.26 -5.48373
6.27 -5.48675
6.28 -5.48985
6.29 -5.49303
6.3 -5.4963
6.31 -5.49965
6.32 -5.50309
6.33 -5.50662
6.34 -5.51023
6.35 -5.51393
6.36 -5.51772
6.37 -5.5216
6.38 -5.52557
6.39 -5.52963
6.4 -5.53377
6.41 -5.53801
6.42 -5.54234
6.43 -5.54676
6.44 -5.55127
6.45 -5.55587
6.46 -5.56057
6.47 -5.56535
6.48 -5.57023
6.49 -5.5752
6.5 -5.58026
6.51 -5.58541
6.52 -5.59065
6.53 -5.59598
6.54 -5.60141
6.55 -5.60692
6.56 -5.61252
6.57 -5.61822
6.58 -5.624
6.59 -5.62987
6.6 -5.63583
6.61 -5.64188
6.62 -5.64801
6.63 -5.65423
6.64 -5.66054
6.65 -5.66693
6.66 -5.67341
6.67 -5.67996
6.68 -5.68661
6.69 -5.69333
6.7 -5.70013
6.71 -5.70702
6.72 -5.71398
6.73 -5.72102
6.74 -5.72814
6.75 -5.73533
6.76 -5.7426
6.77 -5.74994
6.78 -5.75735
6.79 -5.76484
6.8 -5.77239
6.81 -5.78002
6.82 -5.78771
6.83 -5.79547
6.84 -5.80329
6.85 -5.81118
6.86 -5.81913
6.87 -5.82715
6.88 -5.83522
6.89 -5.84336
6.9 -5.85155
6.91 -5.8598
6.92 -5.8681
6.93 -5.87646
6.94 -5.88487
6.95 -5.89334
6.96 -5.90185
6.97 -5.91042
6.98 -5.91903
6.99 -5.92769
7 -5.93639
7.01 -5.94514
7.02 -5.95393
7.03 -5.96277
7.04 -5.97164
7.05 -5.98056
7.06 -5.98951
7.07 -5.9985
7.08 -6.00753
7.09 -6.01659
7.1 -6.02569
7.11 -6.03481
7.12 -6.04397
7.13 -6.05317
7.14 -6.06239
7.15 -6.07164
7.16 -6.08091
7.17 -6.09021
7.18 -6.09954
7.19 -6.1089
7.2 -6.11827
7.21 -6.12767
7.22 -6.13709
7.23 -6.14653
7.24 -6.15599
7.25 -6.16547
7.26 -6.17496
7.27 -6.18448
7.28 -6.194
7.29 -6.20355
7.3 -6.2131
7.31 -6.22268
7.32 -6.23226
7.33 -6.24185
7.34 -6.25146
7.35 -6.26107
7.36 -6.2707
7.37 -6.28033
7.38 -6.28997
7.39 -6.29962
7.4 -6.30927
7.41 -6.31893
7.42 -6.32859
7.43 -6.33826
7.44 -6.34793
7.45 -6.3576
7.46 -6.36727
7.47 -6.37695
7.48 -6.38662
7.49 -6.3963
7.5 -6.40597
7.51 -6.41565
7.52 -6.42532
7.53 -6.43498
7.54 -6.44465
7.55 -6.45431
7.56 -6.46396
7.57 -6.47361
7.58 -6.48326
7.59 -6.4929
7.6 -6.50253
7.61 -6.51215
7.62 -6.52176
7.63 -6.53137
7.64 -6.54097
7.65 -6.55056
7.66 -6.56014
7.67 -6.5697
7.68 -6.57926
7.69 -6.5888
7.7 -6.59834
7.71 -6.60786
7.72 -6.61736
7.73 -6.62686
7.74 -6.63634
7.75 -6.6458
7.76 -6.65525
7.77 -6.66469
7.78 -6.67411
7.79 -6.68351
7.8 -6.6929
7.81 -6.70227
7.82 -6.71162
7.83 -6.72096
7.84 -6.73027
7.85 -6.73957
7.86 -6.74885
7.87 -6.75811
7.88 -6.76736
7.89 -6.77658
7.9 -6.78578
7.91 -6.79496
7.92 -6.80412
7.93 -6.81326
7.94 -6.82238
7.95 -6.83148
7.96 -6.84055
7.97 -6.8496
7.98 -6.85863
7.99 -6.86764
8 -6.87662
8.01 -6.88558
8.02 -6.89452
8.03 -6.90343
8.04 -6.91232
8.05 -6.92118
8.06 -6.93002
8.07 -6.93883
8.08 -6.94762
8.09 -6.95638
8.1 -6.96512
8.11 -6.97383
8.12 -6.98251
8.13 -6.99117
8.14 -6.9998
8.15 -7.00841
8.16 -7.01698
8.17 -7.02553
8.18 -7.03406
8.19 -7.04255
8.2 -7.05102
8.21 -7.05946
8.22 -7.06787
8.23 -7.07625
8.24 -7.0846
8.25 -7.09293
8.26 -7.10123
8.27 -7.10949
8.28 -7.11773
8.29 -7.12594
8.3 -7.13412
8.31 -7.14227
8.32 -7.15039
8.33 -7.15848
8.34 -7.16654
8.35 -7.17457
8.36 -7.18257
8.37 -7.19054
8.38 -7.19848
8.39 -7.20639
8.4 -7.21427
8.41 -7.22212
8.42 -7.22993
8.43 -7.23772
8.44 -7.24548
8.45 -7.2532
8.46 -7.26089
8.47 -7.26855
8.48 -7.27619
8.49 -7.28378
8.5 -7.29135
8.51 -7.29889
8.52 -7.30639
8.53 -7.31387
8.54 -7.32131
8.55 -7.32872
8.56 -7.3361
8.57 -7.34345
8.58 -7.35076
8.59 -7.35805
8.6 -7.3653
8.61 -7.37252
8.62 -7.37971
8.63 -7.38687
8.64 -7.39399
8.65 -7.40109
8.66 -7.40815
8.67 -7.41518
8.68 -7.42218
8.69 -7.42915
8.7 -7.43608
8.71 -7.44299
8.72 -7.44986
8.73 -7.4567
8.74 -7.46351
8.75 -7.47029
8.76 -7.47704
8.77 -7.48375
8.78 -7.49044
8.79 -7.49709
8.8 -7.50372
8.81 -7.51031
8.82 -7.51687
8.83 -7.5234
8.84 -7.5299
8.85 -7.53637
8.86 -7.5428
8.87 -7.54921
8.88 -7.55559
8.89 -7.56193
8.9 -7.56825
8.91 -7.57453
8.92 -7.58079
8.93 -7.58701
8.94 -7.59321
8.95 -7.59937
8.96 -7.60551
8.97 -7.61162
8.98 -7.61769
8.99 -7.62374
9 -7.62976
9.01 -7.63575
9.02 -7.64171
9.03 -7.64764
9.04 -7.65354
9.05 -7.65941
9.06 -7.66526
9.07 -7.67108
9.08 -7.67686
9.09 -7.68262
9.1 -7.68836
9.11 -7.69406
9.12 -7.69974
9.13 -7.70538
9.14 -7.711
9.15 -7.7166
9.16 -7.72216
9.17 -7.7277
9.18 -7.73322
9.19 -7.7387
9.2 -7.74416
9.21 -7.74959
9.22 -7.755
9.23 -7.76038
9.24 -7.76573
9.25 -7.77106
9.26 -7.77636
9.27 -7.78164
9.28 -7.78689
9.29 -7.79211
9.3 -7.79731
9.31 -7.80248
9.32 -7.80763
9.33 -7.81276
9.34 -7.81786
9.35 -7.82293
9.36 -7.82798
9.37 -7.83301
9.38 -7.83801
9.39 -7.84299
9.4 -7.84795
9.41 -7.85288
9.42 -7.85779
9.43 -7.86267
9.44 -7.86753
9.45 -7.87237
9.46 -7.87718
9.47 -7.88197
9.48 -7.88674
9.49 -7.89149
9.5 -7.89621
9.51 -7.90091
9.52 -7.90559
9.53 -7.91025
9.54 -7.91488
9.55 -7.9195
9.56 -7.92409
9.57 -7.92866
9.58 -7.93321
9.59 -7.93774
9.6 -7.94224
9.61 -7.94673
9.62 -7.95119
9.63 -7.95563
9.64 -7.96006
9.65 -7.96446
9.66 -7.96884
9.67 -7.9732
9.68 -7.97754
9.69 -7.98187
9.7 -7.98617
9.71 -7.99045
9.72 -7.99471
9.73 -7.99895
9.74 -8.00318
9.75 -8.00738
9.76 -8.01156
9.77 -8.01573
9.78 -8.01987
9.79 -8.024
9.8 -8.02811
9.81 -8.0322
9.82 -8.03627
9.83 -8.04032
9.84 -8.04435
9.85 -8.04837
9.86 -8.05237
9.87 -8.05635
9.88 -8.06031
9.89 -8.06425
9.9 -8.06818
9.91 -8.07208
9.92 -8.07597
9.93 -8.07985
9.94 -8.0837
9.95 -8.08754
9.96 -8.09136
9.97 -8.09516
9.98 -8.09895
9.99 -8.10272
10 -8.10647
10.001 -10
