0 -10
0.01 -8.62
0.02 -8.61707
0.03 -8.61413
0.04 -8.61118
0.05 -8.60822
0.06 -8.60525
0.07 -8.60227
0.08 -8.59928
0.09 -8.59629
0.1 -8.59329
0.11 -8.59028
0.12 -8.58726
0.13 -8.58423
0.14 -8.58119
0.15 -8.57814
0.16 -8.57509
0.17 -8.57203
0.18 -8.56895
0.19 -8.56587
0.2 -8.56279
0.21 -8.55969
0.22 -8.55658
0.23 -8.55347
0.24 -8.55034
0.25 -8.54721
0.26 -8.54407
0.27 -8.54092
0.28 -8.53776
0.29 -8.53459
0.3 -8.53142
0.31 -8.52823
0.32 -8.52504
0.33 -8.52184
0.34 -8.51863
0.35 -8.51541
0.36 -8.51218
0.37 -8.50895
0.38 -8.5057
0.39 -8.50245
0.4 -8.49918
0.41 -8.49591
0.42 -8.49263
0.43 -8.48934
0.44 -8.48605
0.45 -8.48274
0.46 -8.47943
0.47 -8.4761
0.48 -8.47277
0.49 -8.46943
0.5 -8.46608
0.51 -8.46272
0.52 -8.45936
0.53 -8.45598
0.54 -8.4526
0.55 -8.4492
0.56 -8.4458
0.57 -8.44239
0.58 -8.43897
0.59 -8.43555
0.6 -8.43211
0.61 -8.42867
0.62 -8.42521
0.63 -8.42175
0.64 -8.41828
0.65 -8.4148
0.66 -8.41131
0.67 -8.40781
0.68 -8.40431
0.69 -8.40079
0.7 -8.39727
0.71 -8.39374
0.72 -8.3902
0.73 -8.38665
0.74 -8.38309
0.75 -8.37953
0.76 -8.37595
0.77 -8.37237
0.78 -8.36877
0.79 -8.36517
0.8 -8.36156
0.81 -8.35794
0.82 -8.35432
0.83 -8.35068
0.84 -8.34704
0.85 -8.34338
0.86 -8.33972
0.87 -8.33605
0.88 -8.33237
0.89 -8.32868
0.9 -8.32498
0.91 -8.32128
0.92 -8.31756
0.93 -8.31384
0.94 -8.31011
0.95 -8.30637
0.96 -8.30262
0.97 -8.29886
0.98 -8.29509
0.99 -8.29132
1 -8.28753
1.01 -8.28374
1.02 -8.27993
1.03 -8.27612
1.04 -8.2723
1.05 -8.26847
1.06 -8.26463
1.07 -8.26079
1.08 -8.25693
1.09 -8.25307
1.1 -8.24919
1.11 -8.24531
1.12 -8.24142
1.13 -8.23752
1.14 -8.2336
1.15 -8.22969
1.16 -8.22576
1.17 -8.22182
1.18 -8.21787
1.19 -8.21392
1.2 -8.20995
1.21 -8.20598
1.22 -8.20199
1.23 -8.198
1.24 -8.194
1.25 -8.18999
1.26 -8.18597
1.27 -8.18193
1.28 -8.17789
1.29 -8.17384
1.3 -8.16979
1.31 -8.16572
1.32 -8.16164
1.33 -8.15755
1.34 -8.15345
1.35 -8.14934
1.36 -8.14523
1.37 -8.1411
1.38 -8.13696
1.39 -8.13281
1.4 -8.12865
1.41 -8.12449
1.42 -8.12031
1.43 -8.11612
1.44 -8.11192
1.45 -8.10771
1.46 -8.10349
1.47 -8.09926
1.48 -8.09502
1.49 -8.09077
1.5 -8.08651
1.51 -8.08223
1.52 -8.07795
1.53 -8.07365
1.54 -8.06935
1.55 -8.06503
1.56 -8.0607
1.57 -8.05636
1.58 -8.05201
1.59 -8.04764
1.6 -8.04327
1.61 -8.03888
1.62 -8.03448
1.63 -8.03007
1.64 -8.02565
1.65 -8.02121
1.66 -8.01677
1.67 -8.01231
1.68 -8.00783
1.69 -8.00335
1.7 -7.99885
1.71 -7.99434
1.72 -7.98981
1.73 -7.98527
1.74 -7.98072
1.75 -7.97615
1.76 -7.97158
1.77 -7.96698
1.78 -7.96237
1.79 -7.95775
1.8 -7.95312
1.81 -7.94847
1.82 -7.9438
1.83 -7.93912
1.84 -7.93442
1.85 -7.92971
1.86 -7.92499
1.87 -7.92025
1.88 -7.91549
1.89 -7.91071
1.9 -7.90592
1.91 -7.90112
1.92 -7.89629
1.93 -7.89145
1.94 -7.8866
1.95 -7.88172
1.96 -7.87683
1.97 -7.87192
1.98 -7.86699
1.99 -7.86204
2 -7.85708
2.01 -7.85209
2.02 -7.84709
2.03 -7.84207
2.04 -7.83703
2.05 -7.83197
2.06 -7.82688
2.07 -7.82178
2.08 -7.81666
2.09 -7.81152
2.1 -7.80635
2.11 -7.80117
2.12 -7.79596
2.13 -7.79073
2.14 -7.78548
2.15 -7.7802
2.16 -7.7749
2.17 -7.76958
2.18 -7.76424
2.19 -7.75887
2.2 -7.75348
2.21 -7.74806
2.22 -7.74262
2.23 -7.73715
2.24 -7.73166
2.25 -7.72614
2.26 -7.7206
2.27 -7.71502
2.28 -7.70943
2.29 -7.7038
2.3 -7.69815
2.31 -7.69247
2.32 -7.68676
2.33 -7.68102
2.34 -7.67526
2.35 -7.66946
2.36 -7.66363
2.37 -7.65778
2.38 -7.65189
2.39 -7.64597
2.4 -7.64003
2.41 -7.63405
2.42 -7.62803
2.43 -7.62199
2.44 -7.61591
2.45 -7.6098
2.46 -7.60366
2.47 -7.59748
2.48 -7.59127
2.49 -7.58502
2.5 -7.57874
2.51 -7.57243
2.52 -7.56607
2.53 -7.55969
2.54 -7.55326
2.55 -7.5468
2.56 -7.5403
2.57 -7.53376
2.58 -7.52719
2.59 -7.52058
2.6 -7.51393
2.61 -7.50723
2.62 -7.50051
2.63 -7.49374
2.64 -7.48693
2.65 -7.48008
2.66 -7.47319
2.67 -7.46625
2.68 -7.45928
2.69 -7.45227
2.7 -7.44521
2.71 -7.43811
2.72 -7.43097
2.73 -7.42379
2.74 -7.41656
2.75 -7.40929
2.76 -7.40198
2.77 -7.39462
2.78 -7.38722
2.79 -7.37977
2.8 -7.37228
2.81 -7.36475
2.82 -7.35717
2.83 -7.34954
2.84 -7.34187
2.85 -7.33416
2.86 -7.32639
2.87 -7.31859
2.88 -7.31074
2.89 -7.30284
2.9 -7.2949
2.91 -7.28691
2.92 -7.27887
2.93 -7.27079
2.94 -7.26267
2.95 -7.25449
2.96 -7.24628
2.97 -7.23801
2.98 -7.2297
2.99 -7.22135
3 -7.21295
3.01 -7.2045
3.02 -7.19601
3.03 -7.18748
3.04 -7.1789
3.05 -7.17028
3.06 -7.16161
3.07 -7.1529
3.08 -7.14414
3.09 -7.13535
3.1 -7.12651
3.11 -7.11763
3.12 -7.1087
3.13 -7.09974
3.14 -7.09073
3.15 -7.08168
3.16 -7.0726
3.17 -7.06347
3.18 -7.05431
3.19 -7.0451
3.2 -7.03587
3.21 -7.02659
3.22 -7.01728
3.23 -7.00793
3.24 -6.99855
3.25 -6.98913
3.26 -6.97969
3.27 -6.97021
3.28 -6.96069
3.29 -6.95115
3.3 -6.94158
3.31 -6.93198
3.32 -6.92236
3.33 -6.91271
3.34 -6.90303
3.35 -6.89333
3.36 -6.88361
3.37 -6.87386
3.38 -6.8641
3.39 -6.85431
3.4 -6.84451
3.41 -6.83469
3.42 -6.82486
3.43 -6.81501
3.44 -6.80514
3.45 -6.79527
3.46 -6.78539
3.47 -6.77549
3.48 -6.76559
3.49 -6.75569
3.5 -6.74577
3.51 -6.73586
3.52 -6.72595
3.53 -6.71603
3.54 -6.70612
3.55 -6.69621
3.56 -6.6863
3.57 -6.6764
3.58 -6.6665
3.59 -6.65662
3.6 -6.64675
3.61 -6.63689
3.62 -6.62704
3.63 -6.61721
3.64 -6.6074
3.65 -6.5976
3.66 -6.58782
3.67 -6.57807
3.68 -6.56834
3.69 -6.55864
3.7 -6.54896
3.71 -6.53931
3.72 -6.52969
3.73 -6.5201
3.74 -6.51054
3.75 -6.50102
3.76 -6.49154
3.77 -6.48209
3.78 -6.47268
3.79 -6.46331
3.8 -6.45399
3.81 -6.4447
3.82 -6.43546
3.83 -6.42627
3.84 -6.41712
3.85 -6.40803
3.86 -6.39898
3.87 -6.38999
3.88 -6.38104
3.89 -6.37216
3.9 -6.36332
3.91 -6.35454
3.92 -6.34582
3.93 -6.33716
3.94 -6.32856
3.95 -6.32002
3.96 -6.31154
3.97 -6.30312
3.98 -6.29477
3.99 -6.28648
4 -6.27825
4.01 -6.27009
4.02 -6.262
4.03 -6.25398
4.04 -6.24602
4.05 -6.23814
4.06 -6.23032
4.07 -6.22257
4.08 -6.2149
4.09 -6.20729
4.1 -6.19976
4.11 -6.1923
4.12 -6.18491
4.13 -6.17759
4.14 -6.17035
4.15 -6.16318
4.16 -6.15608
4.17 -6.14906
4.18 -6.14212
4.19 -6.13524
4.2 -6.12845
4.21 -6.12172
4.22 -6.11507
4.23 -6.1085
4.24 -6.102
4.25 -6.09557
4.26 -6.08922
4.27 -6.08295
4.28 -6.07674
4.29 -6.07062
4.3 -6.06456
4.31 -6.05858
4.32 -6.05267
4.33 -6.04684
4.34 -6.04108
4.35 -6.03539
4.36 -6.02977
4.37 -6.02423
4.38 -6.01875
4.39 -6.01335
4.4 -6.00802
4.41 -6.00276
4.42 -5.99756
4.43 -5.99244
4.44 -5.98739
4.45 -5.9824
4.46 -5.97748
4.47 -5.97263
4.48 -5.96785
4.49 -5.96313
4.5 -5.95847
4.51 -5.95388
4.52 -5.94936
4.53 -5.9449
4.54 -5.9405
4.55 -5.93616
4.56 -5.93189
4.57 -5.92768
4.58 -5.92352
4.59 -5.91943
4.6 -5.9154
4.61 -5.91142
4.62 -5.9075
4.63 -5.90364
4.64 -5.89984
4.65 -5.89609
4.66 -5.89239
4.67 -5.88875
4.68 -5.88517
4.69 -5.88164
4.7 -5.87816
4.71 -5.87473
4.72 -5.87135
4.73 -5.86802
4.74 -5.86474
4.75 -5.86151
4.76 -5.85833
4.77 -5.8552
4.78 -5.85211
4.79 -5.84907
4.8 -5.84608
4.81 -5.84313
4.82 -5.84022
4.83 -5.83736
4.84 -5.83454
4.85 -5.83177
4.86 -5.82903
4.87 -5.82634
4.88 -5.82369
4.89 -5.82107
4.9 -5.8185
4.91 -5.81596
4.92 -5.81347
4.93 -5.81101
4.94 -5.80858
4.95 -5.8062
4.96 -5.80385
4.97 -5.80153
4.98 -5.79925
4.99 -5.797
5 -5.79479
5.01 -5.7926
5.02 -5.79046
5.03 -5.78834
5.04 -5.78625
5.05 -5.7842
5.06 -5.78217
5.07 -5.78018
5.08 -5.77821
5.09 -5.77627
5.1 -5.77436
5.11 -5.77248
5.12 -5.77062
5.13 -5.7688
5.14 -5.767
5.15 -5.76522
5.16 -5.76347
5.17 -5.76174
5.18 -5.76004
5.19 -5.75837
5.2 -5.75671
5.21 -5.75508
5.22 -5.75348
5.23 -5.75189
5.24 -5.75033
5.25 -5.74879
5.26 -5.74727
5.27 -5.74577
5.28 -5.74429
5.29 -5.74283
5.3 -5.74139
5.31 -5.73997
5.32 -5.73857
5.33 -5.73719
5.34 -5.73583
5.35 -5.73448
5.36 -5.73315
5.37 -5.73184
5.38 -5.73055
5.39 -5.72927
5.4 -5.72801
5.41 -5.72676
5.42 -5.72553
5.43 -5.72432
5.44 -5.72312
5.45 -5.72194
5.46 -5.72077
5.47 -5.71961
5.48 -5.71847
5.49 -5.71734
5.5 -5.71623
5.51 -5.71513
5.52 -5.71404
5.53 -5.71296
5.54 -5.7119
5.55 -5.71085
5.56 -5.70981
5.57 -5.70878
5.58 -5.70777
5.59 -5.70676
5.6 -5.70577
5.61 -5.70479
5.62 -5.70381
5.63 -5.70285
5.64 -5.7019
5.65 -5.70096
5.66 -5.70003
5.67 -5.6991
5.68 -5.69819
5.69 -5.69728
5.7 -5.69639
5.71 -5.6955
5.72 -5.69462
5.73 -5.69375
5.74 -5.69289
5.75 -5.69204
5.76 -5.69119
5.77 -5.69035
5.78 -5.68952
5.79 -5.68869
5.8 -5.68788
5.81 -5.68707
5.82 -5.68626
5.83 -5.68546
5.84 -5.68467
5.85 -5.68389
5.86 -5.68311
5.87 -5.68234
5.88 -5.68157
5.89 -5.68081
5.9 -5.68006
5.91 -5.67931
5.92 -5.67856
5.93 -5.67782
5.94 -5.67709
5.95 -5.67636
5.96 -5.67563
5.97 -5.67491
5.98 -5.67419
5.99 -5.67348
6 -5.67277
6.01 -5.67207
6.02 -5.67137
6.03 -5.67067
6.04 -5.66998
6.05 -5.66929
6.06 -5.6686
6.07 -5.66792
6.08 -5.66724
6.09 -5.66657
6.1 -5.66589
6.11 -5.66522
6.12 -5.66455
6.13 -5.66389
6.14 -5.66323
6.15 -5.66257
6.16 -5.66191
6.17 -5.66125
6.18 -5.6606
6.19 -5.65995
6.2 -5.6593
6.21 -5.65865
6.22 -5.658
6.23 -5.65736
6.24 -5.65672
6.25 -5.65607
6.26 -5.65543
6.27 -5.65479
6.28 -5.65416
6.29 -5.65352
6.3 -5.65288
6.31 -5.65225
6.32 -5.65161
6.33 -5.65098
6.34 -5.65034
6.35 -5.64971
6.36 -5.64908
6.37 -5.64844
6.38 -5.64781
6.39 -5.64718
6.4 -5.64655
6.41 -5.64591
6.42 -5.64528
6.43 -5.64465
6.44 -5.64402
6.45 -5.64338
6.46 -5.64275
6.47 -5.64211
6.48 -5.64148
6.49 -5.64084
6.5 -5.6402
6.51 -5.63957
6.52 -5.63893
6.53 -5.63829
6.54 -5.63765
6.55 -5.63701
6.56 -5.63636
6.57 -5.63572
6.58 -5.63507
6.59 -5.63442
6.6 -5.63377
6.61 -5.63312
6.62 -5.63247
6.63 -5.63181
6.64 -5.63116
6.65 -5.6305
6.66 -5.62984
6.67 -5.62918
6.68 -5.62851
6.69 -5.62784
6.7 -5.62717
6.71 -5.6265
6.72 -5.62583
6.73 -5.62515
6.74 -5.62447
6.75 -5.62379
6.76 -5.62311
6.77 -5.62242
6.78 -5.62173
6.79 -5.62103
6.8 -5.62034
6.81 -5.61964
6.82 -5.61894
6.83 -5.61823
6.84 -5.61752
6.85 -5.61681
6.86 -5.61609
6.87 -5.61538
6.88 -5.61465
6.89 -5.61393
6.9 -5.6132
6.91 -5.61247
6.92 -5.61173
6.93 -5.61099
6.94 -5.61025
6.95 -5.6095
6.96 -5.60875
6.97 -5.608
6.98 -5.60724
6.99 -5.60647
7 -5.60571
7.01 -5.60494
7.02 -5.60416
7.03 -5.60339
7.04 -5.6026
7.05 -5.60182
7.06 -5.60103
7.07 -5.60023
7.08 -5.59944
7.09 -5.59863
7.1 -5.59783
7.11 -5.59702
7.12 -5.5962
7.13 -5.59538
7.14 -5.59456
7.15 -5.59373
7.16 -5.5929
7.17 -5.59207
7.18 -5.59123
7.19 -5.59038
7.2 -5.58954
7.21 -5.58869
7.22 -5.58783
7.23 -5.58697
7.24 -5.58611
7.25 -5.58524
7.26 -5.58437
7.27 -5.5835
7.28 -5.58262
7.29 -5.58174
7.3 -5.58085
7.31 -5.57996
7.32 -5.57907
7.33 -5.57817
7.34 -5.57727
7.35 -5.57637
7.36 -5.57547
7.37 -5.57456
7.38 -5.57364
7.39 -5.57273
7.4 -5.57181
7.41 -5.57089
7.42 -5.56997
7.43 -5.56904
7.44 -5.56811
7.45 -5.56718
7.46 -5.56625
7.47 -5.56531
7.48 -5.56437
7.49 -5.56343
7.5 -5.56249
7.51 -5.56154
7.52 -5.5606
7.53 -5.55965
7.54 -5.5587
7.55 -5.55775
7.56 -5.5568
7.57 -5.55584
7.58 -5.55489
7.59 -5.55393
7.6 -5.55297
7.61 -5.55201
7.62 -5.55105
7.63 -5.55009
7.64 -5.54913
7.65 -5.54816
7.66 -5.5472
7.67 -5.54623
7.68 -5.54526
7.69 -5.5443
7.7 -5.54333
7.71 -5.54236
7.72 -5.54139
7.73 -5.54041
7.74 -5.53944
7.75 -5.53846
7.76 -5.53749
7.77 -5.53651
7.78 -5.53553
7.79 -5.53454
7.8 -5.53356
7.81 -5.53257
7.82 -5.53158
7.83 -5.53059
7.84 -5.52959
7.85 -5.52859
7.86 -5.52759
7.87 -5.52658
7.88 -5.52557
7.89 -5.52455
7.9 -5.52353
7.91 -5.5225
7.92 -5.52147
7.93 -5.52043
7.94 -5.51939
7.95 -5.51834
7.96 -5.51728
7.97 -5.51621
7.98 -5.51513
7.99 -5.51405
8 -5.51295
8.01 -5.51185
8.02 -5.51073
8.03 -5.50961
8.04 -5.50847
8.05 -5.50732
8.06 -5.50616
8.07 -5.50499
8.08 -5.5038
8.09 -5.5026
8.1 -5.50139
8.11 -5.50016
8.12 -5.49892
8.13 -5.49766
8.14 -5.49638
8.15 -5.49509
8.16 -5.49379
8.17 -5.49247
8.18 -5.49113
8.19 -5.48978
8.2 -5.48841
8.21 -5.48702
8.22 -5.48562
8.23 -5.4842
8.24 -5.48277
8.25 -5.48132
8.26 -5.47986
8.27 -5.47839
8.28 -5.4769
8.29 -5.4754
8.3 -5.47389
8.31 -5.47237
8.32 -5.47084
8.33 -5.46931
8.34 -5.46777
8.35 -5.46622
8.36 -5.46468
8.37 -5.46313
8.38 -5.46159
8.39 -5.46005
8.4 -5.45852
8.41 -5.457
8.42 -5.4555
8.43 -5.45401
8.44 -5.45254
8.45 -5.45109
8.46 -5.44968
8.47 -5.44829
8.48 -5.44694
8.49 -5.44563
8.5 -5.44437
8.51 -5.44315
8.52 -5.44199
8.53 -5.44089
8.54 -5.43986
8.55 -5.4389
8.56 -5.43802
8.57 -5.43722
8.58 -5.43651
8.59 -5.43589
8.6 -5.43538
8.61 -5.43498
8.62 -5.4347
8.63 -5.43454
8.64 -5.43451
8.65 -5.43462
8.66 -5.43487
8.67 -5.43528
8.68 -5.43585
8.69 -5.43658
8.7 -5.43749
8.71 -5.43859
8.72 -5.43987
8.73 -5.44135
8.74 -5.44304
8.75 -5.44493
8.76 -5.44705
8.77 -5.44939
8.78 -5.45196
8.79 -5.45477
8.8 -5.45783
8.81 -5.46114
8.82 -5.46471
8.83 -5.46853
8.84 -5.47263
8.85 -5.47699
8.86 -5.48164
8.87 -5.48656
8.88 -5.49177
8.89 -5.49726
8.9 -5.50305
8.91 -5.50912
8.92 -5.51549
8.93 -5.52215
8.94 -5.52911
8.95 -5.53637
8.96 -5.54392
8.97 -5.55176
8.98 -5.5599
8.99 -5.56833
9 -5.57704
9.01 -5.58604
9.02 -5.59533
9.03 -5.60489
9.04 -5.61472
9.05 -5.62482
9.06 -5.63518
9.07 -5.6458
9.08 -5.65667
9.09 -5.66778
9.1 -5.67913
9.11 -5.6907
9.12 -5.70249
9.13 -5.7145
9.14 -5.72671
9.15 -5.73911
9.16 -5.7517
9.17 -5.76446
9.18 -5.77739
9.19 -5.79047
9.2 -5.80371
9.21 -5.81708
9.22 -5.83058
9.23 -5.84419
9.24 -5.85792
9.25 -5.87174
9.26 -5.88566
9.27 -5.89965
9.28 -5.91372
9.29 -5.92785
9.3 -5.94203
9.31 -5.95626
9.32 -5.97053
9.33 -5.98482
9.34 -5.99913
9.35 -6.01346
9.36 -6.02779
9.37 -6.04212
9.38 -6.05645
9.39 -6.07076
9.4 -6.08504
9.41 -6.0993
9.42 -6.11353
9.43 -6.12772
9.44 -6.14187
9.45 -6.15597
9.46 -6.17002
9.47 -6.18401
9.48 -6.19794
9.49 -6.21181
9.5 -6.22561
9.51 -6.23934
9.52 -6.253
9.53 -6.26658
9.54 -6.28009
9.55 -6.29351
9.56 -6.30685
9.57 -6.3201
9.58 -6.33327
9.59 -6.34635
9.6 -6.35934
9.61 -6.37224
9.62 -6.38506
9.63 -6.39777
9.64 -6.4104
9.65 -6.42293
9.66 -6.43537
9.67 -6.44771
9.68 -6.45996
9.69 -6.47212
9.7 -6.48418
9.71 -6.49614
9.72 -6.50802
9.73 -6.51979
9.74 -6.53148
9.75 -6.54307
9.76 -6.55456
9.77 -6.56596
9.78 -6.57727
9.79 -6.58849
9.8 -6.59962
9.81 -6.61066
9.82 -6.6216
9.83 -6.63246
9.84 -6.64322
9.85 -6.6539
9.86 -6.6645
9.87 -6.675
9.88 -6.68542
9.89 -6.69575
9.9 -6.706
9.91 -6.71617
9.92 -6.72625
9.93 -6.73625
9.94 -6.74617
9.95 -6.75601
9.96 -6.76577
9.97 -6.77545
9.98 -6.78506
9.99 -6.79458
10 -6.80403
10.001 -10
