0 5
0.01 4.00855
0.02 4.00906
0.03 4.00958
0.04 4.01011
0.05 4.01063
0.06 4.01116
0.07 4.01169
0.08 4.01223
0.09 4.01277
0.1 4.01331
0.11 4.01385
0.12 4.0144
0.13 4.01495
0.14 4.0155
0.15 4.01606
0.16 4.01662
0.17 4.01718
0.18 4.01774
0.19 4.01831
0.2 4.01888
0.21 4.01946
0.22 4.02004
0.23 4.02062
0.24 4.0212
0.25 4.02179
0.26 4.02238
0.27 4.02298
0.28 4.02358
0.29 4.02418
0.3 4.02478
0.31 4.02539
0.32 4.026
0.33 4.02662
0.34 4.02723
0.35 4.02786
0.36 4.02848
0.37 4.02911
0.38 4.02974
0.39 4.03038
0.4 4.03102
0.41 4.03166
0.42 4.03231
0.43 4.03296
0.44 4.03362
0.45 4.03427
0.46 4.03494
0.47 4.0356
0.48 4.03627
0.49 4.03695
0.5 4.03762
0.51 4.03831
0.52 4.03899
0.53 4.03968
0.54 4.04037
0.55 4.04107
0.56 4.04177
0.57 4.04248
0.58 4.04319
0.59 4.0439
0.6 4.04462
0.61 4.04534
0.62 4.04607
0.63 4.0468
0.64 4.04753
0.65 4.04827
0.66 4.04901
0.67 4.04976
0.68 4.05051
0.69 4.05127
0.7 4.05203
0.71 4.05279
0.72 4.05356
0.73 4.05434
0.74 4.05512
0.75 4.0559
0.76 4.05669
0.77 4.05748
0.78 4.05828
0.79 4.05908
0.8 4.05989
0.81 4.0607
0.82 4.06152
0.83 4.06234
0.84 4.06317
0.85 4.064
0.86 4.06483
0.87 4.06568
0.88 4.06652
0.89 4.06738
0.9 4.06823
0.91 4.06909
0.92 4.06996
0.93 4.07083
0.94 4.07171
0.95 4.0726
0.96 4.07348
0.97 4.07438
0.98 4.07528
0.99 4.07618
1 4.07709
1.01 4.07801
1.02 4.07893
1.03 4.07986
1.04 4.08079
1.05 4.08173
1.06 4.08267
1.07 4.08363
1.08 4.08458
1.09 4.08554
1.1 4.08651
1.11 4.08749
1.12 4.08847
1.13 4.08945
1.14 4.09045
1.15 4.09144
1.16 4.09245
1.17 4.09346
1.18 4.09448
1.19 4.0955
1.2 4.09653
1.21 4.09757
1.22 4.09861
1.23 4.09966
1.24 4.10072
1.25 4.10178
1.26 4.10285
1.27 4.10393
1.28 4.10502
1.29 4.10611
1.3 4.1072
1.31 4.10831
1.32 4.10942
1.33 4.11054
1.34 4.11167
1.35 4.1128
1.36 4.11394
1.37 4.11509
1.38 4.11624
1.39 4.11741
1.4 4.11858
1.41 4.11976
1.42 4.12094
1.43 4.12213
1.44 4.12334
1.45 4.12454
1.46 4.12576
1.47 4.12699
1.48 4.12822
1.49 4.12946
1.5 4.13071
1.51 4.13197
1.52 4.13323
1.53 4.13451
1.54 4.13579
1.55 4.13708
1.56 4.13838
1.57 4.13969
1.58 4.141
1.59 4.14233
1.6 4.14366
1.61 4.145
1.62 4.14636
1.63 4.14772
1.64 4.14909
1.65 4.15047
1.66 4.15186
1.67 4.15326
1.68 4.15466
1.69 4.15608
1.7 4.15751
1.71 4.15894
1.72 4.16039
1.73 4.16185
1.74 4.16331
1.75 4.16479
1.76 4.16627
1.77 4.16777
1.78 4.16928
1.79 4.17079
1.8 4.17232
1.81 4.17386
1.82 4.17541
1.83 4.17697
1.84 4.17854
1.85 4.18012
1.86 4.18171
1.87 4.18332
1.88 4.18493
1.89 4.18656
1.9 4.1882
1.91 4.18985
1.92 4.19151
1.93 4.19318
1.94 4.19487
1.95 4.19657
1.96 4.19828
1.97 4.2
1.98 4.20173
1.99 4.20348
2 4.20524
2.01 4.20701
2.02 4.2088
2.03 4.2106
2.04 4.21241
2.05 4.21423
2.06 4.21607
2.07 4.21793
2.08 4.21979
2.09 4.22167
2.1 4.22357
2.11 4.22547
2.12 4.2274
2.13 4.22934
2.14 4.23129
2.15 4.23325
2.16 4.23524
2.17 4.23723
2.18 4.23925
2.19 4.24128
2.2 4.24332
2.21 4.24538
2.22 4.24746
2.23 4.24955
2.24 4.25166
2.25 4.25378
2.26 4.25592
2.27 4.25808
2.28 4.26026
2.29 4.26246
2.3 4.26467
2.31 4.2669
2.32 4.26914
2.33 4.27141
2.34 4.2737
2.35 4.276
2.36 4.27832
2.37 4.28066
2.38 4.28302
2.39 4.28541
2.4 4.28781
2.41 4.29023
2.42 4.29267
2.43 4.29513
2.44 4.29761
2.45 4.30012
2.46 4.30264
2.47 4.30519
2.48 4.30776
2.49 4.31035
2.5 4.31297
2.51 4.3156
2.52 4.31826
2.53 4.32095
2.54 4.32366
2.55 4.32639
2.56 4.32914
2.57 4.33192
2.58 4.33473
2.59 4.33756
2.6 4.34041
2.61 4.3433
2.62 4.3462
2.63 4.34914
2.64 4.3521
2.65 4.35509
2.66 4.3581
2.67 4.36115
2.68 4.36422
2.69 4.36732
2.7 4.37045
2.71 4.3736
2.72 4.37679
2.73 4.38001
2.74 4.38326
2.75 4.38653
2.76 4.38984
2.77 4.39318
2.78 4.39655
2.79 4.39996
2.8 4.40339
2.81 4.40686
2.82 4.41036
2.83 4.4139
2.84 4.41747
2.85 4.42107
2.86 4.42471
2.87 4.42838
2.88 4.43208
2.89 4.43583
2.9 4.4396
2.91 4.44342
2.92 4.44727
2.93 4.45116
2.94 4.45508
2.95 4.45904
2.96 4.46304
2.97 4.46708
2.98 4.47116
2.99 4.47527
3 4.47943
3.01 4.48362
3.02 4.48785
3.03 4.49213
3.04 4.49644
3.05 4.50079
3.06 4.50519
3.07 4.50962
3.08 4.5141
3.09 4.51862
3.1 4.52318
3.11 4.52778
3.12 4.53243
3.13 4.53711
3.14 4.54184
3.15 4.54661
3.16 4.55143
3.17 4.55629
3.18 4.56119
3.19 4.56613
3.2 4.57112
3.21 4.57615
3.22 4.58122
3.23 4.58634
3.24 4.5915
3.25 4.5967
3.26 4.60195
3.27 4.60724
3.28 4.61258
3.29 4.61795
3.3 4.62337
3.31 4.62884
3.32 4.63434
3.33 4.63989
3.34 4.64548
3.35 4.65112
3.36 4.65679
3.37 4.66251
3.38 4.66827
3.39 4.67407
3.4 4.67991
3.41 4.68579
3.42 4.69171
3.43 4.69767
3.44 4.70367
3.45 4.70971
3.46 4.71579
3.47 4.7219
3.48 4.72805
3.49 4.73424
3.5 4.74046
3.51 4.74672
3.52 4.75301
3.53 4.75934
3.54 4.7657
3.55 4.77209
3.56 4.77852
3.57 4.78497
3.58 4.79145
3.59 4.79797
3.6 4.80451
3.61 4.81107
3.62 4.81767
3.63 4.82429
3.64 4.83093
3.65 4.8376
3.66 4.84429
3.67 4.851
3.68 4.85773
3.69 4.86448
3.7 4.87124
3.71 4.87803
3.72 4.88483
3.73 4.89164
3.74 4.89847
3.75 4.90531
3.76 4.91216
3.77 4.91902
3.78 4.92589
3.79 4.93276
3.8 4.93965
3.81 4.94653
3.82 4.95342
3.83 4.96032
3.84 4.96721
3.85 4.9741
3.86 4.981
3.87 4.98789
3.88 4.99477
3.89 5.00166
3.9 5.00853
3.91 5.0154
3.92 5.02226
3.93 5.02911
3.94 5.03594
3.95 5.04277
3.96 5.04958
3.97 5.05638
3.98 5.06316
3.99 5.06993
4 5.07668
4.01 5.08341
4.02 5.09011
4.03 5.0968
4.04 5.10347
4.05 5.11011
4.06 5.11673
4.07 5.12332
4.08 5.12989
4.09 5.13643
4.1 5.14294
4.11 5.14943
4.12 5.15588
4.13 5.16231
4.14 5.1687
4.15 5.17506
4.16 5.18139
4.17 5.18769
4.18 5.19395
4.19 5.20018
4.2 5.20637
4.21 5.21253
4.22 5.21865
4.23 5.22473
4.24 5.23078
4.25 5.23678
4.26 5.24275
4.27 5.24869
4.28 5.25458
4.29 5.26043
4.3 5.26625
4.31 5.27202
4.32 5.27775
4.33 5.28344
4.34 5.28909
4.35 5.2947
4.36 5.30027
4.37 5.3058
4.38 5.31128
4.39 5.31673
4.4 5.32213
4.41 5.32749
4.42 5.3328
4.43 5.33808
4.44 5.34331
4.45 5.3485
4.46 5.35365
4.47 5.35876
4.48 5.36382
4.49 5.36884
4.5 5.37382
4.51 5.37876
4.52 5.38365
4.53 5.3885
4.54 5.39332
4.55 5.39809
4.56 5.40282
4.57 5.4075
4.58 5.41215
4.59 5.41676
4.6 5.42132
4.61 5.42585
4.62 5.43033
4.63 5.43477
4.64 5.43918
4.65 5.44354
4.66 5.44787
4.67 5.45216
4.68 5.45641
4.69 5.46062
4.7 5.46479
4.71 5.46892
4.72 5.47302
4.73 5.47708
4.74 5.4811
4.75 5.48508
4.76 5.48903
4.77 5.49294
4.78 5.49682
4.79 5.50066
4.8 5.50447
4.81 5.50824
4.82 5.51198
4.83 5.51568
4.84 5.51935
4.85 5.52298
4.86 5.52659
4.87 5.53016
4.88 5.53369
4.89 5.5372
4.9 5.54067
4.91 5.54411
4.92 5.54752
4.93 5.5509
4.94 5.55425
4.95 5.55757
4.96 5.56086
4.97 5.56412
4.98 5.56735
4.99 5.57055
5 5.57372
5.01 5.57687
5.02 5.57999
5.03 5.58308
5.04 5.58614
5.05 5.58917
5.06 5.59218
5.07 5.59516
5.08 5.59812
5.09 5.60105
5.1 5.60396
5.11 5.60684
5.12 5.60969
5.13 5.61252
5.14 5.61533
5.15 5.61812
5.16 5.62088
5.17 5.62361
5.18 5.62633
5.19 5.62902
5.2 5.63169
5.21 5.63433
5.22 5.63696
5.23 5.63956
5.24 5.64214
5.25 5.6447
5.26 5.64724
5.27 5.64976
5.28 5.65226
5.29 5.65474
5.3 5.6572
5.31 5.65964
5.32 5.66207
5.33 5.66447
5.34 5.66685
5.35 5.66922
5.36 5.67157
5.37 5.6739
5.38 5.67621
5.39 5.6785
5.4 5.68078
5.41 5.68304
5.42 5.68529
5.43 5.68751
5.44 5.68972
5.45 5.69192
5.46 5.6941
5.47 5.69626
5.48 5.69841
5.49 5.70054
5.5 5.70266
5.51 5.70476
5.52 5.70685
5.53 5.70893
5.54 5.71099
5.55 5.71303
5.56 5.71506
5.57 5.71708
5.58 5.71909
5.59 5.72108
5.6 5.72306
5.61 5.72502
5.62 5.72698
5.63 5.72892
5.64 5.73085
5.65 5.73276
5.66 5.73467
5.67 5.73656
5.68 5.73844
5.69 5.74031
5.7 5.74217
5.71 5.74401
5.72 5.74585
5.73 5.74768
5.74 5.74949
5.75 5.7513
5.76 5.75309
5.77 5.75487
5.78 5.75665
5.79 5.75841
5.8 5.76016
5.81 5.76191
5.82 5.76364
5.83 5.76537
5.84 5.76708
5.85 5.76879
5.86 5.77049
5.87 5.77218
5.88 5.77386
5.89 5.77553
5.9 5.7772
5.91 5.77885
5.92 5.7805
5.93 5.78214
5.94 5.78377
5.95 5.7854
5.96 5.78701
5.97 5.78862
5.98 5.79023
5.99 5.79182
6 5.79341
6.01 5.79499
6.02 5.79656
6.03 5.79813
6.04 5.79969
6.05 5.80124
6.06 5.80279
6.07 5.80433
6.08 5.80586
6.09 5.80739
6.1 5.80891
6.11 5.81043
6.12 5.81194
6.13 5.81344
6.14 5.81494
6.15 5.81644
6.16 5.81793
6.17 5.81941
6.18 5.82089
6.19 5.82236
6.2 5.82383
6.21 5.82529
6.22 5.82674
6.23 5.8282
6.24 5.82965
6.25 5.83109
6.26 5.83253
6.27 5.83396
6.28 5.83539
6.29 5.83682
6.3 5.83824
6.31 5.83966
6.32 5.84107
6.33 5.84248
6.34 5.84389
6.35 5.84529
6.36 5.84669
6.37 5.84808
6.38 5.84947
6.39 5.85086
6.4 5.85224
6.41 5.85363
6.42 5.855
6.43 5.85638
6.44 5.85775
6.45 5.85912
6.46 5.86048
6.47 5.86185
6.48 5.86321
6.49 5.86456
6.5 5.86592
6.51 5.86727
6.52 5.86862
6.53 5.86997
6.54 5.87131
6.55 5.87265
6.56 5.87399
6.57 5.87533
6.58 5.87667
6.59 5.878
6.6 5.87933
6.61 5.88066
6.62 5.88199
6.63 5.88331
6.64 5.88464
6.65 5.88596
6.66 5.88728
6.67 5.8886
6.68 5.88992
6.69 5.89123
6.7 5.89255
6.71 5.89386
6.72 5.89517
6.73 5.89648
6.74 5.89779
6.75 5.8991
6.76 5.90041
6.77 5.90171
6.78 5.90301
6.79 5.90432
6.8 5.90562
6.81 5.90692
6.82 5.90822
6.83 5.90952
6.84 5.91082
6.85 5.91212
6.86 5.91342
6.87 5.91471
6.88 5.91601
6.89 5.9173
6.9 5.9186
6.91 5.91989
6.92 5.92119
6.93 5.92248
6.94 5.92377
6.95 5.92506
6.96 5.92636
6.97 5.92765
6.98 5.92894
6.99 5.93023
7 5.93152
7.01 5.93281
7.02 5.9341
7.03 5.93539
7.04 5.93668
7.05 5.93797
7.06 5.93926
7.07 5.94055
7.08 5.94184
7.09 5.94313
7.1 5.94442
7.11 5.94571
7.12 5.947
7.13 5.94829
7.14 5.94958
7.15 5.95087
7.16 5.95216
7.17 5.95345
7.18 5.95474
7.19 5.95603
7.2 5.95732
7.21 5.95861
7.22 5.9599
7.23 5.9612
7.24 5.96249
7.25 5.96378
7.26 5.96507
7.27 5.96636
7.28 5.96766
7.29 5.96895
7.3 5.97024
7.31 5.97154
7.32 5.97283
7.33 5.97413
7.34 5.97542
7.35 5.97672
7.36 5.97801
7.37 5.97931
7.38 5.98061
7.39 5.9819
7.4 5.9832
7.41 5.9845
7.42 5.9858
7.43 5.9871
7.44 5.9884
7.45 5.9897
7.46 5.991
7.47 5.99231
7.48 5.99361
7.49 5.99492
7.5 5.99622
7.51 5.99753
7.52 5.99884
7.53 6.00015
7.54 6.00146
7.55 6.00277
7.56 6.00409
7.57 6.0054
7.58 6.00672
7.59 6.00804
7.6 6.00936
7.61 6.01068
7.62 6.01201
7.63 6.01334
7.64 6.01467
7.65 6.016
7.66 6.01734
7.67 6.01867
7.68 6.02002
7.69 6.02136
7.7 6.02271
7.71 6.02407
7.72 6.02543
7.73 6.02679
7.74 6.02816
7.75 6.02953
7.76 6.03091
7.77 6.03229
7.78 6.03368
7.79 6.03507
7.8 6.03648
7.81 6.03789
7.82 6.0393
7.83 6.04073
7.84 6.04216
7.85 6.0436
7.86 6.04505
7.87 6.04651
7.88 6.04798
7.89 6.04946
7.9 6.05095
7.91 6.05245
7.92 6.05397
7.93 6.05549
7.94 6.05703
7.95 6.05858
7.96 6.06015
7.97 6.06173
7.98 6.06332
7.99 6.06493
8 6.06655
8.01 6.0682
8.02 6.06985
8.03 6.07153
8.04 6.07322
8.05 6.07493
8.06 6.07666
8.07 6.07841
8.08 6.08017
8.09 6.08196
8.1 6.08377
8.11 6.08559
8.12 6.08744
8.13 6.08931
8.14 6.0912
8.15 6.09311
8.16 6.09504
8.17 6.09699
8.18 6.09897
8.19 6.10096
8.2 6.10298
8.21 6.10502
8.22 6.10707
8.23 6.10915
8.24 6.11125
8.25 6.11337
8.26 6.1155
8.27 6.11766
8.28 6.11983
8.29 6.12201
8.3 6.12421
8.31 6.12643
8.32 6.12865
8.33 6.13089
8.34 6.13314
8.35 6.13539
8.36 6.13765
8.37 6.13991
8.38 6.14217
8.39 6.14443
8.4 6.14668
8.41 6.14893
8.42 6.15116
8.43 6.15338
8.44 6.15558
8.45 6.15777
8.46 6.15992
8.47 6.16205
8.48 6.16414
8.49 6.1662
8.5 6.16821
8.51 6.17017
8.52 6.17208
8.53 6.17393
8.54 6.17571
8.55 6.17743
8.56 6.17907
8.57 6.18062
8.58 6.18209
8.59 6.18346
8.6 6.18472
8.61 6.18588
8.62 6.18692
8.63 6.18783
8.64 6.18862
8.65 6.18926
8.66 6.18976
8.67 6.19011
8.68 6.19029
8.69 6.1903
8.7 6.19014
8.71 6.18979
8.72 6.18924
8.73 6.1885
8.74 6.18755
8.75 6.18638
8.76 6.185
8.77 6.18338
8.78 6.18152
8.79 6.17943
8.8 6.17708
8.81 6.17448
8.82 6.17161
8.83 6.16848
8.84 6.16508
8.85 6.1614
8.86 6.15744
8.87 6.15319
8.88 6.14866
8.89 6.14384
8.9 6.13872
8.91 6.13331
8.92 6.1276
8.93 6.12159
8.94 6.11529
8.95 6.10869
8.96 6.10179
8.97 6.0946
8.98 6.08712
8.99 6.07935
9 6.0713
9.01 6.06297
9.02 6.05436
9.03 6.04548
9.04 6.03633
9.05 6.02693
9.06 6.01728
9.07 6.00739
9.08 5.99726
9.09 5.98691
9.1 5.97634
9.11 5.96556
9.12 5.95459
9.13 5.94343
9.14 5.9321
9.15 5.9206
9.16 5.90894
9.17 5.89714
9.18 5.88521
9.19 5.87316
9.2 5.861
9.21 5.84875
9.22 5.8364
9.23 5.82399
9.24 5.81151
9.25 5.79897
9.26 5.7864
9.27 5.77379
9.28 5.76117
9.29 5.74853
9.3 5.7359
9.31 5.72328
9.32 5.71067
9.33 5.69809
9.34 5.68555
9.35 5.67306
9.36 5.66061
9.37 5.64823
9.38 5.63592
9.39 5.62368
9.4 5.61152
9.41 5.59945
9.42 5.58746
9.43 5.57558
9.44 5.5638
9.45 5.55213
9.46 5.54056
9.47 5.52911
9.48 5.51778
9.49 5.50657
9.5 5.49548
9.51 5.48452
9.52 5.47369
9.53 5.46298
9.54 5.45241
9.55 5.44197
9.56 5.43166
9.57 5.42149
9.58 5.41145
9.59 5.40155
9.6 5.39179
9.61 5.38216
9.62 5.37266
9.63 5.3633
9.64 5.35408
9.65 5.34499
9.66 5.33603
9.67 5.32721
9.68 5.31852
9.69 5.30995
9.7 5.30152
9.71 5.29322
9.72 5.28504
9.73 5.27699
9.74 5.26906
9.75 5.26125
9.76 5.25357
9.77 5.246
9.78 5.23855
9.79 5.23122
9.8 5.22401
9.81 5.2169
9.82 5.20991
9.83 5.20303
9.84 5.19625
9.85 5.18959
9.86 5.18302
9.87 5.17656
9.88 5.1702
9.89 5.16394
9.9 5.15777
9.91 5.15171
9.92 5.14573
9.93 5.13985
9.94 5.13406
9.95 5.12836
9.96 5.12275
9.97 5.11722
9.98 5.11178
9.99 5.10642
10 5.10114
10.001 5
