0 0
0.01 0.455057
0.02 0.454359
0.03 0.45366
0.04 0.45296
0.05 0.452259
0.06 0.451557
0.07 0.450854
0.08 0.45015
0.09 0.449445
0.1 0.44874
0.11 0.448033
0.12 0.447326
0.13 0.446617
0.14 0.445908
0.15 0.445198
0.16 0.444487
0.17 0.443776
0.18 0.443063
0.19 0.44235
0.2 0.441636
0.21 0.440921
0.22 0.440206
0.23 0.43949
0.24 0.438773
0.25 0.438055
0.26 0.437337
0.27 0.436618
0.28 0.435898
0.29 0.435178
0.3 0.434457
0.31 0.433736
0.32 0.433013
0.33 0.432291
0.34 0.431568
0.35 0.430844
0.36 0.43012
0.37 0.429395
0.38 0.42867
0.39 0.427944
0.4 0.427218
0.41 0.426491
0.42 0.425764
0.43 0.425037
0.44 0.424309
0.45 0.423581
0.46 0.422852
0.47 0.422124
0.48 0.421395
0.49 0.420665
0.5 0.419936
0.51 0.419206
0.52 0.418476
0.53 0.417746
0.54 0.417016
0.55 0.416285
0.56 0.415555
0.57 0.414824
0.58 0.414093
0.59 0.413363
0.6 0.412632
0.61 0.411902
0.62 0.411171
0.63 0.41044
0.64 0.40971
0.65 0.40898
0.66 0.40825
0.67 0.40752
0.68 0.40679
0.69 0.406061
0.7 0.405332
0.71 0.404603
0.72 0.403874
0.73 0.403146
0.74 0.402418
0.75 0.401691
0.76 0.400964
0.77 0.400238
0.78 0.399512
0.79 0.398787
0.8 0.398063
0.81 0.397339
0.82 0.396615
0.83 0.395893
0.84 0.395171
0.85 0.39445
0.86 0.39373
0.87 0.393011
0.88 0.392292
0.89 0.391575
0.9 0.390859
0.91 0.390143
0.92 0.389429
0.93 0.388716
0.94 0.388004
0.95 0.387293
0.96 0.386584
0.97 0.385875
0.98 0.385168
0.99 0.384463
1 0.383759
1.01 0.383056
1.02 0.382355
1.03 0.381656
1.04 0.380958
1.05 0.380262
1.06 0.379568
1.07 0.378875
1.08 0.378185
1.09 0.377496
1.1 0.376809
1.11 0.376124
1.12 0.375441
1.13 0.374761
1.14 0.374082
1.15 0.373406
1.16 0.372732
1.17 0.372061
1.18 0.371392
1.19 0.370725
1.2 0.370061
1.21 0.3694
1.22 0.368741
1.23 0.368086
1.24 0.367433
1.25 0.366782
1.26 0.366135
1.27 0.365491
1.28 0.36485
1.29 0.364212
1.3 0.363578
1.31 0.362946
1.32 0.362319
1.33 0.361694
1.34 0.361074
1.35 0.360456
1.36 0.359843
1.37 0.359233
1.38 0.358628
1.39 0.358026
1.4 0.357428
1.41 0.356835
1.42 0.356246
1.43 0.355661
1.44 0.35508
1.45 0.354504
1.46 0.353933
1.47 0.353366
1.48 0.352804
1.49 0.352247
1.5 0.351695
1.51 0.351148
1.52 0.350606
1.53 0.35007
1.54 0.349539
1.55 0.349013
1.56 0.348493
1.57 0.347978
1.58 0.34747
1.59 0.346967
1.6 0.346471
1.61 0.34598
1.62 0.345496
1.63 0.345018
1.64 0.344546
1.65 0.344082
1.66 0.343623
1.67 0.343172
1.68 0.342728
1.69 0.34229
1.7 0.34186
1.71 0.341437
1.72 0.341022
1.73 0.340614
1.74 0.340214
1.75 0.339822
1.76 0.339437
1.77 0.339061
1.78 0.338693
1.79 0.338333
1.8 0.337982
1.81 0.33764
1.82 0.337306
1.83 0.336981
1.84 0.336665
1.85 0.336359
1.86 0.336061
1.87 0.335774
1.88 0.335495
1.89 0.335227
1.9 0.334968
1.91 0.33472
1.92 0.334482
1.93 0.334254
1.94 0.334037
1.95 0.33383
1.96 0.333634
1.97 0.333449
1.98 0.333276
1.99 0.333113
2 0.332962
2.01 0.332823
2.02 0.332695
2.03 0.33258
2.04 0.332476
2.05 0.332385
2.06 0.332306
2.07 0.33224
2.08 0.332187
2.09 0.332146
2.1 0.332119
2.11 0.332105
2.12 0.332104
2.13 0.332117
2.14 0.332144
2.15 0.332184
2.16 0.332239
2.17 0.332308
2.18 0.332391
2.19 0.332489
2.2 0.332602
2.21 0.33273
2.22 0.332872
2.23 0.333031
2.24 0.333204
2.25 0.333393
2.26 0.333598
2.27 0.333819
2.28 0.334056
2.29 0.334309
2.3 0.334579
2.31 0.334866
2.32 0.335169
2.33 0.335489
2.34 0.335826
2.35 0.336181
2.36 0.336553
2.37 0.336942
2.38 0.337349
2.39 0.337775
2.4 0.338218
2.41 0.338679
2.42 0.339159
2.43 0.339657
2.44 0.340174
2.45 0.34071
2.46 0.341265
2.47 0.341838
2.48 0.342431
2.49 0.343044
2.5 0.343676
2.51 0.344327
2.52 0.344998
2.53 0.345689
2.54 0.3464
2.55 0.347131
2.56 0.347883
2.57 0.348654
2.58 0.349446
2.59 0.350259
2.6 0.351092
2.61 0.351946
2.62 0.352821
2.63 0.353716
2.64 0.354633
2.65 0.355571
2.66 0.356529
2.67 0.357509
2.68 0.35851
2.69 0.359533
2.7 0.360576
2.71 0.361642
2.72 0.362728
2.73 0.363836
2.74 0.364965
2.75 0.366116
2.76 0.367289
2.77 0.368483
2.78 0.369698
2.79 0.370935
2.8 0.372193
2.81 0.373473
2.82 0.374774
2.83 0.376097
2.84 0.377441
2.85 0.378806
2.86 0.380192
2.87 0.3816
2.88 0.383029
2.89 0.384478
2.9 0.385949
2.91 0.38744
2.92 0.388952
2.93 0.390485
2.94 0.392038
2.95 0.393611
2.96 0.395205
2.97 0.396818
2.98 0.398451
2.99 0.400104
3 0.401777
3.01 0.403469
3.02 0.40518
3.03 0.40691
3.04 0.408658
3.05 0.410425
3.06 0.412211
3.07 0.414014
3.08 0.415835
3.09 0.417674
3.1 0.41953
3.11 0.421403
3.12 0.423293
3.13 0.425199
3.14 0.427121
3.15 0.429059
3.16 0.431012
3.17 0.432981
3.18 0.434965
3.19 0.436963
3.2 0.438975
3.21 0.441002
3.22 0.443041
3.23 0.445094
3.24 0.44716
3.25 0.449238
3.26 0.451329
3.27 0.453431
3.28 0.455544
3.29 0.457669
3.3 0.459804
3.31 0.461949
3.32 0.464104
3.33 0.466269
3.34 0.468442
3.35 0.470624
3.36 0.472815
3.37 0.475013
3.38 0.477219
3.39 0.479432
3.4 0.481651
3.41 0.483877
3.42 0.486109
3.43 0.488347
3.44 0.490589
3.45 0.492836
3.46 0.495088
3.47 0.497344
3.48 0.499604
3.49 0.501866
3.5 0.504132
3.51 0.506401
3.52 0.508672
3.53 0.510944
3.54 0.513219
3.55 0.515494
3.56 0.517771
3.57 0.520048
3.58 0.522326
3.59 0.524604
3.6 0.526882
3.61 0.529159
3.62 0.531436
3.63 0.533712
3.64 0.535987
3.65 0.53826
3.66 0.540532
3.67 0.542802
3.68 0.54507
3.69 0.547336
3.7 0.5496
3.71 0.551861
3.72 0.554119
3.73 0.556375
3.74 0.558628
3.75 0.560878
3.76 0.563125
3.77 0.565368
3.78 0.567609
3.79 0.569846
3.8 0.572079
3.81 0.57431
3.82 0.576536
3.83 0.57876
3.84 0.580979
3.85 0.583196
3.86 0.585408
3.87 0.587617
3.88 0.589823
3.89 0.592025
3.9 0.594224
3.91 0.59642
3.92 0.598612
3.93 0.6008
3.94 0.602986
3.95 0.605169
3.96 0.607348
3.97 0.609524
3.98 0.611698
3.99 0.613869
4 0.616037
4.01 0.618203
4.02 0.620366
4.03 0.622527
4.04 0.624685
4.05 0.626842
4.06 0.628996
4.07 0.631149
4.08 0.6333
4.09 0.635449
4.1 0.637597
4.11 0.639743
4.12 0.641889
4.13 0.644033
4.14 0.646177
4.15 0.648319
4.16 0.650461
4.17 0.652603
4.18 0.654744
4.19 0.656885
4.2 0.659026
4.21 0.661167
4.22 0.663309
4.23 0.66545
4.24 0.667593
4.25 0.669735
4.26 0.671879
4.27 0.674023
4.28 0.676169
4.29 0.678315
4.3 0.680463
4.31 0.682612
4.32 0.684763
4.33 0.686915
4.34 0.689069
4.35 0.691225
4.36 0.693383
4.37 0.695543
4.38 0.697705
4.39 0.699869
4.4 0.702036
4.41 0.704205
4.42 0.706377
4.43 0.708552
4.44 0.710729
4.45 0.71291
4.46 0.715093
4.47 0.717279
4.48 0.719469
4.49 0.721661
4.5 0.723857
4.51 0.726057
4.52 0.728259
4.53 0.730466
4.54 0.732676
4.55 0.734889
4.56 0.737106
4.57 0.739327
4.58 0.741552
4.59 0.743781
4.6 0.746014
4.61 0.748251
4.62 0.750492
4.63 0.752737
4.64 0.754986
4.65 0.757239
4.66 0.759497
4.67 0.761759
4.68 0.764025
4.69 0.766296
4.7 0.768571
4.71 0.77085
4.72 0.773134
4.73 0.775423
4.74 0.777716
4.75 0.780014
4.76 0.782316
4.77 0.784623
4.78 0.786935
4.79 0.789252
4.8 0.791573
4.81 0.793899
4.82 0.79623
4.83 0.798565
4.84 0.800906
4.85 0.803251
4.86 0.805601
4.87 0.807956
4.88 0.810317
4.89 0.812681
4.9 0.815051
4.91 0.817426
4.92 0.819806
4.93 0.822191
4.94 0.824581
4.95 0.826976
4.96 0.829376
4.97 0.831781
4.98 0.834191
4.99 0.836607
5 0.839027
5.01 0.841453
5.02 0.843883
5.03 0.846319
5.04 0.84876
5.05 0.851206
5.06 0.853658
5.07 0.856115
5.08 0.858576
5.09 0.861044
5.1 0.863516
5.11 0.865994
5.12 0.868477
5.13 0.870965
5.14 0.873459
5.15 0.875958
5.16 0.878463
5.17 0.880972
5.18 0.883488
5.19 0.886008
5.2 0.888535
5.21 0.891066
5.22 0.893604
5.23 0.896147
5.24 0.898695
5.25 0.901249
5.26 0.903809
5.27 0.906374
5.28 0.908945
5.29 0.911521
5.3 0.914104
5.31 0.916692
5.32 0.919286
5.33 0.921886
5.34 0.924492
5.35 0.927103
5.36 0.929721
5.37 0.932345
5.38 0.934975
5.39 0.93761
5.4 0.940252
5.41 0.942901
5.42 0.945555
5.43 0.948216
5.44 0.950883
5.45 0.953556
5.46 0.956236
5.47 0.958922
5.48 0.961615
5.49 0.964315
5.5 0.967021
5.51 0.969734
5.52 0.972454
5.53 0.97518
5.54 0.977914
5.55 0.980654
5.56 0.983402
5.57 0.986157
5.58 0.988919
5.59 0.991688
5.6 0.994465
5.61 0.997249
5.62 1.00004
5.63 1.00284
5.64 1.00565
5.65 1.00846
5.66 1.01128
5.67 1.01411
5.68 1.01695
5.69 1.0198
5.7 1.02265
5.71 1.02552
5.72 1.02839
5.73 1.03127
5.74 1.03416
5.75 1.03706
5.76 1.03996
5.77 1.04288
5.78 1.0458
5.79 1.04874
5.8 1.05168
5.81 1.05464
5.82 1.0576
5.83 1.06057
5.84 1.06355
5.85 1.06654
5.86 1.06955
5.87 1.07256
5.88 1.07558
5.89 1.07862
5.9 1.08166
5.91 1.08471
5.92 1.08778
5.93 1.09086
5.94 1.09395
5.95 1.09704
5.96 1.10016
5.97 1.10328
5.98 1.10641
5.99 1.10956
6 1.11272
6.01 1.11589
6.02 1.11908
6.03 1.12227
6.04 1.12548
6.05 1.12871
6.06 1.13194
6.07 1.13519
6.08 1.13846
6.09 1.14173
6.1 1.14503
6.11 1.14833
6.12 1.15165
6.13 1.15499
6.14 1.15834
6.15 1.1617
6.16 1.16508
6.17 1.16848
6.18 1.17189
6.19 1.17532
6.2 1.17876
6.21 1.18223
6.22 1.1857
6.23 1.1892
6.24 1.19271
6.25 1.19624
6.26 1.19979
6.27 1.20335
6.28 1.20693
6.29 1.21054
6.3 1.21416
6.31 1.2178
6.32 1.22145
6.33 1.22513
6.34 1.22883
6.35 1.23255
6.36 1.23629
6.37 1.24005
6.38 1.24383
6.39 1.24763
6.4 1.25145
6.41 1.2553
6.42 1.25917
6.43 1.26306
6.44 1.26697
6.45 1.27091
6.46 1.27487
6.47 1.27885
6.48 1.28286
6.49 1.28689
6.5 1.29095
6.51 1.29503
6.52 1.29914
6.53 1.30327
6.54 1.30743
6.55 1.31162
6.56 1.31583
6.57 1.32008
6.58 1.32435
6.59 1.32864
6.6 1.33297
6.61 1.33732
6.62 1.34171
6.63 1.34612
6.64 1.35057
6.65 1.35504
6.66 1.35955
6.67 1.36409
6.68 1.36866
6.69 1.37326
6.7 1.37789
6.71 1.38256
6.72 1.38726
6.73 1.392
6.74 1.39677
6.75 1.40157
6.76 1.40641
6.77 1.41129
6.78 1.4162
6.79 1.42115
6.8 1.42613
6.81 1.43116
6.82 1.43622
6.83 1.44132
6.84 1.44646
6.85 1.45164
6.86 1.45686
6.87 1.46212
6.88 1.46742
6.89 1.47276
6.9 1.47814
6.91 1.48357
6.92 1.48904
6.93 1.49455
6.94 1.50011
6.95 1.50571
6.96 1.51136
6.97 1.51705
6.98 1.52279
6.99 1.52858
7 1.53441
7.01 1.54029
7.02 1.54622
7.03 1.55219
7.04 1.55822
7.05 1.56429
7.06 1.57042
7.07 1.57659
7.08 1.58282
7.09 1.58909
7.1 1.59542
7.11 1.6018
7.12 1.60824
7.13 1.61472
7.14 1.62126
7.15 1.62786
7.16 1.6345
7.17 1.64121
7.18 1.64797
7.19 1.65478
7.2 1.66165
7.21 1.66857
7.22 1.67556
7.23 1.6826
7.24 1.68969
7.25 1.69685
7.26 1.70406
7.27 1.71133
7.28 1.71865
7.29 1.72604
7.3 1.73348
7.31 1.74099
7.32 1.74855
7.33 1.75617
7.34 1.76385
7.35 1.77159
7.36 1.77939
7.37 1.78725
7.38 1.79517
7.39 1.80315
7.4 1.81118
7.41 1.81928
7.42 1.82744
7.43 1.83565
7.44 1.84393
7.45 1.85226
7.46 1.86065
7.47 1.8691
7.48 1.87761
7.49 1.88617
7.5 1.8948
7.51 1.90348
7.52 1.91222
7.53 1.92101
7.54 1.92986
7.55 1.93877
7.56 1.94773
7.57 1.95674
7.58 1.96581
7.59 1.97494
7.6 1.98412
7.61 1.99335
7.62 2.00263
7.63 2.01196
7.64 2.02135
7.65 2.03078
7.66 2.04027
7.67 2.04981
7.68 2.05939
7.69 2.06902
7.7 2.0787
7.71 2.08843
7.72 2.0982
7.73 2.10802
7.74 2.11789
7.75 2.1278
7.76 2.13775
7.77 2.14775
7.78 2.1578
7.79 2.16788
7.8 2.17802
7.81 2.18819
7.82 2.19841
7.83 2.20867
7.84 2.21897
7.85 2.22932
7.86 2.23971
7.87 2.25014
7.88 2.26062
7.89 2.27114
7.9 2.28171
7.91 2.29232
7.92 2.30298
7.93 2.31369
7.94 2.32444
7.95 2.33524
7.96 2.34609
7.97 2.35699
7.98 2.36795
7.99 2.37896
8 2.39002
8.01 2.40114
8.02 2.41232
8.03 2.42356
8.04 2.43487
8.05 2.44624
8.06 2.45767
8.07 2.46918
8.08 2.48076
8.09 2.49241
8.1 2.50414
8.11 2.51594
8.12 2.52784
8.13 2.53981
8.14 2.55188
8.15 2.56404
8.16 2.57629
8.17 2.58864
8.18 2.60109
8.19 2.61364
8.2 2.6263
8.21 2.63908
8.22 2.65196
8.23 2.66497
8.24 2.67809
8.25 2.69134
8.26 2.70471
8.27 2.71821
8.28 2.73184
8.29 2.74561
8.3 2.75952
8.31 2.77357
8.32 2.78775
8.33 2.80209
8.34 2.81657
8.35 2.8312
8.36 2.84598
8.37 2.86091
8.38 2.87599
8.39 2.89123
8.4 2.90662
8.41 2.92217
8.42 2.93787
8.43 2.95372
8.44 2.96974
8.45 2.9859
8.46 3.00222
8.47 3.01868
8.48 3.0353
8.49 3.05206
8.5 3.06897
8.51 3.08602
8.52 3.10321
8.53 3.12053
8.54 3.13798
8.55 3.15556
8.56 3.17326
8.57 3.19107
8.58 3.209
8.59 3.22703
8.6 3.24516
8.61 3.26338
8.62 3.28169
8.63 3.30008
8.64 3.31855
8.65 3.33707
8.66 3.35566
8.67 3.37429
8.68 3.39297
8.69 3.41168
8.7 3.43042
8.71 3.44917
8.72 3.46794
8.73 3.4867
8.74 3.50546
8.75 3.5242
8.76 3.54292
8.77 3.56161
8.78 3.58026
8.79 3.59886
8.8 3.61741
8.81 3.63589
8.82 3.6543
8.83 3.67263
8.84 3.69088
8.85 3.70903
8.86 3.72709
8.87 3.74504
8.88 3.76288
8.89 3.7806
8.9 3.79819
8.91 3.81565
8.92 3.83298
8.93 3.85017
8.94 3.86721
8.95 3.88411
8.96 3.90084
8.97 3.91742
8.98 3.93383
8.99 3.95008
9 3.96615
9.01 3.98205
9.02 3.99777
9.03 4.01331
9.04 4.02866
9.05 4.04383
9.06 4.0588
9.07 4.07358
9.08 4.08817
9.09 4.10255
9.1 4.11673
9.11 4.13071
9.12 4.14449
9.13 4.15805
9.14 4.17141
9.15 4.18455
9.16 4.19748
9.17 4.2102
9.18 4.2227
9.19 4.23498
9.2 4.24704
9.21 4.25888
9.22 4.27051
9.23 4.28191
9.24 4.29308
9.25 4.30404
9.26 4.31477
9.27 4.32527
9.28 4.33556
9.29 4.34562
9.3 4.35545
9.31 4.36506
9.32 4.37445
9.33 4.38362
9.34 4.39257
9.35 4.40129
9.36 4.4098
9.37 4.41809
9.38 4.42616
9.39 4.43401
9.4 4.44166
9.41 4.44909
9.42 4.45631
9.43 4.46332
9.44 4.47013
9.45 4.47673
9.46 4.48314
9.47 4.48934
9.48 4.49535
9.49 4.50116
9.5 4.50678
9.51 4.51222
9.52 4.51747
9.53 4.52253
9.54 4.52742
9.55 4.53213
9.56 4.53666
9.57 4.54103
9.58 4.54522
9.59 4.54925
9.6 4.55312
9.61 4.55683
9.62 4.56039
9.63 4.56379
9.64 4.56704
9.65 4.57014
9.66 4.5731
9.67 4.57592
9.68 4.5786
9.69 4.58115
9.7 4.58356
9.71 4.58585
9.72 4.58801
9.73 4.59005
9.74 4.59196
9.75 4.59376
9.76 4.59544
9.77 4.59701
9.78 4.59847
9.79 4.59983
9.8 4.60107
9.81 4.60222
9.82 4.60327
9.83 4.60422
9.84 4.60507
9.85 4.60584
9.86 4.60651
9.87 4.6071
9.88 4.6076
9.89 4.60801
9.9 4.60835
9.91 4.6086
9.92 4.60878
9.93 4.60889
9.94 4.60892
9.95 4.60888
9.96 4.60877
9.97 4.60859
9.98 4.60834
9.99 4.60804
10 4.60767
10.001 0
