0 5
0.01 3.93553
0.02 3.93599
0.03 3.93645
0.04 3.93691
0.05 3.93738
0.06 3.93786
0.07 3.93834
0.08 3.93883
0.09 3.93932
0.1 3.93981
0.11 3.94032
0.12 3.94082
0.13 3.94134
0.14 3.94186
0.15 3.94238
0.16 3.94291
0.17 3.94345
0.18 3.94399
0.19 3.94453
0.2 3.94509
0.21 3.94565
0.22 3.94621
0.23 3.94678
0.24 3.94736
0.25 3.94794
0.26 3.94853
0.27 3.94913
0.28 3.94973
0.29 3.95034
0.3 3.95095
0.31 3.95157
0.32 3.9522
0.33 3.95283
0.34 3.95348
0.35 3.95412
0.36 3.95478
0.37 3.95544
0.38 3.9561
0.39 3.95678
0.4 3.95746
0.41 3.95815
0.42 3.95884
0.43 3.95955
0.44 3.96025
0.45 3.96097
0.46 3.9617
0.47 3.96243
0.48 3.96317
0.49 3.96391
0.5 3.96467
0.51 3.96543
0.52 3.9662
0.53 3.96697
0.54 3.96776
0.55 3.96855
0.56 3.96935
0.57 3.97016
0.58 3.97097
0.59 3.9718
0.6 3.97263
0.61 3.97347
0.62 3.97432
0.63 3.97518
0.64 3.97604
0.65 3.97692
0.66 3.9778
0.67 3.97869
0.68 3.97959
0.69 3.9805
0.7 3.98142
0.71 3.98235
0.72 3.98329
0.73 3.98423
0.74 3.98519
0.75 3.98615
0.76 3.98713
0.77 3.98811
0.78 3.98911
0.79 3.99011
0.8 3.99112
0.81 3.99215
0.82 3.99318
0.83 3.99422
0.84 3.99528
0.85 3.99634
0.86 3.99741
0.87 3.9985
0.88 3.9996
0.89 4.0007
0.9 4.00182
0.91 4.00295
0.92 4.00409
0.93 4.00524
0.94 4.0064
0.95 4.00757
0.96 4.00876
0.97 4.00996
0.98 4.01116
0.99 4.01238
1 4.01362
1.01 4.01486
1.02 4.01612
1.03 4.01739
1.04 4.01867
1.05 4.01997
1.06 4.02127
1.07 4.0226
1.08 4.02393
1.09 4.02528
1.1 4.02664
1.11 4.02801
1.12 4.0294
1.13 4.0308
1.14 4.03222
1.15 4.03365
1.16 4.03509
1.17 4.03655
1.18 4.03803
1.19 4.03952
1.2 4.04102
1.21 4.04254
1.22 4.04407
1.23 4.04562
1.24 4.04719
1.25 4.04877
1.26 4.05036
1.27 4.05198
1.28 4.05361
1.29 4.05525
1.3 4.05691
1.31 4.05859
1.32 4.06029
1.33 4.062
1.34 4.06373
1.35 4.06548
1.36 4.06725
1.37 4.06903
1.38 4.07083
1.39 4.07266
1.4 4.07449
1.41 4.07635
1.42 4.07823
1.43 4.08013
1.44 4.08204
1.45 4.08398
1.46 4.08593
1.47 4.08791
1.48 4.0899
1.49 4.09192
1.5 4.09395
1.51 4.09601
1.52 4.09809
1.53 4.10018
1.54 4.1023
1.55 4.10445
1.56 4.10661
1.57 4.1088
1.58 4.11101
1.59 4.11324
1.6 4.11549
1.61 4.11777
1.62 4.12007
1.63 4.1224
1.64 4.12475
1.65 4.12712
1.66 4.12952
1.67 4.13194
1.68 4.13439
1.69 4.13687
1.7 4.13937
1.71 4.14189
1.72 4.14444
1.73 4.14702
1.74 4.14963
1.75 4.15227
1.76 4.15493
1.77 4.15762
1.78 4.16034
1.79 4.16309
1.8 4.16586
1.81 4.16867
1.82 4.17151
1.83 4.17438
1.84 4.17728
1.85 4.18021
1.86 4.18318
1.87 4.18617
1.88 4.1892
1.89 4.19227
1.9 4.19536
1.91 4.1985
1.92 4.20167
1.93 4.20487
1.94 4.20811
1.95 4.21139
1.96 4.2147
1.97 4.21806
1.98 4.22145
1.99 4.22488
2 4.22836
2.01 4.23187
2.02 4.23543
2.03 4.23902
2.04 4.24267
2.05 4.24635
2.06 4.25008
2.07 4.25386
2.08 4.25768
2.09 4.26155
2.1 4.26547
2.11 4.26944
2.12 4.27346
2.13 4.27752
2.14 4.28164
2.15 4.28582
2.16 4.29004
2.17 4.29433
2.18 4.29866
2.19 4.30306
2.2 4.30751
2.21 4.31202
2.22 4.31659
2.23 4.32122
2.24 4.32591
2.25 4.33066
2.26 4.33548
2.27 4.34036
2.28 4.34531
2.29 4.35033
2.3 4.35541
2.31 4.36057
2.32 4.36579
2.33 4.37109
2.34 4.37645
2.35 4.38189
2.36 4.38741
2.37 4.393
2.38 4.39866
2.39 4.40441
2.4 4.41023
2.41 4.41613
2.42 4.42211
2.43 4.42817
2.44 4.43431
2.45 4.44054
2.46 4.44684
2.47 4.45324
2.48 4.45971
2.49 4.46627
2.5 4.47292
2.51 4.47965
2.52 4.48647
2.53 4.49337
2.54 4.50036
2.55 4.50744
2.56 4.5146
2.57 4.52186
2.58 4.52919
2.59 4.53662
2.6 4.54413
2.61 4.55173
2.62 4.55941
2.63 4.56718
2.64 4.57503
2.65 4.58297
2.66 4.59099
2.67 4.59909
2.68 4.60727
2.69 4.61552
2.7 4.62386
2.71 4.63227
2.72 4.64076
2.73 4.64932
2.74 4.65795
2.75 4.66665
2.76 4.67542
2.77 4.68425
2.78 4.69314
2.79 4.70209
2.8 4.7111
2.81 4.72016
2.82 4.72928
2.83 4.73844
2.84 4.74764
2.85 4.75689
2.86 4.76618
2.87 4.77551
2.88 4.78486
2.89 4.79425
2.9 4.80366
2.91 4.81309
2.92 4.82254
2.93 4.832
2.94 4.84148
2.95 4.85096
2.96 4.86044
2.97 4.86993
2.98 4.87941
2.99 4.88888
3 4.89834
3.01 4.90779
3.02 4.91722
3.03 4.92662
3.04 4.936
3.05 4.94535
3.06 4.95467
3.07 4.96395
3.08 4.97319
3.09 4.98239
3.1 4.99155
3.11 5.00065
3.12 5.00971
3.13 5.01871
3.14 5.02765
3.15 5.03653
3.16 5.04536
3.17 5.05411
3.18 5.06281
3.19 5.07143
3.2 5.07998
3.21 5.08846
3.22 5.09687
3.23 5.1052
3.24 5.11346
3.25 5.12163
3.26 5.12973
3.27 5.13775
3.28 5.14568
3.29 5.15353
3.3 5.1613
3.31 5.16899
3.32 5.17659
3.33 5.1841
3.34 5.19153
3.35 5.19888
3.36 5.20614
3.37 5.21331
3.38 5.22039
3.39 5.22739
3.4 5.23431
3.41 5.24113
3.42 5.24787
3.43 5.25453
3.44 5.2611
3.45 5.26759
3.46 5.27399
3.47 5.28031
3.48 5.28655
3.49 5.2927
3.5 5.29878
3.51 5.30477
3.52 5.31068
3.53 5.31651
3.54 5.32227
3.55 5.32794
3.56 5.33354
3.57 5.33906
3.58 5.34451
3.59 5.34988
3.6 5.35518
3.61 5.36041
3.62 5.36556
3.63 5.37065
3.64 5.37566
3.65 5.3806
3.66 5.38548
3.67 5.39029
3.68 5.39504
3.69 5.39971
3.7 5.40433
3.71 5.40888
3.72 5.41337
3.73 5.4178
3.74 5.42216
3.75 5.42647
3.76 5.43072
3.77 5.43491
3.78 5.43905
3.79 5.44313
3.8 5.44715
3.81 5.45112
3.82 5.45504
3.83 5.4589
3.84 5.46271
3.85 5.46648
3.86 5.47019
3.87 5.47385
3.88 5.47747
3.89 5.48103
3.9 5.48455
3.91 5.48803
3.92 5.49146
3.93 5.49485
3.94 5.49819
3.95 5.50149
3.96 5.50475
3.97 5.50796
3.98 5.51114
3.99 5.51427
4 5.51737
4.01 5.52043
4.02 5.52344
4.03 5.52643
4.04 5.52937
4.05 5.53228
4.06 5.53515
4.07 5.53799
4.08 5.5408
4.09 5.54357
4.1 5.54631
4.11 5.54901
4.12 5.55168
4.13 5.55433
4.14 5.55694
4.15 5.55952
4.16 5.56207
4.17 5.56459
4.18 5.56708
4.19 5.56954
4.2 5.57198
4.21 5.57439
4.22 5.57677
4.23 5.57913
4.24 5.58145
4.25 5.58376
4.26 5.58604
4.27 5.58829
4.28 5.59052
4.29 5.59272
4.3 5.5949
4.31 5.59706
4.32 5.5992
4.33 5.60131
4.34 5.6034
4.35 5.60547
4.36 5.60752
4.37 5.60955
4.38 5.61155
4.39 5.61354
4.4 5.61551
4.41 5.61745
4.42 5.61938
4.43 5.62129
4.44 5.62318
4.45 5.62505
4.46 5.62691
4.47 5.62874
4.48 5.63056
4.49 5.63236
4.5 5.63415
4.51 5.63592
4.52 5.63767
4.53 5.63941
4.54 5.64113
4.55 5.64283
4.56 5.64452
4.57 5.6462
4.58 5.64786
4.59 5.6495
4.6 5.65114
4.61 5.65275
4.62 5.65436
4.63 5.65595
4.64 5.65753
4.65 5.65909
4.66 5.66064
4.67 5.66218
4.68 5.66371
4.69 5.66522
4.7 5.66673
4.71 5.66822
4.72 5.6697
4.73 5.67116
4.74 5.67262
4.75 5.67406
4.76 5.6755
4.77 5.67692
4.78 5.67834
4.79 5.67974
4.8 5.68113
4.81 5.68252
4.82 5.68389
4.83 5.68525
4.84 5.68661
4.85 5.68796
4.86 5.68929
4.87 5.69062
4.88 5.69194
4.89 5.69325
4.9 5.69455
4.91 5.69584
4.92 5.69713
4.93 5.6984
4.94 5.69967
4.95 5.70093
4.96 5.70219
4.97 5.70343
4.98 5.70467
4.99 5.7059
5 5.70713
5.01 5.70835
5.02 5.70956
5.03 5.71076
5.04 5.71196
5.05 5.71315
5.06 5.71434
5.07 5.71551
5.08 5.71669
5.09 5.71785
5.1 5.71901
5.11 5.72017
5.12 5.72132
5.13 5.72246
5.14 5.7236
5.15 5.72473
5.16 5.72586
5.17 5.72699
5.18 5.7281
5.19 5.72922
5.2 5.73032
5.21 5.73143
5.22 5.73253
5.23 5.73362
5.24 5.73471
5.25 5.7358
5.26 5.73688
5.27 5.73795
5.28 5.73903
5.29 5.7401
5.3 5.74116
5.31 5.74222
5.32 5.74328
5.33 5.74433
5.34 5.74539
5.35 5.74643
5.36 5.74748
5.37 5.74852
5.38 5.74955
5.39 5.75059
5.4 5.75162
5.41 5.75265
5.42 5.75367
5.43 5.75469
5.44 5.75571
5.45 5.75673
5.46 5.75774
5.47 5.75875
5.48 5.75976
5.49 5.76077
5.5 5.76177
5.51 5.76277
5.52 5.76377
5.53 5.76477
5.54 5.76577
5.55 5.76676
5.56 5.76775
5.57 5.76874
5.58 5.76972
5.59 5.77071
5.6 5.77169
5.61 5.77267
5.62 5.77365
5.63 5.77463
5.64 5.77561
5.65 5.77658
5.66 5.77756
5.67 5.77853
5.68 5.7795
5.69 5.78047
5.7 5.78144
5.71 5.7824
5.72 5.78337
5.73 5.78433
5.74 5.7853
5.75 5.78626
5.76 5.78722
5.77 5.78818
5.78 5.78914
5.79 5.7901
5.8 5.79106
5.81 5.79201
5.82 5.79297
5.83 5.79392
5.84 5.79488
5.85 5.79583
5.86 5.79678
5.87 5.79773
5.88 5.79868
5.89 5.79963
5.9 5.80058
5.91 5.80153
5.92 5.80248
5.93 5.80343
5.94 5.80438
5.95 5.80533
5.96 5.80627
5.97 5.80722
5.98 5.80816
5.99 5.80911
6 5.81005
6.01 5.811
6.02 5.81194
6.03 5.81289
6.04 5.81383
6.05 5.81477
6.06 5.81572
6.07 5.81666
6.08 5.8176
6.09 5.81854
6.1 5.81948
6.11 5.82042
6.12 5.82137
6.13 5.82231
6.14 5.82325
6.15 5.82419
6.16 5.82513
6.17 5.82607
6.18 5.82701
6.19 5.82794
6.2 5.82888
6.21 5.82982
6.22 5.83076
6.23 5.8317
6.24 5.83264
6.25 5.83358
6.26 5.83451
6.27 5.83545
6.28 5.83639
6.29 5.83733
6.3 5.83826
6.31 5.8392
6.32 5.84014
6.33 5.84107
6.34 5.84201
6.35 5.84295
6.36 5.84388
6.37 5.84482
6.38 5.84576
6.39 5.84669
6.4 5.84763
6.41 5.84857
6.42 5.8495
6.43 5.85044
6.44 5.85138
6.45 5.85232
6.46 5.85326
6.47 5.8542
6.48 5.85514
6.49 5.85608
6.5 5.85702
6.51 5.85796
6.52 5.8589
6.53 5.85985
6.54 5.86079
6.55 5.86174
6.56 5.86268
6.57 5.86363
6.58 5.86458
6.59 5.86554
6.6 5.86649
6.61 5.86745
6.62 5.8684
6.63 5.86937
6.64 5.87033
6.65 5.8713
6.66 5.87227
6.67 5.87324
6.68 5.87422
6.69 5.8752
6.7 5.87618
6.71 5.87717
6.72 5.87817
6.73 5.87917
6.74 5.88017
6.75 5.88118
6.76 5.8822
6.77 5.88322
6.78 5.88425
6.79 5.88528
6.8 5.88633
6.81 5.88738
6.82 5.88844
6.83 5.88951
6.84 5.89058
6.85 5.89167
6.86 5.89277
6.87 5.89387
6.88 5.89499
6.89 5.89612
6.9 5.89726
6.91 5.89842
6.92 5.89958
6.93 5.90076
6.94 5.90196
6.95 5.90317
6.96 5.90439
6.97 5.90563
6.98 5.90688
6.99 5.90815
7 5.90944
7.01 5.91074
7.02 5.91206
7.03 5.9134
7.04 5.91476
7.05 5.91614
7.06 5.91754
7.07 5.91896
7.08 5.9204
7.09 5.92185
7.1 5.92334
7.11 5.92484
7.12 5.92636
7.13 5.92791
7.14 5.92948
7.15 5.93107
7.16 5.93268
7.17 5.93432
7.18 5.93598
7.19 5.93767
7.2 5.93938
7.21 5.94111
7.22 5.94287
7.23 5.94465
7.24 5.94645
7.25 5.94828
7.26 5.95013
7.27 5.952
7.28 5.95389
7.29 5.95581
7.3 5.95775
7.31 5.95971
7.32 5.96169
7.33 5.96369
7.34 5.96571
7.35 5.96775
7.36 5.96981
7.37 5.97188
7.38 5.97397
7.39 5.97607
7.4 5.97819
7.41 5.98032
7.42 5.98245
7.43 5.9846
7.44 5.98676
7.45 5.98892
7.46 5.99108
7.47 5.99325
7.48 5.99542
7.49 5.99758
7.5 5.99974
7.51 6.0019
7.52 6.00404
7.53 6.00617
7.54 6.0083
7.55 6.0104
7.56 6.01248
7.57 6.01455
7.58 6.01658
7.59 6.01859
7.6 6.02057
7.61 6.02251
7.62 6.02442
7.63 6.02628
7.64 6.0281
7.65 6.02987
7.66 6.03159
7.67 6.03325
7.68 6.03486
7.69 6.03639
7.7 6.03787
7.71 6.03926
7.72 6.04059
7.73 6.04183
7.74 6.04299
7.75 6.04406
7.76 6.04504
7.77 6.04592
7.78 6.0467
7.79 6.04738
7.8 6.04795
7.81 6.0484
7.82 6.04873
7.83 6.04894
7.84 6.04902
7.85 6.04898
7.86 6.04879
7.87 6.04847
7.88 6.048
7.89 6.04738
7.9 6.04662
7.91 6.04569
7.92 6.04461
7.93 6.04336
7.94 6.04194
7.95 6.04035
7.96 6.03859
7.97 6.03665
7.98 6.03452
7.99 6.03221
8 6.02971
8.01 6.02702
8.02 6.02414
8.03 6.02106
8.04 6.01778
8.05 6.0143
8.06 6.01061
8.07 6.00672
8.08 6.00262
8.09 5.99832
8.1 5.9938
8.11 5.98907
8.12 5.98412
8.13 5.97897
8.14 5.9736
8.15 5.96801
8.16 5.96222
8.17 5.9562
8.18 5.94998
8.19 5.94354
8.2 5.93689
8.21 5.93003
8.22 5.92296
8.23 5.91569
8.24 5.90821
8.25 5.90053
8.26 5.89265
8.27 5.88457
8.28 5.87629
8.29 5.86783
8.3 5.85918
8.31 5.85035
8.32 5.84134
8.33 5.83216
8.34 5.8228
8.35 5.81328
8.36 5.80361
8.37 5.79378
8.38 5.7838
8.39 5.77368
8.4 5.76342
8.41 5.75303
8.42 5.74252
8.43 5.73189
8.44 5.72115
8.45 5.7103
8.46 5.69936
8.47 5.68832
8.48 5.6772
8.49 5.66601
8.5 5.65474
8.51 5.64342
8.52 5.63203
8.53 5.6206
8.54 5.60913
8.55 5.59762
8.56 5.58608
8.57 5.57452
8.58 5.56295
8.59 5.55138
8.6 5.5398
8.61 5.52822
8.62 5.51666
8.63 5.50512
8.64 5.49361
8.65 5.48212
8.66 5.47067
8.67 5.45926
8.68 5.4479
8.69 5.43659
8.7 5.42534
8.71 5.41415
8.72 5.40303
8.73 5.39198
8.74 5.38101
8.75 5.37011
8.76 5.3593
8.77 5.34858
8.78 5.33795
8.79 5.32741
8.8 5.31697
8.81 5.30663
8.82 5.29639
8.83 5.28625
8.84 5.27622
8.85 5.2663
8.86 5.25649
8.87 5.24679
8.88 5.23721
8.89 5.22774
8.9 5.21839
8.91 5.20915
8.92 5.20003
8.93 5.19103
8.94 5.18215
8.95 5.17339
8.96 5.16474
8.97 5.15622
8.98 5.14781
8.99 5.13953
9 5.13136
9.01 5.12332
9.02 5.11539
9.03 5.10758
9.04 5.09988
9.05 5.0923
9.06 5.08484
9.07 5.07749
9.08 5.07026
9.09 5.06314
9.1 5.05613
9.11 5.04923
9.12 5.04245
9.13 5.03577
9.14 5.0292
9.15 5.02273
9.16 5.01637
9.17 5.01011
9.18 5.00395
9.19 4.9979
9.2 4.99194
9.21 4.98609
9.22 4.98033
9.23 4.97466
9.24 4.96909
9.25 4.96361
9.26 4.95822
9.27 4.95292
9.28 4.94771
9.29 4.94259
9.3 4.93755
9.31 4.93259
9.32 4.92772
9.33 4.92293
9.34 4.91822
9.35 4.91358
9.36 4.90902
9.37 4.90454
9.38 4.90013
9.39 4.8958
9.4 4.89153
9.41 4.88734
9.42 4.88322
9.43 4.87916
9.44 4.87517
9.45 4.87124
9.46 4.86738
9.47 4.86358
9.48 4.85984
9.49 4.85616
9.5 4.85254
9.51 4.84898
9.52 4.84547
9.53 4.84202
9.54 4.83863
9.55 4.83529
9.56 4.832
9.57 4.82876
9.58 4.82557
9.59 4.82243
9.6 4.81934
9.61 4.8163
9.62 4.8133
9.63 4.81035
9.64 4.80745
9.65 4.80459
9.66 4.80177
9.67 4.79899
9.68 4.79625
9.69 4.79356
9.7 4.7909
9.71 4.78828
9.72 4.7857
9.73 4.78316
9.74 4.78065
9.75 4.77818
9.76 4.77575
9.77 4.77335
9.78 4.77098
9.79 4.76864
9.8 4.76634
9.81 4.76407
9.82 4.76183
9.83 4.75962
9.84 4.75744
9.85 4.75529
9.86 4.75317
9.87 4.75108
9.88 4.74901
9.89 4.74697
9.9 4.74496
9.91 4.74297
9.92 4.74101
9.93 4.73907
9.94 4.73716
9.95 4.73527
9.96 4.73341
9.97 4.73157
9.98 4.72975
9.99 4.72795
10 4.72618
10.001 5
