0 -10
0.01 -9.05769
0.02 -9.05365
0.03 -9.04959
0.04 -9.04551
0.05 -9.0414
0.06 -9.03727
0.07 -9.03311
0.08 -9.02893
0.09 -9.02473
0.1 -9.0205
0.11 -9.01625
0.12 -9.01198
0.13 -9.00768
0.14 -9.00335
0.15 -8.99901
0.16 -8.99463
0.17 -8.99024
0.18 -8.98582
0.19 -8.98137
0.2 -8.9769
0.21 -8.97241
0.22 -8.96789
0.23 -8.96334
0.24 -8.95877
0.25 -8.95418
0.26 -8.94956
0.27 -8.94491
0.28 -8.94024
0.29 -8.93555
0.3 -8.93083
0.31 -8.92608
0.32 -8.92131
0.33 -8.91652
0.34 -8.9117
0.35 -8.90685
0.36 -8.90198
0.37 -8.89708
0.38 -8.89216
0.39 -8.88722
0.4 -8.88224
0.41 -8.87725
0.42 -8.87222
0.43 -8.86717
0.44 -8.8621
0.45 -8.857
0.46 -8.85188
0.47 -8.84673
0.48 -8.84155
0.49 -8.83635
0.5 -8.83112
0.51 -8.82587
0.52 -8.8206
0.53 -8.81529
0.54 -8.80997
0.55 -8.80461
0.56 -8.79924
0.57 -8.79383
0.58 -8.78841
0.59 -8.78296
0.6 -8.77748
0.61 -8.77198
0.62 -8.76645
0.63 -8.7609
0.64 -8.75532
0.65 -8.74972
0.66 -8.7441
0.67 -8.73845
0.68 -8.73277
0.69 -8.72707
0.7 -8.72135
0.71 -8.7156
0.72 -8.70983
0.73 -8.70404
0.74 -8.69822
0.75 -8.69238
0.76 -8.68651
0.77 -8.68062
0.78 -8.67471
0.79 -8.66877
0.8 -8.66281
0.81 -8.65683
0.82 -8.65082
0.83 -8.64479
0.84 -8.63874
0.85 -8.63267
0.86 -8.62657
0.87 -8.62045
0.88 -8.61431
0.89 -8.60815
0.9 -8.60196
0.91 -8.59575
0.92 -8.58953
0.93 -8.58327
0.94 -8.577
0.95 -8.57071
0.96 -8.56439
0.97 -8.55806
0.98 -8.5517
0.99 -8.54532
1 -8.53892
1.01 -8.5325
1.02 -8.52606
1.03 -8.5196
1.04 -8.51312
1.05 -8.50661
1.06 -8.50009
1.07 -8.49355
1.08 -8.48699
1.09 -8.48041
1.1 -8.47381
1.11 -8.46719
1.12 -8.46055
1.13 -8.45389
1.14 -8.44721
1.15 -8.44051
1.16 -8.43379
1.17 -8.42705
1.18 -8.4203
1.19 -8.41352
1.2 -8.40673
1.21 -8.39991
1.22 -8.39308
1.23 -8.38623
1.24 -8.37936
1.25 -8.37247
1.26 -8.36557
1.27 -8.35864
1.28 -8.35169
1.29 -8.34473
1.3 -8.33775
1.31 -8.33074
1.32 -8.32372
1.33 -8.31668
1.34 -8.30962
1.35 -8.30254
1.36 -8.29544
1.37 -8.28832
1.38 -8.28118
1.39 -8.27403
1.4 -8.26685
1.41 -8.25965
1.42 -8.25243
1.43 -8.24519
1.44 -8.23793
1.45 -8.23065
1.46 -8.22334
1.47 -8.21602
1.48 -8.20867
1.49 -8.2013
1.5 -8.19391
1.51 -8.18649
1.52 -8.17906
1.53 -8.17159
1.54 -8.16411
1.55 -8.1566
1.56 -8.14906
1.57 -8.1415
1.58 -8.13391
1.59 -8.1263
1.6 -8.11866
1.61 -8.11099
1.62 -8.10329
1.63 -8.09556
1.64 -8.08781
1.65 -8.08002
1.66 -8.07221
1.67 -8.06436
1.68 -8.05648
1.69 -8.04857
1.7 -8.04063
1.71 -8.03265
1.72 -8.02463
1.73 -8.01658
1.74 -8.00849
1.75 -8.00037
1.76 -7.9922
1.77 -7.984
1.78 -7.97575
1.79 -7.96747
1.8 -7.95914
1.81 -7.95077
1.82 -7.94235
1.83 -7.93389
1.84 -7.92538
1.85 -7.91683
1.86 -7.90822
1.87 -7.89957
1.88 -7.89086
1.89 -7.8821
1.9 -7.87329
1.91 -7.86442
1.92 -7.8555
1.93 -7.84651
1.94 -7.83747
1.95 -7.82837
1.96 -7.81921
1.97 -7.80999
1.98 -7.8007
1.99 -7.79135
2 -7.78193
2.01 -7.77244
2.02 -7.76288
2.03 -7.75325
2.04 -7.74355
2.05 -7.73378
2.06 -7.72393
2.07 -7.714
2.08 -7.704
2.09 -7.69392
2.1 -7.68376
2.11 -7.67351
2.12 -7.66318
2.13 -7.65277
2.14 -7.64227
2.15 -7.63168
2.16 -7.62101
2.17 -7.61024
2.18 -7.59939
2.19 -7.58844
2.2 -7.5774
2.21 -7.56626
2.22 -7.55503
2.23 -7.5437
2.24 -7.53228
2.25 -7.52075
2.26 -7.50913
2.27 -7.4974
2.28 -7.48557
2.29 -7.47364
2.3 -7.46161
2.31 -7.44948
2.32 -7.43724
2.33 -7.42489
2.34 -7.41245
2.35 -7.39989
2.36 -7.38723
2.37 -7.37447
2.38 -7.3616
2.39 -7.34863
2.4 -7.33555
2.41 -7.32236
2.42 -7.30907
2.43 -7.29568
2.44 -7.28219
2.45 -7.26859
2.46 -7.25489
2.47 -7.24109
2.48 -7.22719
2.49 -7.21319
2.5 -7.1991
2.51 -7.18491
2.52 -7.17063
2.53 -7.15625
2.54 -7.14179
2.55 -7.12724
2.56 -7.1126
2.57 -7.09788
2.58 -7.08308
2.59 -7.06821
2.6 -7.05326
2.61 -7.03824
2.62 -7.02315
2.63 -7.00799
2.64 -6.99278
2.65 -6.9775
2.66 -6.96218
2.67 -6.9468
2.68 -6.93137
2.69 -6.91591
2.7 -6.90041
2.71 -6.88487
2.72 -6.86931
2.73 -6.85372
2.74 -6.83811
2.75 -6.82249
2.76 -6.80686
2.77 -6.79122
2.78 -6.77559
2.79 -6.75996
2.8 -6.74435
2.81 -6.72875
2.82 -6.71317
2.83 -6.69762
2.84 -6.6821
2.85 -6.66662
2.86 -6.65119
2.87 -6.6358
2.88 -6.62047
2.89 -6.6052
2.9 -6.58999
2.91 -6.57485
2.92 -6.55979
2.93 -6.54481
2.94 -6.52992
2.95 -6.51512
2.96 -6.50041
2.97 -6.48581
2.98 -6.47131
2.99 -6.45692
3 -6.44264
3.01 -6.42849
3.02 -6.41446
3.03 -6.40055
3.04 -6.38678
3.05 -6.37314
3.06 -6.35964
3.07 -6.34628
3.08 -6.33306
3.09 -6.32
3.1 -6.30708
3.11 -6.29432
3.12 -6.28171
3.13 -6.26926
3.14 -6.25697
3.15 -6.24485
3.16 -6.23288
3.17 -6.22108
3.18 -6.20945
3.19 -6.19799
3.2 -6.18669
3.21 -6.17557
3.22 -6.16461
3.23 -6.15383
3.24 -6.14321
3.25 -6.13277
3.26 -6.12249
3.27 -6.11239
3.28 -6.10246
3.29 -6.09269
3.3 -6.0831
3.31 -6.07367
3.32 -6.06442
3.33 -6.05533
3.34 -6.0464
3.35 -6.03764
3.36 -6.02904
3.37 -6.0206
3.38 -6.01232
3.39 -6.0042
3.4 -5.99624
3.41 -5.98843
3.42 -5.98078
3.43 -5.97327
3.44 -5.96592
3.45 -5.95871
3.46 -5.95165
3.47 -5.94473
3.48 -5.93796
3.49 -5.93132
3.5 -5.92482
3.51 -5.91846
3.52 -5.91222
3.53 -5.90612
3.54 -5.90015
3.55 -5.8943
3.56 -5.88858
3.57 -5.88298
3.58 -5.87749
3.59 -5.87213
3.6 -5.86688
3.61 -5.86174
3.62 -5.85672
3.63 -5.8518
3.64 -5.84699
3.65 -5.84228
3.66 -5.83768
3.67 -5.83317
3.68 -5.82876
3.69 -5.82445
3.7 -5.82024
3.71 -5.81611
3.72 -5.81208
3.73 -5.80813
3.74 -5.80427
3.75 -5.80049
3.76 -5.79679
3.77 -5.79318
3.78 -5.78964
3.79 -5.78618
3.8 -5.7828
3.81 -5.77949
3.82 -5.77625
3.83 -5.77308
3.84 -5.76998
3.85 -5.76694
3.86 -5.76397
3.87 -5.76107
3.88 -5.75822
3.89 -5.75544
3.9 -5.75272
3.91 -5.75005
3.92 -5.74744
3.93 -5.74489
3.94 -5.74239
3.95 -5.73994
3.96 -5.73754
3.97 -5.7352
3.98 -5.7329
3.99 -5.73065
4 -5.72844
4.01 -5.72628
4.02 -5.72417
4.03 -5.7221
4.04 -5.72006
4.05 -5.71808
4.06 -5.71613
4.07 -5.71421
4.08 -5.71234
4.09 -5.71051
4.1 -5.70871
4.11 -5.70694
4.12 -5.70521
4.13 -5.70352
4.14 -5.70185
4.15 -5.70022
4.16 -5.69862
4.17 -5.69705
4.18 -5.6955
4.19 -5.69399
4.2 -5.6925
4.21 -5.69105
4.22 -5.68962
4.23 -5.68821
4.24 -5.68683
4.25 -5.68547
4.26 -5.68414
4.27 -5.68283
4.28 -5.68155
4.29 -5.68028
4.3 -5.67904
4.31 -5.67782
4.32 -5.67662
4.33 -5.67544
4.34 -5.67428
4.35 -5.67314
4.36 -5.67201
4.37 -5.67091
4.38 -5.66982
4.39 -5.66875
4.4 -5.66769
4.41 -5.66666
4.42 -5.66563
4.43 -5.66463
4.44 -5.66363
4.45 -5.66266
4.46 -5.66169
4.47 -5.66074
4.48 -5.65981
4.49 -5.65888
4.5 -5.65797
4.51 -5.65707
4.52 -5.65619
4.53 -5.65531
4.54 -5.65445
4.55 -5.6536
4.56 -5.65276
4.57 -5.65193
4.58 -5.65111
4.59 -5.6503
4.6 -5.6495
4.61 -5.64871
4.62 -5.64792
4.63 -5.64715
4.64 -5.64638
4.65 -5.64563
4.66 -5.64488
4.67 -5.64414
4.68 -5.64341
4.69 -5.64268
4.7 -5.64196
4.71 -5.64125
4.72 -5.64055
4.73 -5.63985
4.74 -5.63916
4.75 -5.63847
4.76 -5.63779
4.77 -5.63712
4.78 -5.63645
4.79 -5.63579
4.8 -5.63513
4.81 -5.63448
4.82 -5.63383
4.83 -5.63319
4.84 -5.63255
4.85 -5.63192
4.86 -5.63129
4.87 -5.63066
4.88 -5.63004
4.89 -5.62942
4.9 -5.62881
4.91 -5.6282
4.92 -5.62759
4.93 -5.62699
4.94 -5.62639
4.95 -5.62579
4.96 -5.62519
4.97 -5.6246
4.98 -5.62401
4.99 -5.62342
5 -5.62284
5.01 -5.62226
5.02 -5.62168
5.03 -5.6211
5.04 -5.62052
5.05 -5.61995
5.06 -5.61938
5.07 -5.6188
5.08 -5.61823
5.09 -5.61767
5.1 -5.6171
5.11 -5.61653
5.12 -5.61597
5.13 -5.6154
5.14 -5.61484
5.15 -5.61428
5.16 -5.61372
5.17 -5.61316
5.18 -5.6126
5.19 -5.61204
5.2 -5.61148
5.21 -5.61092
5.22 -5.61036
5.23 -5.6098
5.24 -5.60924
5.25 -5.60868
5.26 -5.60813
5.27 -5.60757
5.28 -5.60701
5.29 -5.60645
5.3 -5.60589
5.31 -5.60533
5.32 -5.60477
5.33 -5.6042
5.34 -5.60364
5.35 -5.60308
5.36 -5.60252
5.37 -5.60195
5.38 -5.60138
5.39 -5.60082
5.4 -5.60025
5.41 -5.59968
5.42 -5.59911
5.43 -5.59854
5.44 -5.59797
5.45 -5.59739
5.46 -5.59681
5.47 -5.59624
5.48 -5.59566
5.49 -5.59508
5.5 -5.5945
5.51 -5.59391
5.52 -5.59333
5.53 -5.59274
5.54 -5.59215
5.55 -5.59156
5.56 -5.59096
5.57 -5.59037
5.58 -5.58977
5.59 -5.58917
5.6 -5.58857
5.61 -5.58796
5.62 -5.58736
5.63 -5.58675
5.64 -5.58614
5.65 -5.58552
5.66 -5.58491
5.67 -5.58429
5.68 -5.58367
5.69 -5.58304
5.7 -5.58242
5.71 -5.58179
5.72 -5.58116
5.73 -5.58052
5.74 -5.57988
5.75 -5.57924
5.76 -5.5786
5.77 -5.57795
5.78 -5.57731
5.79 -5.57665
5.8 -5.576
5.81 -5.57534
5.82 -5.57468
5.83 -5.57402
5.84 -5.57335
5.85 -5.57268
5.86 -5.57201
5.87 -5.57133
5.88 -5.57066
5.89 -5.56997
5.9 -5.56929
5.91 -5.5686
5.92 -5.56791
5.93 -5.56721
5.94 -5.56652
5.95 -5.56582
5.96 -5.56511
5.97 -5.56441
5.98 -5.5637
5.99 -5.56298
6 -5.56227
6.01 -5.56155
6.02 -5.56083
6.03 -5.5601
6.04 -5.55937
6.05 -5.55864
6.06 -5.55791
6.07 -5.55717
6.08 -5.55643
6.09 -5.55569
6.1 -5.55494
6.11 -5.55419
6.12 -5.55344
6.13 -5.55269
6.14 -5.55193
6.15 -5.55117
6.16 -5.55041
6.17 -5.54965
6.18 -5.54888
6.19 -5.54811
6.2 -5.54734
6.21 -5.54656
6.22 -5.54579
6.23 -5.54501
6.24 -5.54423
6.25 -5.54345
6.26 -5.54266
6.27 -5.54188
6.28 -5.54109
6.29 -5.5403
6.3 -5.53951
6.31 -5.53872
6.32 -5.53793
6.33 -5.53713
6.34 -5.53634
6.35 -5.53554
6.36 -5.53474
6.37 -5.53395
6.38 -5.53315
6.39 -5.53235
6.4 -5.53155
6.41 -5.53075
6.42 -5.52995
6.43 -5.52915
6.44 -5.52834
6.45 -5.52754
6.46 -5.52674
6.47 -5.52594
6.48 -5.52514
6.49 -5.52434
6.5 -5.52354
6.51 -5.52274
6.52 -5.52194
6.53 -5.52115
6.54 -5.52035
6.55 -5.51955
6.56 -5.51876
6.57 -5.51796
6.58 -5.51717
6.59 -5.51638
6.6 -5.51558
6.61 -5.51479
6.62 -5.514
6.63 -5.51321
6.64 -5.51243
6.65 -5.51164
6.66 -5.51085
6.67 -5.51007
6.68 -5.50928
6.69 -5.5085
6.7 -5.50772
6.71 -5.50693
6.72 -5.50615
6.73 -5.50537
6.74 -5.50458
6.75 -5.5038
6.76 -5.50302
6.77 -5.50223
6.78 -5.50145
6.79 -5.50066
6.8 -5.49987
6.81 -5.49908
6.82 -5.49829
6.83 -5.4975
6.84 -5.4967
6.85 -5.4959
6.86 -5.4951
6.87 -5.49429
6.88 -5.49348
6.89 -5.49266
6.9 -5.49184
6.91 -5.49101
6.92 -5.49018
6.93 -5.48934
6.94 -5.4885
6.95 -5.48764
6.96 -5.48678
6.97 -5.48591
6.98 -5.48503
6.99 -5.48414
7 -5.48324
7.01 -5.48233
7.02 -5.48141
7.03 -5.48048
7.04 -5.47954
7.05 -5.47858
7.06 -5.47761
7.07 -5.47663
7.08 -5.47563
7.09 -5.47461
7.1 -5.47359
7.11 -5.47254
7.12 -5.47148
7.13 -5.47041
7.14 -5.46932
7.15 -5.46821
7.16 -5.46708
7.17 -5.46594
7.18 -5.46478
7.19 -5.4636
7.2 -5.4624
7.21 -5.46119
7.22 -5.45996
7.23 -5.45871
7.24 -5.45744
7.25 -5.45615
7.26 -5.45485
7.27 -5.45353
7.28 -5.45219
7.29 -5.45083
7.3 -5.44946
7.31 -5.44807
7.32 -5.44667
7.33 -5.44525
7.34 -5.44382
7.35 -5.44238
7.36 -5.44093
7.37 -5.43946
7.38 -5.43799
7.39 -5.4365
7.4 -5.43501
7.41 -5.43351
7.42 -5.43201
7.43 -5.43051
7.44 -5.429
7.45 -5.4275
7.46 -5.42599
7.47 -5.42449
7.48 -5.423
7.49 -5.42152
7.5 -5.42005
7.51 -5.41859
7.52 -5.41714
7.53 -5.41572
7.54 -5.41431
7.55 -5.41293
7.56 -5.41158
7.57 -5.41025
7.58 -5.40896
7.59 -5.4077
7.6 -5.40648
7.61 -5.4053
7.62 -5.40417
7.63 -5.40308
7.64 -5.40205
7.65 -5.40107
7.66 -5.40016
7.67 -5.3993
7.68 -5.39851
7.69 -5.39779
7.7 -5.39715
7.71 -5.39658
7.72 -5.3961
7.73 -5.3957
7.74 -5.39539
7.75 -5.39518
7.76 -5.39506
7.77 -5.39505
7.78 -5.39514
7.79 -5.39534
7.8 -5.39566
7.81 -5.39609
7.82 -5.39665
7.83 -5.39734
7.84 -5.39815
7.85 -5.3991
7.86 -5.40019
7.87 -5.40142
7.88 -5.4028
7.89 -5.40433
7.9 -5.40601
7.91 -5.40785
7.92 -5.40985
7.93 -5.41201
7.94 -5.41435
7.95 -5.41686
7.96 -5.41954
7.97 -5.4224
7.98 -5.42544
7.99 -5.42867
8 -5.43209
8.01 -5.4357
8.02 -5.4395
8.03 -5.4435
8.04 -5.44769
8.05 -5.45209
8.06 -5.45669
8.07 -5.46149
8.08 -5.46651
8.09 -5.47173
8.1 -5.47716
8.11 -5.48281
8.12 -5.48866
8.13 -5.49474
8.14 -5.50102
8.15 -5.50753
8.16 -5.51424
8.17 -5.52118
8.18 -5.52833
8.19 -5.5357
8.2 -5.54329
8.21 -5.55109
8.22 -5.55911
8.23 -5.56735
8.24 -5.57579
8.25 -5.58445
8.26 -5.59332
8.27 -5.6024
8.28 -5.61169
8.29 -5.62118
8.3 -5.63088
8.31 -5.64077
8.32 -5.65087
8.33 -5.66115
8.34 -5.67163
8.35 -5.6823
8.36 -5.69316
8.37 -5.70419
8.38 -5.7154
8.39 -5.72679
8.4 -5.73834
8.41 -5.75006
8.42 -5.76194
8.43 -5.77398
8.44 -5.78617
8.45 -5.7985
8.46 -5.81098
8.47 -5.82359
8.48 -5.83633
8.49 -5.8492
8.5 -5.86219
8.51 -5.87529
8.52 -5.88851
8.53 -5.90183
8.54 -5.91525
8.55 -5.92876
8.56 -5.94236
8.57 -5.95604
8.58 -5.9698
8.59 -5.98363
8.6 -5.99753
8.61 -6.01149
8.62 -6.0255
8.63 -6.03957
8.64 -6.05368
8.65 -6.06782
8.66 -6.08201
8.67 -6.09622
8.68 -6.11045
8.69 -6.12471
8.7 -6.13898
8.71 -6.15327
8.72 -6.16755
8.73 -6.18184
8.74 -6.19613
8.75 -6.21041
8.76 -6.22468
8.77 -6.23893
8.78 -6.25317
8.79 -6.26738
8.8 -6.28156
8.81 -6.29572
8.82 -6.30985
8.83 -6.32393
8.84 -6.33798
8.85 -6.35199
8.86 -6.36596
8.87 -6.37987
8.88 -6.39374
8.89 -6.40755
8.9 -6.42131
8.91 -6.43501
8.92 -6.44865
8.93 -6.46223
8.94 -6.47575
8.95 -6.48921
8.96 -6.5026
8.97 -6.51592
8.98 -6.52917
8.99 -6.54235
9 -6.55545
9.01 -6.56849
9.02 -6.58145
9.03 -6.59433
9.04 -6.60714
9.05 -6.61987
9.06 -6.63252
9.07 -6.64509
9.08 -6.65758
9.09 -6.67
9.1 -6.68233
9.11 -6.69458
9.12 -6.70675
9.13 -6.71883
9.14 -6.73083
9.15 -6.74275
9.16 -6.75459
9.17 -6.76634
9.18 -6.77801
9.19 -6.7896
9.2 -6.8011
9.21 -6.81252
9.22 -6.82385
9.23 -6.8351
9.24 -6.84626
9.25 -6.85735
9.26 -6.86834
9.27 -6.87926
9.28 -6.89009
9.29 -6.90084
9.3 -6.9115
9.31 -6.92208
9.32 -6.93258
9.33 -6.943
9.34 -6.95334
9.35 -6.96359
9.36 -6.97377
9.37 -6.98386
9.38 -6.99387
9.39 -7.0038
9.4 -7.01365
9.41 -7.02343
9.42 -7.03312
9.43 -7.04274
9.44 -7.05227
9.45 -7.06173
9.46 -7.07112
9.47 -7.08042
9.48 -7.08966
9.49 -7.09881
9.5 -7.10789
9.51 -7.1169
9.52 -7.12583
9.53 -7.13469
9.54 -7.14348
9.55 -7.15219
9.56 -7.16084
9.57 -7.16941
9.58 -7.17791
9.59 -7.18634
9.6 -7.1947
9.61 -7.203
9.62 -7.21122
9.63 -7.21938
9.64 -7.22747
9.65 -7.2355
9.66 -7.24345
9.67 -7.25135
9.68 -7.25918
9.69 -7.26694
9.7 -7.27464
9.71 -7.28228
9.72 -7.28986
9.73 -7.29738
9.74 -7.30483
9.75 -7.31222
9.76 -7.31956
9.77 -7.32683
9.78 -7.33405
9.79 -7.34121
9.8 -7.34831
9.81 -7.35535
9.82 -7.36234
9.83 -7.36927
9.84 -7.37615
9.85 -7.38298
9.86 -7.38974
9.87 -7.39646
9.88 -7.40312
9.89 -7.40973
9.9 -7.41629
9.91 -7.4228
9.92 -7.42926
9.93 -7.43567
9.94 -7.44203
9.95 -7.44834
9.96 -7.4546
9.97 -7.46081
9.98 -7.46698
9.99 -7.4731
10 -7.47917
10.001 -10
