0 0
0.01 0.541855
0.02 0.540554
0.03 0.539248
0.04 0.537936
0.05 0.536618
0.06 0.535293
0.07 0.533963
0.08 0.532626
0.09 0.531284
0.1 0.529935
0.11 0.52858
0.12 0.527219
0.13 0.525852
0.14 0.524479
0.15 0.5231
0.16 0.521715
0.17 0.520324
0.18 0.518926
0.19 0.517523
0.2 0.516113
0.21 0.514698
0.22 0.513276
0.23 0.511848
0.24 0.510415
0.25 0.508975
0.26 0.507529
0.27 0.506077
0.28 0.50462
0.29 0.503156
0.3 0.501686
0.31 0.50021
0.32 0.498729
0.33 0.497241
0.34 0.495748
0.35 0.494249
0.36 0.492744
0.37 0.491233
0.38 0.489716
0.39 0.488194
0.4 0.486666
0.41 0.485132
0.42 0.483593
0.43 0.482048
0.44 0.480497
0.45 0.478941
0.46 0.477379
0.47 0.475812
0.48 0.47424
0.49 0.472662
0.5 0.471079
0.51 0.469491
0.52 0.467897
0.53 0.466298
0.54 0.464694
0.55 0.463085
0.56 0.461472
0.57 0.459853
0.58 0.458229
0.59 0.456601
0.6 0.454968
0.61 0.45333
0.62 0.451687
0.63 0.450041
0.64 0.448389
0.65 0.446734
0.66 0.445074
0.67 0.44341
0.68 0.441742
0.69 0.44007
0.7 0.438393
0.71 0.436714
0.72 0.43503
0.73 0.433343
0.74 0.431652
0.75 0.429958
0.76 0.428261
0.77 0.42656
0.78 0.424857
0.79 0.42315
0.8 0.421441
0.81 0.419729
0.82 0.418014
0.83 0.416297
0.84 0.414577
0.85 0.412856
0.86 0.411132
0.87 0.409406
0.88 0.407679
0.89 0.40595
0.9 0.404219
0.91 0.402487
0.92 0.400754
0.93 0.39902
0.94 0.397285
0.95 0.39555
0.96 0.393814
0.97 0.392077
0.98 0.39034
0.99 0.388604
1 0.386867
1.01 0.385131
1.02 0.383396
1.03 0.381661
1.04 0.379927
1.05 0.378194
1.06 0.376463
1.07 0.374733
1.08 0.373006
1.09 0.37128
1.1 0.369556
1.11 0.367835
1.12 0.366116
1.13 0.364401
1.14 0.362688
1.15 0.360979
1.16 0.359274
1.17 0.357572
1.18 0.355875
1.19 0.354182
1.2 0.352494
1.21 0.35081
1.22 0.349132
1.23 0.34746
1.24 0.345793
1.25 0.344132
1.26 0.342478
1.27 0.34083
1.28 0.339189
1.29 0.337556
1.3 0.33593
1.31 0.334312
1.32 0.332702
1.33 0.331101
1.34 0.329508
1.35 0.327925
1.36 0.326352
1.37 0.324788
1.38 0.323235
1.39 0.321692
1.4 0.32016
1.41 0.31864
1.42 0.317131
1.43 0.315635
1.44 0.314151
1.45 0.312679
1.46 0.311221
1.47 0.309777
1.48 0.308347
1.49 0.306931
1.5 0.305531
1.51 0.304145
1.52 0.302775
1.53 0.301422
1.54 0.300085
1.55 0.298765
1.56 0.297463
1.57 0.296178
1.58 0.294912
1.59 0.293665
1.6 0.292437
1.61 0.291229
1.62 0.290041
1.63 0.288874
1.64 0.287728
1.65 0.286604
1.66 0.285502
1.67 0.284422
1.68 0.283366
1.69 0.282333
1.7 0.281324
1.71 0.28034
1.72 0.279381
1.73 0.278448
1.74 0.27754
1.75 0.27666
1.76 0.275806
1.77 0.27498
1.78 0.274182
1.79 0.273413
1.8 0.272673
1.81 0.271962
1.82 0.271282
1.83 0.270632
1.84 0.270013
1.85 0.269426
1.86 0.26887
1.87 0.268348
1.88 0.267858
1.89 0.267402
1.9 0.26698
1.91 0.266593
1.92 0.26624
1.93 0.265923
1.94 0.265641
1.95 0.265396
1.96 0.265187
1.97 0.265016
1.98 0.264882
1.99 0.264786
2 0.264728
2.01 0.264709
2.02 0.264729
2.03 0.264789
2.04 0.264888
2.05 0.265027
2.06 0.265207
2.07 0.265427
2.08 0.265689
2.09 0.265991
2.1 0.266335
2.11 0.266721
2.12 0.267149
2.13 0.267619
2.14 0.268131
2.15 0.268686
2.16 0.269283
2.17 0.269922
2.18 0.270605
2.19 0.27133
2.2 0.272098
2.21 0.272909
2.22 0.273762
2.23 0.274658
2.24 0.275597
2.25 0.276578
2.26 0.277602
2.27 0.278668
2.28 0.279775
2.29 0.280925
2.3 0.282116
2.31 0.283348
2.32 0.284621
2.33 0.285934
2.34 0.287288
2.35 0.288681
2.36 0.290113
2.37 0.291584
2.38 0.293093
2.39 0.29464
2.4 0.296223
2.41 0.297844
2.42 0.299499
2.43 0.30119
2.44 0.302915
2.45 0.304674
2.46 0.306466
2.47 0.308289
2.48 0.310144
2.49 0.312029
2.5 0.313943
2.51 0.315886
2.52 0.317856
2.53 0.319854
2.54 0.321877
2.55 0.323924
2.56 0.325996
2.57 0.32809
2.58 0.330206
2.59 0.332342
2.6 0.334499
2.61 0.336674
2.62 0.338867
2.63 0.341076
2.64 0.343302
2.65 0.345542
2.66 0.347796
2.67 0.350062
2.68 0.352341
2.69 0.35463
2.7 0.35693
2.71 0.359239
2.72 0.361556
2.73 0.363881
2.74 0.366212
2.75 0.36855
2.76 0.370893
2.77 0.373241
2.78 0.375593
2.79 0.377948
2.8 0.380307
2.81 0.382668
2.82 0.385031
2.83 0.387396
2.84 0.389763
2.85 0.392131
2.86 0.3945
2.87 0.396869
2.88 0.39924
2.89 0.401611
2.9 0.403982
2.91 0.406354
2.92 0.408727
2.93 0.411101
2.94 0.413476
2.95 0.415852
2.96 0.418229
2.97 0.420608
2.98 0.422989
2.99 0.425373
3 0.427759
3.01 0.430148
3.02 0.432541
3.03 0.434938
3.04 0.437339
3.05 0.439746
3.06 0.442157
3.07 0.444575
3.08 0.446999
3.09 0.44943
3.1 0.451869
3.11 0.454316
3.12 0.456771
3.13 0.459235
3.14 0.461709
3.15 0.464193
3.16 0.466688
3.17 0.469193
3.18 0.47171
3.19 0.47424
3.2 0.476781
3.21 0.479336
3.22 0.481904
3.23 0.484485
3.24 0.487081
3.25 0.489691
3.26 0.492315
3.27 0.494955
3.28 0.49761
3.29 0.500281
3.3 0.502968
3.31 0.50567
3.32 0.508389
3.33 0.511125
3.34 0.513877
3.35 0.516646
3.36 0.519431
3.37 0.522234
3.38 0.525054
3.39 0.527891
3.4 0.530745
3.41 0.533617
3.42 0.536505
3.43 0.539411
3.44 0.542335
3.45 0.545275
3.46 0.548232
3.47 0.551206
3.48 0.554198
3.49 0.557206
3.5 0.560231
3.51 0.563272
3.52 0.56633
3.53 0.569404
3.54 0.572494
3.55 0.5756
3.56 0.578722
3.57 0.581859
3.58 0.585012
3.59 0.588179
3.6 0.591362
3.61 0.594559
3.62 0.59777
3.63 0.600996
3.64 0.604236
3.65 0.607489
3.66 0.610755
3.67 0.614035
3.68 0.617327
3.69 0.620631
3.7 0.623948
3.71 0.627277
3.72 0.630618
3.73 0.633969
3.74 0.637332
3.75 0.640705
3.76 0.644089
3.77 0.647483
3.78 0.650886
3.79 0.654299
3.8 0.657721
3.81 0.661152
3.82 0.664592
3.83 0.66804
3.84 0.671495
3.85 0.674959
3.86 0.678429
3.87 0.681907
3.88 0.685391
3.89 0.688882
3.9 0.692379
3.91 0.695882
3.92 0.69939
3.93 0.702904
3.94 0.706422
3.95 0.709946
3.96 0.713473
3.97 0.717005
3.98 0.720541
3.99 0.724081
4 0.727624
4.01 0.731171
4.02 0.73472
4.03 0.738272
4.04 0.741827
4.05 0.745384
4.06 0.748943
4.07 0.752504
4.08 0.756066
4.09 0.759631
4.1 0.763196
4.11 0.766763
4.12 0.77033
4.13 0.773898
4.14 0.777467
4.15 0.781037
4.16 0.784607
4.17 0.788177
4.18 0.791747
4.19 0.795317
4.2 0.798886
4.21 0.802456
4.22 0.806025
4.23 0.809593
4.24 0.813161
4.25 0.816729
4.26 0.820295
4.27 0.823861
4.28 0.827425
4.29 0.830989
4.3 0.834552
4.31 0.838114
4.32 0.841674
4.33 0.845233
4.34 0.848792
4.35 0.852349
4.36 0.855904
4.37 0.859459
4.38 0.863012
4.39 0.866564
4.4 0.870115
4.41 0.873665
4.42 0.877213
4.43 0.88076
4.44 0.884306
4.45 0.887851
4.46 0.891395
4.47 0.894938
4.48 0.89848
4.49 0.902021
4.5 0.905561
4.51 0.9091
4.52 0.912639
4.53 0.916177
4.54 0.919714
4.55 0.923251
4.56 0.926787
4.57 0.930324
4.58 0.93386
4.59 0.937395
4.6 0.940931
4.61 0.944467
4.62 0.948004
4.63 0.95154
4.64 0.955077
4.65 0.958615
4.66 0.962154
4.67 0.965693
4.68 0.969233
4.69 0.972775
4.7 0.976318
4.71 0.979862
4.72 0.983408
4.73 0.986956
4.74 0.990506
4.75 0.994058
4.76 0.997612
4.77 1.00117
4.78 1.00473
4.79 1.00829
4.8 1.01186
4.81 1.01542
4.82 1.019
4.83 1.02257
4.84 1.02615
4.85 1.02973
4.86 1.03332
4.87 1.03691
4.88 1.04051
4.89 1.04411
4.9 1.04772
4.91 1.05133
4.92 1.05495
4.93 1.05857
4.94 1.0622
4.95 1.06583
4.96 1.06948
4.97 1.07312
4.98 1.07678
4.99 1.08044
5 1.08411
5.01 1.08779
5.02 1.09148
5.03 1.09517
5.04 1.09887
5.05 1.10258
5.06 1.1063
5.07 1.11003
5.08 1.11377
5.09 1.11752
5.1 1.12128
5.11 1.12505
5.12 1.12883
5.13 1.13262
5.14 1.13642
5.15 1.14024
5.16 1.14406
5.17 1.1479
5.18 1.15175
5.19 1.15562
5.2 1.15949
5.21 1.16339
5.22 1.16729
5.23 1.17121
5.24 1.17514
5.25 1.17909
5.26 1.18305
5.27 1.18703
5.28 1.19103
5.29 1.19504
5.3 1.19906
5.31 1.20311
5.32 1.20717
5.33 1.21125
5.34 1.21535
5.35 1.21946
5.36 1.22359
5.37 1.22775
5.38 1.23192
5.39 1.23611
5.4 1.24033
5.41 1.24456
5.42 1.24882
5.43 1.25309
5.44 1.25739
5.45 1.26171
5.46 1.26606
5.47 1.27042
5.48 1.27481
5.49 1.27923
5.5 1.28367
5.51 1.28813
5.52 1.29262
5.53 1.29714
5.54 1.30168
5.55 1.30625
5.56 1.31084
5.57 1.31546
5.58 1.32012
5.59 1.32479
5.6 1.3295
5.61 1.33424
5.62 1.33901
5.63 1.34381
5.64 1.34864
5.65 1.3535
5.66 1.35839
5.67 1.36332
5.68 1.36828
5.69 1.37327
5.7 1.37829
5.71 1.38335
5.72 1.38845
5.73 1.39358
5.74 1.39875
5.75 1.40395
5.76 1.40919
5.77 1.41447
5.78 1.41979
5.79 1.42514
5.8 1.43054
5.81 1.43597
5.82 1.44145
5.83 1.44696
5.84 1.45252
5.85 1.45812
5.86 1.46376
5.87 1.46944
5.88 1.47517
5.89 1.48094
5.9 1.48676
5.91 1.49262
5.92 1.49853
5.93 1.50449
5.94 1.51049
5.95 1.51653
5.96 1.52263
5.97 1.52878
5.98 1.53497
5.99 1.54121
6 1.54751
6.01 1.55385
6.02 1.56024
6.03 1.56669
6.04 1.57319
6.05 1.57974
6.06 1.58634
6.07 1.593
6.08 1.59971
6.09 1.60647
6.1 1.61329
6.11 1.62017
6.12 1.6271
6.13 1.63408
6.14 1.64112
6.15 1.64822
6.16 1.65538
6.17 1.66259
6.18 1.66986
6.19 1.67719
6.2 1.68458
6.21 1.69203
6.22 1.69953
6.23 1.7071
6.24 1.71472
6.25 1.7224
6.26 1.73014
6.27 1.73794
6.28 1.7458
6.29 1.75372
6.3 1.7617
6.31 1.76975
6.32 1.77785
6.33 1.78601
6.34 1.79422
6.35 1.8025
6.36 1.81084
6.37 1.81924
6.38 1.8277
6.39 1.83621
6.4 1.84479
6.41 1.85342
6.42 1.86211
6.43 1.87086
6.44 1.87966
6.45 1.88852
6.46 1.89744
6.47 1.90641
6.48 1.91544
6.49 1.92452
6.5 1.93366
6.51 1.94285
6.52 1.95209
6.53 1.96138
6.54 1.97073
6.55 1.98012
6.56 1.98957
6.57 1.99906
6.58 2.0086
6.59 2.01819
6.6 2.02782
6.61 2.0375
6.62 2.04723
6.63 2.05699
6.64 2.0668
6.65 2.07665
6.66 2.08654
6.67 2.09647
6.68 2.10644
6.69 2.11644
6.7 2.12648
6.71 2.13656
6.72 2.14667
6.73 2.15682
6.74 2.16699
6.75 2.1772
6.76 2.18744
6.77 2.19772
6.78 2.20802
6.79 2.21834
6.8 2.2287
6.81 2.23908
6.82 2.2495
6.83 2.25993
6.84 2.2704
6.85 2.28088
6.86 2.2914
6.87 2.30193
6.88 2.3125
6.89 2.32308
6.9 2.33369
6.91 2.34433
6.92 2.35499
6.93 2.36567
6.94 2.37638
6.95 2.38712
6.96 2.39788
6.97 2.40866
6.98 2.41948
6.99 2.43032
7 2.44119
7.01 2.45209
7.02 2.46302
7.03 2.47398
7.04 2.48497
7.05 2.496
7.06 2.50706
7.07 2.51816
7.08 2.52929
7.09 2.54047
7.1 2.55168
7.11 2.56294
7.12 2.57425
7.13 2.5856
7.14 2.59699
7.15 2.60844
7.16 2.61994
7.17 2.63149
7.18 2.6431
7.19 2.65477
7.2 2.66649
7.21 2.67828
7.22 2.69013
7.23 2.70205
7.24 2.71403
7.25 2.72608
7.26 2.7382
7.27 2.7504
7.28 2.76266
7.29 2.77501
7.3 2.78743
7.31 2.79993
7.32 2.81252
7.33 2.82518
7.34 2.83793
7.35 2.85076
7.36 2.86368
7.37 2.87668
7.38 2.88978
7.39 2.90295
7.4 2.91622
7.41 2.92958
7.42 2.94303
7.43 2.95656
7.44 2.97019
7.45 2.9839
7.46 2.9977
7.47 3.01159
7.48 3.02557
7.49 3.03964
7.5 3.05379
7.51 3.06802
7.52 3.08234
7.53 3.09674
7.54 3.11122
7.55 3.12578
7.56 3.14041
7.57 3.15512
7.58 3.1699
7.59 3.18475
7.6 3.19966
7.61 3.21464
7.62 3.22968
7.63 3.24478
7.64 3.25994
7.65 3.27514
7.66 3.29039
7.67 3.30569
7.68 3.32103
7.69 3.33641
7.7 3.35182
7.71 3.36726
7.72 3.38273
7.73 3.39822
7.74 3.41373
7.75 3.42925
7.76 3.44479
7.77 3.46033
7.78 3.47587
7.79 3.49142
7.8 3.50695
7.81 3.52248
7.82 3.538
7.83 3.5535
7.84 3.56898
7.85 3.58444
7.86 3.59987
7.87 3.61527
7.88 3.63063
7.89 3.64596
7.9 3.66124
7.91 3.67648
7.92 3.69168
7.93 3.70682
7.94 3.72191
7.95 3.73694
7.96 3.75191
7.97 3.76682
7.98 3.78167
7.99 3.79645
8 3.81117
8.01 3.82581
8.02 3.84038
8.03 3.85487
8.04 3.86929
8.05 3.88362
8.06 3.89788
8.07 3.91206
8.08 3.92615
8.09 3.94016
8.1 3.95408
8.11 3.96791
8.12 3.98165
8.13 3.9953
8.14 4.00887
8.15 4.02233
8.16 4.03571
8.17 4.04899
8.18 4.06217
8.19 4.07526
8.2 4.08825
8.21 4.10114
8.22 4.11393
8.23 4.12662
8.24 4.1392
8.25 4.15168
8.26 4.16406
8.27 4.17633
8.28 4.1885
8.29 4.20055
8.3 4.2125
8.31 4.22433
8.32 4.23606
8.33 4.24767
8.34 4.25916
8.35 4.27054
8.36 4.2818
8.37 4.29294
8.38 4.30396
8.39 4.31485
8.4 4.32562
8.41 4.33627
8.42 4.34678
8.43 4.35717
8.44 4.36743
8.45 4.37755
8.46 4.38753
8.47 4.39738
8.48 4.4071
8.49 4.41667
8.5 4.4261
8.51 4.43538
8.52 4.44452
8.53 4.45351
8.54 4.46236
8.55 4.47105
8.56 4.47959
8.57 4.48798
8.58 4.49621
8.59 4.50429
8.6 4.51221
8.61 4.51997
8.62 4.52758
8.63 4.53502
8.64 4.5423
8.65 4.54942
8.66 4.55637
8.67 4.56316
8.68 4.56979
8.69 4.57626
8.7 4.58255
8.71 4.58869
8.72 4.59466
8.73 4.60046
8.74 4.6061
8.75 4.61158
8.76 4.61689
8.77 4.62204
8.78 4.62702
8.79 4.63185
8.8 4.63651
8.81 4.64101
8.82 4.64535
8.83 4.64953
8.84 4.65356
8.85 4.65743
8.86 4.66115
8.87 4.66471
8.88 4.66812
8.89 4.67138
8.9 4.67449
8.91 4.67746
8.92 4.68028
8.93 4.68295
8.94 4.68549
8.95 4.68789
8.96 4.69014
8.97 4.69227
8.98 4.69426
8.99 4.69612
9 4.69785
9.01 4.69946
9.02 4.70094
9.03 4.70229
9.04 4.70353
9.05 4.70465
9.06 4.70566
9.07 4.70655
9.08 4.70733
9.09 4.708
9.1 4.70857
9.11 4.70903
9.12 4.70939
9.13 4.70965
9.14 4.70981
9.15 4.70988
9.16 4.70985
9.17 4.70974
9.18 4.70953
9.19 4.70924
9.2 4.70887
9.21 4.70841
9.22 4.70788
9.23 4.70726
9.24 4.70657
9.25 4.70581
9.26 4.70497
9.27 4.70407
9.28 4.7031
9.29 4.70206
9.3 4.70096
9.31 4.69979
9.32 4.69857
9.33 4.69729
9.34 4.69595
9.35 4.69455
9.36 4.6931
9.37 4.6916
9.38 4.69005
9.39 4.68846
9.4 4.68681
9.41 4.68512
9.42 4.68338
9.43 4.68161
9.44 4.67979
9.45 4.67793
9.46 4.67603
9.47 4.6741
9.48 4.67213
9.49 4.67012
9.5 4.66808
9.51 4.66601
9.52 4.66391
9.53 4.66178
9.54 4.65961
9.55 4.65742
9.56 4.65521
9.57 4.65297
9.58 4.6507
9.59 4.64841
9.6 4.64609
9.61 4.64375
9.62 4.64139
9.63 4.63902
9.64 4.63662
9.65 4.6342
9.66 4.63176
9.67 4.62931
9.68 4.62683
9.69 4.62435
9.7 4.62184
9.71 4.61932
9.72 4.61679
9.73 4.61425
9.74 4.61169
9.75 4.60911
9.76 4.60653
9.77 4.60393
9.78 4.60132
9.79 4.59871
9.8 4.59608
9.81 4.59344
9.82 4.59079
9.83 4.58813
9.84 4.58547
9.85 4.5828
9.86 4.58012
9.87 4.57743
9.88 4.57473
9.89 4.57203
9.9 4.56932
9.91 4.56661
9.92 4.56388
9.93 4.56116
9.94 4.55843
9.95 4.55569
9.96 4.55295
9.97 4.5502
9.98 4.54745
9.99 4.5447
10 4.54194
10.001 0
