0 0
0.01 0.18433
0.02 0.182365
0.03 0.180402
0.04 0.178441
0.05 0.176481
0.06 0.174524
0.07 0.172569
0.08 0.170616
0.09 0.168667
0.1 0.166721
0.11 0.164779
0.12 0.162841
0.13 0.160907
0.14 0.158977
0.15 0.157053
0.16 0.155134
0.17 0.153221
0.18 0.151314
0.19 0.149413
0.2 0.147519
0.21 0.145633
0.22 0.143754
0.23 0.141882
0.24 0.14002
0.25 0.138166
0.26 0.136321
0.27 0.134486
0.28 0.13266
0.29 0.130846
0.3 0.129042
0.31 0.12725
0.32 0.125469
0.33 0.123701
0.34 0.121945
0.35 0.120203
0.36 0.118474
0.37 0.116759
0.38 0.11506
0.39 0.113375
0.4 0.111706
0.41 0.110053
0.42 0.108417
0.43 0.106798
0.44 0.105197
0.45 0.103614
0.46 0.102049
0.47 0.100505
0.48 0.0989796
0.49 0.0974751
0.5 0.0959916
0.51 0.0945297
0.52 0.0930898
0.53 0.0916727
0.54 0.0902789
0.55 0.0889089
0.56 0.0875633
0.57 0.0862427
0.58 0.0849478
0.59 0.0836791
0.6 0.0824372
0.61 0.0812227
0.62 0.0800362
0.63 0.0788784
0.64 0.0777497
0.65 0.0766509
0.66 0.0755826
0.67 0.0745453
0.68 0.0735397
0.69 0.0725664
0.7 0.071626
0.71 0.0707192
0.72 0.0698465
0.73 0.0690086
0.74 0.0682061
0.75 0.0674396
0.76 0.0667097
0.77 0.0660171
0.78 0.0653624
0.79 0.0647461
0.8 0.0641689
0.81 0.0636315
0.82 0.0631343
0.83 0.062678
0.84 0.0622633
0.85 0.0618907
0.86 0.0615607
0.87 0.0612741
0.88 0.0610313
0.89 0.060833
0.9 0.0606796
0.91 0.0605718
0.92 0.0605102
0.93 0.0604952
0.94 0.0605274
0.95 0.0606074
0.96 0.0607356
0.97 0.0609126
0.98 0.0611389
0.99 0.0614149
1 0.0617412
1.01 0.0621181
1.02 0.0625462
1.03 0.0630259
1.04 0.0635576
1.05 0.0641417
1.06 0.0647786
1.07 0.0654687
1.08 0.0662123
1.09 0.0670098
1.1 0.0678615
1.11 0.0687678
1.12 0.0697288
1.13 0.0707448
1.14 0.0718161
1.15 0.072943
1.16 0.0741255
1.17 0.0753639
1.18 0.0766583
1.19 0.0780088
1.2 0.0794155
1.21 0.0808784
1.22 0.0823977
1.23 0.0839733
1.24 0.0856052
1.25 0.0872933
1.26 0.0890375
1.27 0.0908377
1.28 0.0926938
1.29 0.0946056
1.3 0.0965728
1.31 0.0985953
1.32 0.100673
1.33 0.102805
1.34 0.104991
1.35 0.107231
1.36 0.109524
1.37 0.11187
1.38 0.114269
1.39 0.116719
1.4 0.119221
1.41 0.121773
1.42 0.124376
1.43 0.127027
1.44 0.129727
1.45 0.132475
1.46 0.135269
1.47 0.13811
1.48 0.140996
1.49 0.143926
1.5 0.146899
1.51 0.149915
1.52 0.152971
1.53 0.156068
1.54 0.159204
1.55 0.162378
1.56 0.165589
1.57 0.168835
1.58 0.172115
1.59 0.175429
1.6 0.178774
1.61 0.18215
1.62 0.185556
1.63 0.188989
1.64 0.192449
1.65 0.195934
1.66 0.199443
1.67 0.202974
1.68 0.206527
1.69 0.2101
1.7 0.21369
1.71 0.217298
1.72 0.220921
1.73 0.224559
1.74 0.228209
1.75 0.231871
1.76 0.235542
1.77 0.239223
1.78 0.24291
1.79 0.246604
1.8 0.250303
1.81 0.254004
1.82 0.257709
1.83 0.261414
1.84 0.265118
1.85 0.268822
1.86 0.272523
1.87 0.27622
1.88 0.279912
1.89 0.283598
1.9 0.287278
1.91 0.29095
1.92 0.294613
1.93 0.298266
1.94 0.301909
1.95 0.30554
1.96 0.30916
1.97 0.312766
1.98 0.316359
1.99 0.319938
2 0.323502
2.01 0.327051
2.02 0.330584
2.03 0.3341
2.04 0.3376
2.05 0.341082
2.06 0.344547
2.07 0.347994
2.08 0.351423
2.09 0.354834
2.1 0.358226
2.11 0.361599
2.12 0.364954
2.13 0.368289
2.14 0.371605
2.15 0.374903
2.16 0.378181
2.17 0.381441
2.18 0.384681
2.19 0.387903
2.2 0.391106
2.21 0.39429
2.22 0.397456
2.23 0.400604
2.24 0.403733
2.25 0.406845
2.26 0.409939
2.27 0.413016
2.28 0.416076
2.29 0.41912
2.3 0.422146
2.31 0.425157
2.32 0.428152
2.33 0.431131
2.34 0.434096
2.35 0.437045
2.36 0.43998
2.37 0.442901
2.38 0.445808
2.39 0.448702
2.4 0.451583
2.41 0.454452
2.42 0.457308
2.43 0.460152
2.44 0.462985
2.45 0.465807
2.46 0.468618
2.47 0.471418
2.48 0.474209
2.49 0.47699
2.5 0.479761
2.51 0.482524
2.52 0.485278
2.53 0.488024
2.54 0.490761
2.55 0.493492
2.56 0.496214
2.57 0.49893
2.58 0.50164
2.59 0.504343
2.6 0.50704
2.61 0.509731
2.62 0.512417
2.63 0.515098
2.64 0.517774
2.65 0.520445
2.66 0.523112
2.67 0.525776
2.68 0.528435
2.69 0.531091
2.7 0.533744
2.71 0.536393
2.72 0.53904
2.73 0.541685
2.74 0.544327
2.75 0.546967
2.76 0.549605
2.77 0.552242
2.78 0.554877
2.79 0.557511
2.8 0.560144
2.81 0.562777
2.82 0.565409
2.83 0.56804
2.84 0.570671
2.85 0.573303
2.86 0.575935
2.87 0.578567
2.88 0.581199
2.89 0.583833
2.9 0.586467
2.91 0.589103
2.92 0.59174
2.93 0.594378
2.94 0.597018
2.95 0.59966
2.96 0.602304
2.97 0.604951
2.98 0.607599
2.99 0.610251
3 0.612904
3.01 0.615561
3.02 0.618221
3.03 0.620884
3.04 0.623551
3.05 0.626221
3.06 0.628895
3.07 0.631573
3.08 0.634255
3.09 0.636941
3.1 0.639632
3.11 0.642327
3.12 0.645027
3.13 0.647732
3.14 0.650442
3.15 0.653157
3.16 0.655878
3.17 0.658604
3.18 0.661337
3.19 0.664075
3.2 0.666819
3.21 0.66957
3.22 0.672328
3.23 0.675092
3.24 0.677863
3.25 0.680641
3.26 0.683426
3.27 0.686219
3.28 0.689019
3.29 0.691827
3.3 0.694643
3.31 0.697468
3.32 0.700301
3.33 0.703142
3.34 0.705992
3.35 0.708851
3.36 0.711719
3.37 0.714597
3.38 0.717484
3.39 0.720381
3.4 0.723288
3.41 0.726204
3.42 0.729132
3.43 0.73207
3.44 0.735018
3.45 0.737978
3.46 0.740948
3.47 0.74393
3.48 0.746924
3.49 0.749929
3.5 0.752947
3.51 0.755976
3.52 0.759018
3.53 0.762073
3.54 0.76514
3.55 0.76822
3.56 0.771314
3.57 0.774421
3.58 0.777542
3.59 0.780676
3.6 0.783825
3.61 0.786988
3.62 0.790166
3.63 0.793358
3.64 0.796565
3.65 0.799788
3.66 0.803025
3.67 0.806279
3.68 0.809548
3.69 0.812833
3.7 0.816134
3.71 0.819452
3.72 0.822787
3.73 0.826138
3.74 0.829507
3.75 0.832892
3.76 0.836296
3.77 0.839717
3.78 0.843156
3.79 0.846613
3.8 0.850088
3.81 0.853582
3.82 0.857095
3.83 0.860627
3.84 0.864177
3.85 0.867748
3.86 0.871338
3.87 0.874947
3.88 0.878577
3.89 0.882226
3.9 0.885897
3.91 0.889587
3.92 0.893299
3.93 0.897031
3.94 0.900784
3.95 0.904559
3.96 0.908355
3.97 0.912173
3.98 0.916013
3.99 0.919874
4 0.923758
4.01 0.927664
4.02 0.931593
4.03 0.935544
4.04 0.939518
4.05 0.943515
4.06 0.947535
4.07 0.951579
4.08 0.955646
4.09 0.959736
4.1 0.96385
4.11 0.967988
4.12 0.972149
4.13 0.976335
4.14 0.980545
4.15 0.984779
4.16 0.989037
4.17 0.99332
4.18 0.997628
4.19 1.00196
4.2 1.00632
4.21 1.0107
4.22 1.0151
4.23 1.01954
4.24 1.02399
4.25 1.02847
4.26 1.03298
4.27 1.03751
4.28 1.04207
4.29 1.04665
4.3 1.05126
4.31 1.05589
4.32 1.06055
4.33 1.06523
4.34 1.06994
4.35 1.07467
4.36 1.07943
4.37 1.08422
4.38 1.08903
4.39 1.09386
4.4 1.09872
4.41 1.10361
4.42 1.10852
4.43 1.11345
4.44 1.11841
4.45 1.1234
4.46 1.1284
4.47 1.13344
4.48 1.1385
4.49 1.14358
4.5 1.14869
4.51 1.15382
4.52 1.15898
4.53 1.16416
4.54 1.16936
4.55 1.17459
4.56 1.17984
4.57 1.18511
4.58 1.19041
4.59 1.19573
4.6 1.20108
4.61 1.20644
4.62 1.21183
4.63 1.21725
4.64 1.22268
4.65 1.22814
4.66 1.23362
4.67 1.23912
4.68 1.24465
4.69 1.25019
4.7 1.25576
4.71 1.26135
4.72 1.26695
4.73 1.27258
4.74 1.27824
4.75 1.28391
4.76 1.2896
4.77 1.29531
4.78 1.30104
4.79 1.3068
4.8 1.31257
4.81 1.31836
4.82 1.32417
4.83 1.33
4.84 1.33585
4.85 1.34172
4.86 1.34761
4.87 1.35352
4.88 1.35945
4.89 1.36539
4.9 1.37136
4.91 1.37734
4.92 1.38334
4.93 1.38936
4.94 1.3954
4.95 1.40145
4.96 1.40753
4.97 1.41362
4.98 1.41973
4.99 1.42587
5 1.43201
5.01 1.43818
5.02 1.44437
5.03 1.45057
5.04 1.4568
5.05 1.46304
5.06 1.4693
5.07 1.47558
5.08 1.48188
5.09 1.4882
5.1 1.49454
5.11 1.5009
5.12 1.50728
5.13 1.51368
5.14 1.5201
5.15 1.52654
5.16 1.533
5.17 1.53949
5.18 1.54599
5.19 1.55252
5.2 1.55907
5.21 1.56564
5.22 1.57224
5.23 1.57886
5.24 1.5855
5.25 1.59217
5.26 1.59886
5.27 1.60558
5.28 1.61232
5.29 1.61909
5.3 1.62588
5.31 1.63271
5.32 1.63956
5.33 1.64644
5.34 1.65335
5.35 1.66028
5.36 1.66725
5.37 1.67425
5.38 1.68128
5.39 1.68834
5.4 1.69543
5.41 1.70256
5.42 1.70972
5.43 1.71692
5.44 1.72414
5.45 1.73141
5.46 1.73871
5.47 1.74605
5.48 1.75342
5.49 1.76084
5.5 1.76829
5.51 1.77578
5.52 1.78331
5.53 1.79089
5.54 1.7985
5.55 1.80616
5.56 1.81386
5.57 1.8216
5.58 1.82939
5.59 1.83722
5.6 1.8451
5.61 1.85302
5.62 1.86099
5.63 1.86901
5.64 1.87708
5.65 1.88519
5.66 1.89335
5.67 1.90157
5.68 1.90983
5.69 1.91815
5.7 1.92651
5.71 1.93493
5.72 1.9434
5.73 1.95192
5.74 1.9605
5.75 1.96913
5.76 1.97782
5.77 1.98656
5.78 1.99535
5.79 2.0042
5.8 2.01311
5.81 2.02208
5.82 2.0311
5.83 2.04017
5.84 2.04931
5.85 2.0585
5.86 2.06775
5.87 2.07705
5.88 2.08642
5.89 2.09584
5.9 2.10533
5.91 2.11487
5.92 2.12446
5.93 2.13412
5.94 2.14384
5.95 2.15361
5.96 2.16345
5.97 2.17334
5.98 2.18329
5.99 2.19329
6 2.20336
6.01 2.21348
6.02 2.22366
6.03 2.2339
6.04 2.2442
6.05 2.25455
6.06 2.26496
6.07 2.27542
6.08 2.28594
6.09 2.29651
6.1 2.30714
6.11 2.31782
6.12 2.32856
6.13 2.33935
6.14 2.35019
6.15 2.36108
6.16 2.37203
6.17 2.38302
6.18 2.39406
6.19 2.40516
6.2 2.4163
6.21 2.42748
6.22 2.43872
6.23 2.45
6.24 2.46132
6.25 2.47269
6.26 2.4841
6.27 2.49556
6.28 2.50705
6.29 2.51858
6.3 2.53016
6.31 2.54177
6.32 2.55341
6.33 2.5651
6.34 2.57681
6.35 2.58857
6.36 2.60035
6.37 2.61216
6.38 2.62401
6.39 2.63588
6.4 2.64778
6.41 2.65971
6.42 2.67166
6.43 2.68364
6.44 2.69563
6.45 2.70765
6.46 2.71969
6.47 2.73175
6.48 2.74383
6.49 2.75592
6.5 2.76803
6.51 2.78015
6.52 2.79228
6.53 2.80442
6.54 2.81657
6.55 2.82873
6.56 2.8409
6.57 2.85307
6.58 2.86524
6.59 2.87742
6.6 2.8896
6.61 2.90177
6.62 2.91395
6.63 2.92612
6.64 2.93829
6.65 2.95045
6.66 2.9626
6.67 2.97475
6.68 2.98688
6.69 2.999
6.7 3.01111
6.71 3.0232
6.72 3.03528
6.73 3.04734
6.74 3.05938
6.75 3.0714
6.76 3.0834
6.77 3.09537
6.78 3.10732
6.79 3.11925
6.8 3.13114
6.81 3.14301
6.82 3.15484
6.83 3.16665
6.84 3.17842
6.85 3.19015
6.86 3.20185
6.87 3.21351
6.88 3.22513
6.89 3.23672
6.9 3.24825
6.91 3.25975
6.92 3.2712
6.93 3.28261
6.94 3.29397
6.95 3.30527
6.96 3.31653
6.97 3.32774
6.98 3.3389
6.99 3.35
7 3.36104
7.01 3.37203
7.02 3.38296
7.03 3.39383
7.04 3.40464
7.05 3.41539
7.06 3.42608
7.07 3.43671
7.08 3.44726
7.09 3.45776
7.1 3.46818
7.11 3.47854
7.12 3.48882
7.13 3.49904
7.14 3.50919
7.15 3.51926
7.16 3.52926
7.17 3.53918
7.18 3.54903
7.19 3.55881
7.2 3.5685
7.21 3.57812
7.22 3.58766
7.23 3.59712
7.24 3.60651
7.25 3.61581
7.26 3.62503
7.27 3.63416
7.28 3.64322
7.29 3.65219
7.3 3.66108
7.31 3.66988
7.32 3.6786
7.33 3.68723
7.34 3.69578
7.35 3.70424
7.36 3.71262
7.37 3.72091
7.38 3.72911
7.39 3.73723
7.4 3.74526
7.41 3.7532
7.42 3.76105
7.43 3.76882
7.44 3.77649
7.45 3.78408
7.46 3.79158
7.47 3.799
7.48 3.80632
7.49 3.81356
7.5 3.82071
7.51 3.82777
7.52 3.83475
7.53 3.84164
7.54 3.84844
7.55 3.85515
7.56 3.86178
7.57 3.86831
7.58 3.87477
7.59 3.88113
7.6 3.88741
7.61 3.89361
7.62 3.89972
7.63 3.90575
7.64 3.91169
7.65 3.91754
7.66 3.92332
7.67 3.92901
7.68 3.93461
7.69 3.94014
7.7 3.94558
7.71 3.95094
7.72 3.95623
7.73 3.96143
7.74 3.96655
7.75 3.97159
7.76 3.97655
7.77 3.98144
7.78 3.98624
7.79 3.99097
7.8 3.99562
7.81 4.0002
7.82 4.0047
7.83 4.00913
7.84 4.01348
7.85 4.01776
7.86 4.02197
7.87 4.0261
7.88 4.03016
7.89 4.03415
7.9 4.03807
7.91 4.04192
7.92 4.0457
7.93 4.04941
7.94 4.05305
7.95 4.05663
7.96 4.06014
7.97 4.06358
7.98 4.06696
7.99 4.07027
8 4.07352
8.01 4.0767
8.02 4.07982
8.03 4.08288
8.04 4.08588
8.05 4.08881
8.06 4.09169
8.07 4.0945
8.08 4.09726
8.09 4.09995
8.1 4.10259
8.11 4.10517
8.12 4.10769
8.13 4.11016
8.14 4.11257
8.15 4.11493
8.16 4.11723
8.17 4.11948
8.18 4.12168
8.19 4.12382
8.2 4.12591
8.21 4.12795
8.22 4.12993
8.23 4.13187
8.24 4.13376
8.25 4.13559
8.26 4.13738
8.27 4.13912
8.28 4.14081
8.29 4.14246
8.3 4.14406
8.31 4.14561
8.32 4.14712
8.33 4.14858
8.34 4.15
8.35 4.15137
8.36 4.1527
8.37 4.15399
8.38 4.15523
8.39 4.15644
8.4 4.1576
8.41 4.15872
8.42 4.1598
8.43 4.16084
8.44 4.16184
8.45 4.1628
8.46 4.16372
8.47 4.16461
8.48 4.16546
8.49 4.16627
8.5 4.16704
8.51 4.16778
8.52 4.16848
8.53 4.16914
8.54 4.16977
8.55 4.17037
8.56 4.17093
8.57 4.17146
8.58 4.17195
8.59 4.17242
8.6 4.17285
8.61 4.17324
8.62 4.17361
8.63 4.17394
8.64 4.17425
8.65 4.17452
8.66 4.17476
8.67 4.17498
8.68 4.17516
8.69 4.17532
8.7 4.17544
8.71 4.17554
8.72 4.17561
8.73 4.17565
8.74 4.17567
8.75 4.17566
8.76 4.17562
8.77 4.17555
8.78 4.17546
8.79 4.17535
8.8 4.17521
8.81 4.17504
8.82 4.17485
8.83 4.17464
8.84 4.1744
8.85 4.17413
8.86 4.17385
8.87 4.17354
8.88 4.17321
8.89 4.17285
8.9 4.17248
8.91 4.17208
8.92 4.17166
8.93 4.17122
8.94 4.17076
8.95 4.17027
8.96 4.16977
8.97 4.16925
8.98 4.1687
8.99 4.16814
9 4.16756
9.01 4.16696
9.02 4.16634
9.03 4.1657
9.04 4.16504
9.05 4.16436
9.06 4.16367
9.07 4.16296
9.08 4.16223
9.09 4.16148
9.1 4.16072
9.11 4.15994
9.12 4.15914
9.13 4.15833
9.14 4.1575
9.15 4.15665
9.16 4.15579
9.17 4.15491
9.18 4.15402
9.19 4.15311
9.2 4.15219
9.21 4.15125
9.22 4.1503
9.23 4.14933
9.24 4.14835
9.25 4.14736
9.26 4.14635
9.27 4.14533
9.28 4.1443
9.29 4.14325
9.3 4.14219
9.31 4.14111
9.32 4.14002
9.33 4.13892
9.34 4.13781
9.35 4.13669
9.36 4.13555
9.37 4.1344
9.38 4.13324
9.39 4.13207
9.4 4.13089
9.41 4.12969
9.42 4.12849
9.43 4.12727
9.44 4.12604
9.45 4.1248
9.46 4.12355
9.47 4.12229
9.48 4.12102
9.49 4.11974
9.5 4.11845
9.51 4.11715
9.52 4.11584
9.53 4.11452
9.54 4.11319
9.55 4.11185
9.56 4.1105
9.57 4.10915
9.58 4.10778
9.59 4.1064
9.6 4.10502
9.61 4.10363
9.62 4.10222
9.63 4.10081
9.64 4.0994
9.65 4.09797
9.66 4.09653
9.67 4.09509
9.68 4.09364
9.69 4.09218
9.7 4.09071
9.71 4.08924
9.72 4.08775
9.73 4.08626
9.74 4.08477
9.75 4.08326
9.76 4.08175
9.77 4.08023
9.78 4.0787
9.79 4.07717
9.8 4.07563
9.81 4.07408
9.82 4.07253
9.83 4.07097
9.84 4.0694
9.85 4.06783
9.86 4.06625
9.87 4.06466
9.88 4.06307
9.89 4.06147
9.9 4.05986
9.91 4.05825
9.92 4.05664
9.93 4.05501
9.94 4.05339
9.95 4.05175
9.96 4.05011
9.97 4.04847
9.98 4.04682
9.99 4.04516
10 4.0435
10.001 0
