0 -10
0.01 -8.44983
0.02 -8.44449
0.03 -8.43913
0.04 -8.43374
0.05 -8.42833
0.06 -8.4229
0.07 -8.41745
0.08 -8.41197
0.09 -8.40647
0.1 -8.40095
0.11 -8.3954
0.12 -8.38983
0.13 -8.38424
0.14 -8.37862
0.15 -8.37298
0.16 -8.36732
0.17 -8.36163
0.18 -8.35591
0.19 -8.35017
0.2 -8.34441
0.21 -8.33862
0.22 -8.33281
0.23 -8.32697
0.24 -8.3211
0.25 -8.31521
0.26 -8.30929
0.27 -8.30334
0.28 -8.29737
0.29 -8.29137
0.3 -8.28534
0.31 -8.27928
0.32 -8.27319
0.33 -8.26708
0.34 -8.26094
0.35 -8.25476
0.36 -8.24856
0.37 -8.24232
0.38 -8.23606
0.39 -8.22976
0.4 -8.22344
0.41 -8.21708
0.42 -8.21068
0.43 -8.20426
0.44 -8.1978
0.45 -8.1913
0.46 -8.18477
0.47 -8.17821
0.48 -8.17161
0.49 -8.16497
0.5 -8.15829
0.51 -8.15158
0.52 -8.14483
0.53 -8.13804
0.54 -8.13121
0.55 -8.12434
0.56 -8.11742
0.57 -8.11047
0.58 -8.10347
0.59 -8.09643
0.6 -8.08934
0.61 -8.08221
0.62 -8.07503
0.63 -8.06781
0.64 -8.06053
0.65 -8.05321
0.66 -8.04584
0.67 -8.03841
0.68 -8.03094
0.69 -8.02341
0.7 -8.01583
0.71 -8.00819
0.72 -8.00049
0.73 -7.99274
0.74 -7.98493
0.75 -7.97706
0.76 -7.96913
0.77 -7.96114
0.78 -7.95309
0.79 -7.94497
0.8 -7.93678
0.81 -7.92853
0.82 -7.92021
0.83 -7.91182
0.84 -7.90336
0.85 -7.89483
0.86 -7.88622
0.87 -7.87754
0.88 -7.86879
0.89 -7.85996
0.9 -7.85105
0.91 -7.84205
0.92 -7.83298
0.93 -7.82383
0.94 -7.81459
0.95 -7.80526
0.96 -7.79585
0.97 -7.78635
0.98 -7.77676
0.99 -7.76708
1 -7.7573
1.01 -7.74744
1.02 -7.73747
1.03 -7.72741
1.04 -7.71726
1.05 -7.707
1.06 -7.69665
1.07 -7.68619
1.08 -7.67563
1.09 -7.66497
1.1 -7.6542
1.11 -7.64333
1.12 -7.63235
1.13 -7.62126
1.14 -7.61006
1.15 -7.59875
1.16 -7.58733
1.17 -7.5758
1.18 -7.56416
1.19 -7.55241
1.2 -7.54054
1.21 -7.52856
1.22 -7.51646
1.23 -7.50425
1.24 -7.49192
1.25 -7.47948
1.26 -7.46693
1.27 -7.45426
1.28 -7.44147
1.29 -7.42857
1.3 -7.41556
1.31 -7.40243
1.32 -7.38919
1.33 -7.37584
1.34 -7.36237
1.35 -7.3488
1.36 -7.33511
1.37 -7.32132
1.38 -7.30742
1.39 -7.29341
1.4 -7.27931
1.41 -7.26509
1.42 -7.25078
1.43 -7.23638
1.44 -7.22187
1.45 -7.20728
1.46 -7.19259
1.47 -7.17781
1.48 -7.16295
1.49 -7.14801
1.5 -7.13299
1.51 -7.11789
1.52 -7.10272
1.53 -7.08748
1.54 -7.07218
1.55 -7.05682
1.56 -7.0414
1.57 -7.02592
1.58 -7.0104
1.59 -6.99483
1.6 -6.97923
1.61 -6.96358
1.62 -6.94791
1.63 -6.93221
1.64 -6.91649
1.65 -6.90076
1.66 -6.88501
1.67 -6.86926
1.68 -6.85351
1.69 -6.83776
1.7 -6.82203
1.71 -6.80631
1.72 -6.7906
1.73 -6.77493
1.74 -6.75929
1.75 -6.74368
1.76 -6.72812
1.77 -6.7126
1.78 -6.69713
1.79 -6.68173
1.8 -6.66639
1.81 -6.65111
1.82 -6.63591
1.83 -6.62079
1.84 -6.60575
1.85 -6.5908
1.86 -6.57595
1.87 -6.56119
1.88 -6.54653
1.89 -6.53198
1.9 -6.51754
1.91 -6.50322
1.92 -6.48901
1.93 -6.47493
1.94 -6.46097
1.95 -6.44715
1.96 -6.43345
1.97 -6.4199
1.98 -6.40648
1.99 -6.39321
2 -6.38008
2.01 -6.3671
2.02 -6.35427
2.03 -6.34159
2.04 -6.32906
2.05 -6.31669
2.06 -6.30448
2.07 -6.29243
2.08 -6.28054
2.09 -6.2688
2.1 -6.25724
2.11 -6.24583
2.12 -6.23459
2.13 -6.22351
2.14 -6.2126
2.15 -6.20185
2.16 -6.19127
2.17 -6.18085
2.18 -6.1706
2.19 -6.16051
2.2 -6.15058
2.21 -6.14082
2.22 -6.13122
2.23 -6.12178
2.24 -6.1125
2.25 -6.10338
2.26 -6.09442
2.27 -6.08562
2.28 -6.07698
2.29 -6.06848
2.3 -6.06014
2.31 -6.05196
2.32 -6.04392
2.33 -6.03603
2.34 -6.02829
2.35 -6.02069
2.36 -6.01324
2.37 -6.00592
2.38 -5.99875
2.39 -5.99171
2.4 -5.98481
2.41 -5.97805
2.42 -5.97141
2.43 -5.96491
2.44 -5.95853
2.45 -5.95228
2.46 -5.94615
2.47 -5.94014
2.48 -5.93425
2.49 -5.92848
2.5 -5.92282
2.51 -5.91728
2.52 -5.91185
2.53 -5.90653
2.54 -5.90131
2.55 -5.8962
2.56 -5.8912
2.57 -5.88629
2.58 -5.88149
2.59 -5.87678
2.6 -5.87216
2.61 -5.86764
2.62 -5.86321
2.63 -5.85887
2.64 -5.85462
2.65 -5.85046
2.66 -5.84638
2.67 -5.84238
2.68 -5.83846
2.69 -5.83462
2.7 -5.83086
2.71 -5.82717
2.72 -5.82356
2.73 -5.82001
2.74 -5.81654
2.75 -5.81314
2.76 -5.80981
2.77 -5.80654
2.78 -5.80334
2.79 -5.8002
2.8 -5.79712
2.81 -5.7941
2.82 -5.79114
2.83 -5.78823
2.84 -5.78539
2.85 -5.7826
2.86 -5.77986
2.87 -5.77717
2.88 -5.77454
2.89 -5.77195
2.9 -5.76942
2.91 -5.76693
2.92 -5.76448
2.93 -5.76209
2.94 -5.75973
2.95 -5.75742
2.96 -5.75516
2.97 -5.75293
2.98 -5.75074
2.99 -5.7486
3 -5.74649
3.01 -5.74442
3.02 -5.74238
3.03 -5.74038
3.04 -5.73842
3.05 -5.73649
3.06 -5.73459
3.07 -5.73272
3.08 -5.73089
3.09 -5.72908
3.1 -5.72731
3.11 -5.72556
3.12 -5.72385
3.13 -5.72216
3.14 -5.7205
3.15 -5.71886
3.16 -5.71725
3.17 -5.71567
3.18 -5.71411
3.19 -5.71258
3.2 -5.71106
3.21 -5.70957
3.22 -5.70811
3.23 -5.70666
3.24 -5.70524
3.25 -5.70383
3.26 -5.70245
3.27 -5.70108
3.28 -5.69974
3.29 -5.69841
3.3 -5.69711
3.31 -5.69582
3.32 -5.69454
3.33 -5.69329
3.34 -5.69205
3.35 -5.69082
3.36 -5.68961
3.37 -5.68842
3.38 -5.68724
3.39 -5.68608
3.4 -5.68493
3.41 -5.6838
3.42 -5.68268
3.43 -5.68157
3.44 -5.68047
3.45 -5.67939
3.46 -5.67832
3.47 -5.67726
3.48 -5.67621
3.49 -5.67518
3.5 -5.67415
3.51 -5.67314
3.52 -5.67214
3.53 -5.67114
3.54 -5.67016
3.55 -5.66919
3.56 -5.66823
3.57 -5.66727
3.58 -5.66633
3.59 -5.66539
3.6 -5.66447
3.61 -5.66355
3.62 -5.66264
3.63 -5.66174
3.64 -5.66084
3.65 -5.65996
3.66 -5.65908
3.67 -5.65821
3.68 -5.65735
3.69 -5.65649
3.7 -5.65564
3.71 -5.6548
3.72 -5.65397
3.73 -5.65314
3.74 -5.65232
3.75 -5.6515
3.76 -5.65069
3.77 -5.64989
3.78 -5.64909
3.79 -5.6483
3.8 -5.64751
3.81 -5.64673
3.82 -5.64596
3.83 -5.64519
3.84 -5.64442
3.85 -5.64366
3.86 -5.64291
3.87 -5.64216
3.88 -5.64142
3.89 -5.64068
3.9 -5.63995
3.91 -5.63922
3.92 -5.63849
3.93 -5.63777
3.94 -5.63706
3.95 -5.63635
3.96 -5.63564
3.97 -5.63494
3.98 -5.63424
3.99 -5.63355
4 -5.63286
4.01 -5.63218
4.02 -5.63149
4.03 -5.63082
4.04 -5.63014
4.05 -5.62948
4.06 -5.62881
4.07 -5.62815
4.08 -5.62749
4.09 -5.62684
4.1 -5.62619
4.11 -5.62554
4.12 -5.6249
4.13 -5.62426
4.14 -5.62363
4.15 -5.623
4.16 -5.62237
4.17 -5.62175
4.18 -5.62113
4.19 -5.62051
4.2 -5.6199
4.21 -5.61929
4.22 -5.61868
4.23 -5.61808
4.24 -5.61748
4.25 -5.61689
4.26 -5.61629
4.27 -5.6157
4.28 -5.61512
4.29 -5.61454
4.3 -5.61396
4.31 -5.61338
4.32 -5.61281
4.33 -5.61224
4.34 -5.61168
4.35 -5.61111
4.36 -5.61056
4.37 -5.61
4.38 -5.60945
4.39 -5.6089
4.4 -5.60835
4.41 -5.60781
4.42 -5.60727
4.43 -5.60673
4.44 -5.60619
4.45 -5.60566
4.46 -5.60513
4.47 -5.60461
4.48 -5.60409
4.49 -5.60357
4.5 -5.60305
4.51 -5.60253
4.52 -5.60202
4.53 -5.60151
4.54 -5.60101
4.55 -5.6005
4.56 -5.6
4.57 -5.5995
4.58 -5.599
4.59 -5.59851
4.6 -5.59802
4.61 -5.59753
4.62 -5.59704
4.63 -5.59655
4.64 -5.59607
4.65 -5.59558
4.66 -5.5951
4.67 -5.59462
4.68 -5.59414
4.69 -5.59367
4.7 -5.59319
4.71 -5.59272
4.72 -5.59225
4.73 -5.59177
4.74 -5.5913
4.75 -5.59083
4.76 -5.59036
4.77 -5.58989
4.78 -5.58943
4.79 -5.58896
4.8 -5.58849
4.81 -5.58802
4.82 -5.58755
4.83 -5.58709
4.84 -5.58662
4.85 -5.58615
4.86 -5.58568
4.87 -5.58521
4.88 -5.58473
4.89 -5.58426
4.9 -5.58379
4.91 -5.58331
4.92 -5.58283
4.93 -5.58235
4.94 -5.58187
4.95 -5.58139
4.96 -5.5809
4.97 -5.58041
4.98 -5.57992
4.99 -5.57942
5 -5.57893
5.01 -5.57842
5.02 -5.57792
5.03 -5.57741
5.04 -5.5769
5.05 -5.57638
5.06 -5.57586
5.07 -5.57534
5.08 -5.57481
5.09 -5.57427
5.1 -5.57373
5.11 -5.57319
5.12 -5.57264
5.13 -5.57209
5.14 -5.57152
5.15 -5.57096
5.16 -5.57038
5.17 -5.5698
5.18 -5.56922
5.19 -5.56863
5.2 -5.56803
5.21 -5.56742
5.22 -5.56681
5.23 -5.56619
5.24 -5.56556
5.25 -5.56492
5.26 -5.56428
5.27 -5.56363
5.28 -5.56297
5.29 -5.5623
5.3 -5.56163
5.31 -5.56094
5.32 -5.56025
5.33 -5.55955
5.34 -5.55884
5.35 -5.55812
5.36 -5.55739
5.37 -5.55666
5.38 -5.55591
5.39 -5.55516
5.4 -5.55439
5.41 -5.55362
5.42 -5.55284
5.43 -5.55205
5.44 -5.55125
5.45 -5.55044
5.46 -5.54962
5.47 -5.54879
5.48 -5.54795
5.49 -5.5471
5.5 -5.54625
5.51 -5.54538
5.52 -5.54451
5.53 -5.54363
5.54 -5.54273
5.55 -5.54183
5.56 -5.54092
5.57 -5.54001
5.58 -5.53908
5.59 -5.53815
5.6 -5.5372
5.61 -5.53625
5.62 -5.5353
5.63 -5.53433
5.64 -5.53336
5.65 -5.53238
5.66 -5.53139
5.67 -5.5304
5.68 -5.5294
5.69 -5.5284
5.7 -5.52739
5.71 -5.52638
5.72 -5.52536
5.73 -5.52433
5.74 -5.52331
5.75 -5.52228
5.76 -5.52124
5.77 -5.52021
5.78 -5.51917
5.79 -5.51813
5.8 -5.51709
5.81 -5.51605
5.82 -5.51501
5.83 -5.51397
5.84 -5.51293
5.85 -5.5119
5.86 -5.51086
5.87 -5.50983
5.88 -5.5088
5.89 -5.50778
5.9 -5.50676
5.91 -5.50575
5.92 -5.50475
5.93 -5.50375
5.94 -5.50276
5.95 -5.50179
5.96 -5.50082
5.97 -5.49986
5.98 -5.49891
5.99 -5.49798
6 -5.49706
6.01 -5.49616
6.02 -5.49527
6.03 -5.49439
6.04 -5.49354
6.05 -5.4927
6.06 -5.49188
6.07 -5.49109
6.08 -5.49031
6.09 -5.48956
6.1 -5.48883
6.11 -5.48813
6.12 -5.48745
6.13 -5.4868
6.14 -5.48618
6.15 -5.48559
6.16 -5.48503
6.17 -5.4845
6.18 -5.484
6.19 -5.48354
6.2 -5.48312
6.21 -5.48273
6.22 -5.48238
6.23 -5.48207
6.24 -5.48179
6.25 -5.48157
6.26 -5.48138
6.27 -5.48124
6.28 -5.48115
6.29 -5.4811
6.3 -5.4811
6.31 -5.48115
6.32 -5.48125
6.33 -5.48141
6.34 -5.48161
6.35 -5.48188
6.36 -5.4822
6.37 -5.48257
6.38 -5.48301
6.39 -5.4835
6.4 -5.48406
6.41 -5.48468
6.42 -5.48536
6.43 -5.48611
6.44 -5.48692
6.45 -5.4878
6.46 -5.48875
6.47 -5.48977
6.48 -5.49086
6.49 -5.49202
6.5 -5.49325
6.51 -5.49456
6.52 -5.49595
6.53 -5.49741
6.54 -5.49894
6.55 -5.50056
6.56 -5.50225
6.57 -5.50403
6.58 -5.50588
6.59 -5.50782
6.6 -5.50983
6.61 -5.51194
6.62 -5.51412
6.63 -5.51639
6.64 -5.51875
6.65 -5.52119
6.66 -5.52372
6.67 -5.52633
6.68 -5.52903
6.69 -5.53182
6.7 -5.5347
6.71 -5.53767
6.72 -5.54073
6.73 -5.54387
6.74 -5.54711
6.75 -5.55043
6.76 -5.55385
6.77 -5.55735
6.78 -5.56095
6.79 -5.56464
6.8 -5.56841
6.81 -5.57228
6.82 -5.57623
6.83 -5.58028
6.84 -5.58441
6.85 -5.58864
6.86 -5.59295
6.87 -5.59735
6.88 -5.60184
6.89 -5.60642
6.9 -5.61109
6.91 -5.61584
6.92 -5.62068
6.93 -5.6256
6.94 -5.63061
6.95 -5.63571
6.96 -5.64088
6.97 -5.64614
6.98 -5.65148
6.99 -5.65691
7 -5.66241
7.01 -5.66799
7.02 -5.67365
7.03 -5.67939
7.04 -5.68521
7.05 -5.6911
7.06 -5.69707
7.07 -5.7031
7.08 -5.70922
7.09 -5.7154
7.1 -5.72165
7.11 -5.72797
7.12 -5.73436
7.13 -5.74082
7.14 -5.74734
7.15 -5.75392
7.16 -5.76057
7.17 -5.76728
7.18 -5.77405
7.19 -5.78088
7.2 -5.78776
7.21 -5.79471
7.22 -5.80171
7.23 -5.80876
7.24 -5.81586
7.25 -5.82302
7.26 -5.83023
7.27 -5.83748
7.28 -5.84478
7.29 -5.85213
7.3 -5.85953
7.31 -5.86696
7.32 -5.87444
7.33 -5.88196
7.34 -5.88952
7.35 -5.89712
7.36 -5.90476
7.37 -5.91243
7.38 -5.92013
7.39 -5.92787
7.4 -5.93565
7.41 -5.94345
7.42 -5.95128
7.43 -5.95915
7.44 -5.96703
7.45 -5.97495
7.46 -5.98289
7.47 -5.99086
7.48 -5.99884
7.49 -6.00685
7.5 -6.01489
7.51 -6.02294
7.52 -6.03101
7.53 -6.03909
7.54 -6.0472
7.55 -6.05532
7.56 -6.06345
7.57 -6.0716
7.58 -6.07976
7.59 -6.08793
7.6 -6.09611
7.61 -6.1043
7.62 -6.11251
7.63 -6.12072
7.64 -6.12893
7.65 -6.13716
7.66 -6.14539
7.67 -6.15362
7.68 -6.16186
7.69 -6.1701
7.7 -6.17834
7.71 -6.18659
7.72 -6.19483
7.73 -6.20308
7.74 -6.21133
7.75 -6.21957
7.76 -6.22781
7.77 -6.23605
7.78 -6.24429
7.79 -6.25252
7.8 -6.26075
7.81 -6.26897
7.82 -6.27719
7.83 -6.2854
7.84 -6.29361
7.85 -6.3018
7.86 -6.30999
7.87 -6.31817
7.88 -6.32635
7.89 -6.33451
7.9 -6.34266
7.91 -6.3508
7.92 -6.35893
7.93 -6.36705
7.94 -6.37516
7.95 -6.38325
7.96 -6.39134
7.97 -6.39941
7.98 -6.40746
7.99 -6.41551
8 -6.42353
8.01 -6.43155
8.02 -6.43955
8.03 -6.44753
8.04 -6.4555
8.05 -6.46345
8.06 -6.47139
8.07 -6.47931
8.08 -6.48721
8.09 -6.49509
8.1 -6.50296
8.11 -6.51081
8.12 -6.51865
8.13 -6.52646
8.14 -6.53426
8.15 -6.54203
8.16 -6.54979
8.17 -6.55753
8.18 -6.56525
8.19 -6.57295
8.2 -6.58064
8.21 -6.5883
8.22 -6.59594
8.23 -6.60356
8.24 -6.61116
8.25 -6.61874
8.26 -6.6263
8.27 -6.63384
8.28 -6.64136
8.29 -6.64886
8.3 -6.65634
8.31 -6.66379
8.32 -6.67122
8.33 -6.67864
8.34 -6.68603
8.35 -6.6934
8.36 -6.70074
8.37 -6.70807
8.38 -6.71537
8.39 -6.72265
8.4 -6.72991
8.41 -6.73715
8.42 -6.74436
8.43 -6.75155
8.44 -6.75872
8.45 -6.76587
8.46 -6.773
8.47 -6.7801
8.48 -6.78718
8.49 -6.79423
8.5 -6.80127
8.51 -6.80828
8.52 -6.81527
8.53 -6.82223
8.54 -6.82918
8.55 -6.8361
8.56 -6.84299
8.57 -6.84987
8.58 -6.85672
8.59 -6.86355
8.6 -6.87035
8.61 -6.87714
8.62 -6.8839
8.63 -6.89063
8.64 -6.89735
8.65 -6.90404
8.66 -6.91071
8.67 -6.91735
8.68 -6.92397
8.69 -6.93057
8.7 -6.93715
8.71 -6.9437
8.72 -6.95023
8.73 -6.95674
8.74 -6.96322
8.75 -6.96968
8.76 -6.97612
8.77 -6.98254
8.78 -6.98893
8.79 -6.9953
8.8 -7.00165
8.81 -7.00797
8.82 -7.01427
8.83 -7.02055
8.84 -7.02681
8.85 -7.03304
8.86 -7.03925
8.87 -7.04544
8.88 -7.0516
8.89 -7.05775
8.9 -7.06387
8.91 -7.06996
8.92 -7.07604
8.93 -7.08209
8.94 -7.08812
8.95 -7.09413
8.96 -7.10011
8.97 -7.10608
8.98 -7.11202
8.99 -7.11793
9 -7.12383
9.01 -7.1297
9.02 -7.13555
9.03 -7.14138
9.04 -7.14719
9.05 -7.15298
9.06 -7.15874
9.07 -7.16448
9.08 -7.1702
9.09 -7.1759
9.1 -7.18157
9.11 -7.18723
9.12 -7.19286
9.13 -7.19847
9.14 -7.20406
9.15 -7.20962
9.16 -7.21517
9.17 -7.22069
9.18 -7.22619
9.19 -7.23167
9.2 -7.23713
9.21 -7.24257
9.22 -7.24799
9.23 -7.25338
9.24 -7.25876
9.25 -7.26411
9.26 -7.26944
9.27 -7.27475
9.28 -7.28004
9.29 -7.28531
9.3 -7.29056
9.31 -7.29579
9.32 -7.30099
9.33 -7.30618
9.34 -7.31134
9.35 -7.31649
9.36 -7.32161
9.37 -7.32672
9.38 -7.3318
9.39 -7.33686
9.4 -7.3419
9.41 -7.34693
9.42 -7.35193
9.43 -7.35691
9.44 -7.36187
9.45 -7.36681
9.46 -7.37174
9.47 -7.37664
9.48 -7.38152
9.49 -7.38638
9.5 -7.39122
9.51 -7.39605
9.52 -7.40085
9.53 -7.40564
9.54 -7.4104
9.55 -7.41514
9.56 -7.41987
9.57 -7.42458
9.58 -7.42926
9.59 -7.43393
9.6 -7.43858
9.61 -7.44321
9.62 -7.44783
9.63 -7.45242
9.64 -7.45699
9.65 -7.46155
9.66 -7.46608
9.67 -7.4706
9.68 -7.4751
9.69 -7.47958
9.7 -7.48405
9.71 -7.48849
9.72 -7.49292
9.73 -7.49733
9.74 -7.50172
9.75 -7.50609
9.76 -7.51045
9.77 -7.51478
9.78 -7.5191
9.79 -7.52341
9.8 -7.52769
9.81 -7.53196
9.82 -7.53621
9.83 -7.54044
9.84 -7.54465
9.85 -7.54885
9.86 -7.55303
9.87 -7.5572
9.88 -7.56134
9.89 -7.56547
9.9 -7.56959
9.91 -7.57368
9.92 -7.57776
9.93 -7.58183
9.94 -7.58587
9.95 -7.5899
9.96 -7.59392
9.97 -7.59792
9.98 -7.6019
9.99 -7.60586
10 -7.60981
10.001 -10
