0 5
0.01 4.33551
0.02 4.33688
0.03 4.33827
0.04 4.33967
0.05 4.34109
0.06 4.34253
0.07 4.34397
0.08 4.34544
0.09 4.34691
0.1 4.34841
0.11 4.34991
0.12 4.35144
0.13 4.35298
0.14 4.35453
0.15 4.3561
0.16 4.35769
0.17 4.35929
0.18 4.36091
0.19 4.36255
0.2 4.3642
0.21 4.36587
0.22 4.36755
0.23 4.36925
0.24 4.37097
0.25 4.37271
0.26 4.37446
0.27 4.37623
0.28 4.37802
0.29 4.37982
0.3 4.38164
0.31 4.38348
0.32 4.38534
0.33 4.38722
0.34 4.38911
0.35 4.39102
0.36 4.39295
0.37 4.3949
0.38 4.39687
0.39 4.39886
0.4 4.40086
0.41 4.40288
0.42 4.40493
0.43 4.40699
0.44 4.40907
0.45 4.41117
0.46 4.41329
0.47 4.41543
0.48 4.41759
0.49 4.41977
0.5 4.42197
0.51 4.42419
0.52 4.42644
0.53 4.4287
0.54 4.43098
0.55 4.43328
0.56 4.43561
0.57 4.43795
0.58 4.44032
0.59 4.44271
0.6 4.44512
0.61 4.44756
0.62 4.45001
0.63 4.45249
0.64 4.45499
0.65 4.45751
0.66 4.46006
0.67 4.46263
0.68 4.46522
0.69 4.46784
0.7 4.47048
0.71 4.47315
0.72 4.47584
0.73 4.47856
0.74 4.4813
0.75 4.48407
0.76 4.48686
0.77 4.48968
0.78 4.49253
0.79 4.4954
0.8 4.4983
0.81 4.50123
0.82 4.50418
0.83 4.50717
0.84 4.51018
0.85 4.51322
0.86 4.5163
0.87 4.5194
0.88 4.52253
0.89 4.5257
0.9 4.52889
0.91 4.53212
0.92 4.53538
0.93 4.53867
0.94 4.54199
0.95 4.54535
0.96 4.54875
0.97 4.55218
0.98 4.55564
0.99 4.55914
1 4.56267
1.01 4.56625
1.02 4.56986
1.03 4.57351
1.04 4.57719
1.05 4.58092
1.06 4.58469
1.07 4.58849
1.08 4.59234
1.09 4.59623
1.1 4.60016
1.11 4.60413
1.12 4.60815
1.13 4.61221
1.14 4.61631
1.15 4.62046
1.16 4.62465
1.17 4.62889
1.18 4.63318
1.19 4.63751
1.2 4.64189
1.21 4.64632
1.22 4.6508
1.23 4.65532
1.24 4.6599
1.25 4.66452
1.26 4.6692
1.27 4.67392
1.28 4.6787
1.29 4.68353
1.3 4.68841
1.31 4.69334
1.32 4.69832
1.33 4.70336
1.34 4.70844
1.35 4.71359
1.36 4.71878
1.37 4.72402
1.38 4.72932
1.39 4.73468
1.4 4.74008
1.41 4.74554
1.42 4.75105
1.43 4.75661
1.44 4.76222
1.45 4.76789
1.46 4.77361
1.47 4.77938
1.48 4.78519
1.49 4.79106
1.5 4.79698
1.51 4.80295
1.52 4.80897
1.53 4.81503
1.54 4.82114
1.55 4.8273
1.56 4.8335
1.57 4.83974
1.58 4.84603
1.59 4.85236
1.6 4.85873
1.61 4.86514
1.62 4.87158
1.63 4.87807
1.64 4.88459
1.65 4.89114
1.66 4.89773
1.67 4.90435
1.68 4.91099
1.69 4.91767
1.7 4.92437
1.71 4.93109
1.72 4.93784
1.73 4.94461
1.74 4.9514
1.75 4.9582
1.76 4.96502
1.77 4.97185
1.78 4.9787
1.79 4.98555
1.8 4.99241
1.81 4.99928
1.82 5.00615
1.83 5.01303
1.84 5.0199
1.85 5.02677
1.86 5.03364
1.87 5.0405
1.88 5.04735
1.89 5.05419
1.9 5.06102
1.91 5.06784
1.92 5.07464
1.93 5.08142
1.94 5.08818
1.95 5.09493
1.96 5.10164
1.97 5.10834
1.98 5.11501
1.99 5.12165
2 5.12826
2.01 5.13484
2.02 5.14139
2.03 5.1479
2.04 5.15438
2.05 5.16083
2.06 5.16723
2.07 5.1736
2.08 5.17992
2.09 5.18621
2.1 5.19245
2.11 5.19865
2.12 5.2048
2.13 5.21091
2.14 5.21697
2.15 5.22299
2.16 5.22896
2.17 5.23488
2.18 5.24075
2.19 5.24657
2.2 5.25235
2.21 5.25807
2.22 5.26374
2.23 5.26936
2.24 5.27493
2.25 5.28044
2.26 5.28591
2.27 5.29132
2.28 5.29668
2.29 5.30199
2.3 5.30724
2.31 5.31245
2.32 5.3176
2.33 5.32269
2.34 5.32774
2.35 5.33273
2.36 5.33767
2.37 5.34256
2.38 5.34739
2.39 5.35218
2.4 5.35691
2.41 5.36159
2.42 5.36622
2.43 5.3708
2.44 5.37532
2.45 5.3798
2.46 5.38423
2.47 5.38861
2.48 5.39294
2.49 5.39722
2.5 5.40146
2.51 5.40564
2.52 5.40978
2.53 5.41387
2.54 5.41792
2.55 5.42192
2.56 5.42587
2.57 5.42978
2.58 5.43364
2.59 5.43746
2.6 5.44124
2.61 5.44497
2.62 5.44866
2.63 5.45231
2.64 5.45592
2.65 5.45949
2.66 5.46301
2.67 5.4665
2.68 5.46995
2.69 5.47336
2.7 5.47673
2.71 5.48006
2.72 5.48335
2.73 5.48661
2.74 5.48983
2.75 5.49302
2.76 5.49617
2.77 5.49928
2.78 5.50237
2.79 5.50541
2.8 5.50843
2.81 5.51141
2.82 5.51436
2.83 5.51728
2.84 5.52016
2.85 5.52302
2.86 5.52584
2.87 5.52864
2.88 5.5314
2.89 5.53414
2.9 5.53685
2.91 5.53953
2.92 5.54218
2.93 5.5448
2.94 5.5474
2.95 5.54997
2.96 5.55252
2.97 5.55504
2.98 5.55753
2.99 5.56001
3 5.56245
3.01 5.56487
3.02 5.56727
3.03 5.56965
3.04 5.572
3.05 5.57433
3.06 5.57664
3.07 5.57893
3.08 5.58119
3.09 5.58344
3.1 5.58566
3.11 5.58787
3.12 5.59005
3.13 5.59222
3.14 5.59436
3.15 5.59649
3.16 5.5986
3.17 5.60069
3.18 5.60276
3.19 5.60482
3.2 5.60686
3.21 5.60888
3.22 5.61088
3.23 5.61287
3.24 5.61484
3.25 5.6168
3.26 5.61874
3.27 5.62066
3.28 5.62257
3.29 5.62447
3.3 5.62635
3.31 5.62822
3.32 5.63007
3.33 5.63191
3.34 5.63374
3.35 5.63555
3.36 5.63735
3.37 5.63914
3.38 5.64091
3.39 5.64268
3.4 5.64443
3.41 5.64617
3.42 5.64789
3.43 5.64961
3.44 5.65131
3.45 5.65301
3.46 5.65469
3.47 5.65636
3.48 5.65802
3.49 5.65968
3.5 5.66132
3.51 5.66295
3.52 5.66457
3.53 5.66619
3.54 5.66779
3.55 5.66938
3.56 5.67097
3.57 5.67255
3.58 5.67411
3.59 5.67567
3.6 5.67723
3.61 5.67877
3.62 5.68031
3.63 5.68183
3.64 5.68335
3.65 5.68487
3.66 5.68637
3.67 5.68787
3.68 5.68936
3.69 5.69085
3.7 5.69232
3.71 5.69379
3.72 5.69526
3.73 5.69672
3.74 5.69817
3.75 5.69961
3.76 5.70105
3.77 5.70248
3.78 5.70391
3.79 5.70533
3.8 5.70675
3.81 5.70816
3.82 5.70957
3.83 5.71097
3.84 5.71236
3.85 5.71375
3.86 5.71513
3.87 5.71651
3.88 5.71789
3.89 5.71926
3.9 5.72063
3.91 5.72199
3.92 5.72334
3.93 5.7247
3.94 5.72604
3.95 5.72739
3.96 5.72873
3.97 5.73007
3.98 5.7314
3.99 5.73273
4 5.73405
4.01 5.73537
4.02 5.73669
4.03 5.738
4.04 5.73932
4.05 5.74062
4.06 5.74193
4.07 5.74323
4.08 5.74453
4.09 5.74582
4.1 5.74711
4.11 5.7484
4.12 5.74969
4.13 5.75097
4.14 5.75225
4.15 5.75353
4.16 5.7548
4.17 5.75608
4.18 5.75735
4.19 5.75861
4.2 5.75988
4.21 5.76114
4.22 5.7624
4.23 5.76366
4.24 5.76492
4.25 5.76617
4.26 5.76742
4.27 5.76868
4.28 5.76992
4.29 5.77117
4.3 5.77242
4.31 5.77366
4.32 5.7749
4.33 5.77614
4.34 5.77738
4.35 5.77862
4.36 5.77985
4.37 5.78109
4.38 5.78232
4.39 5.78355
4.4 5.78479
4.41 5.78602
4.42 5.78724
4.43 5.78847
4.44 5.7897
4.45 5.79093
4.46 5.79215
4.47 5.79338
4.48 5.7946
4.49 5.79582
4.5 5.79705
4.51 5.79827
4.52 5.79949
4.53 5.80071
4.54 5.80193
4.55 5.80316
4.56 5.80438
4.57 5.8056
4.58 5.80682
4.59 5.80804
4.6 5.80926
4.61 5.81048
4.62 5.81171
4.63 5.81293
4.64 5.81415
4.65 5.81538
4.66 5.8166
4.67 5.81782
4.68 5.81905
4.69 5.82028
4.7 5.8215
4.71 5.82273
4.72 5.82396
4.73 5.8252
4.74 5.82643
4.75 5.82766
4.76 5.8289
4.77 5.83014
4.78 5.83137
4.79 5.83262
4.8 5.83386
4.81 5.8351
4.82 5.83635
4.83 5.8376
4.84 5.83885
4.85 5.84011
4.86 5.84136
4.87 5.84262
4.88 5.84388
4.89 5.84515
4.9 5.84642
4.91 5.84769
4.92 5.84896
4.93 5.85024
4.94 5.85152
4.95 5.85281
4.96 5.8541
4.97 5.85539
4.98 5.85669
4.99 5.85799
5 5.8593
5.01 5.86061
5.02 5.86192
5.03 5.86324
5.04 5.86456
5.05 5.86589
5.06 5.86723
5.07 5.86857
5.08 5.86991
5.09 5.87126
5.1 5.87261
5.11 5.87398
5.12 5.87534
5.13 5.87672
5.14 5.87809
5.15 5.87948
5.16 5.88087
5.17 5.88227
5.18 5.88367
5.19 5.88509
5.2 5.8865
5.21 5.88793
5.22 5.88936
5.23 5.8908
5.24 5.89225
5.25 5.8937
5.26 5.89517
5.27 5.89663
5.28 5.89811
5.29 5.8996
5.3 5.90109
5.31 5.90259
5.32 5.9041
5.33 5.90562
5.34 5.90715
5.35 5.90868
5.36 5.91022
5.37 5.91178
5.38 5.91334
5.39 5.91491
5.4 5.91648
5.41 5.91807
5.42 5.91967
5.43 5.92127
5.44 5.92288
5.45 5.92451
5.46 5.92614
5.47 5.92778
5.48 5.92943
5.49 5.93109
5.5 5.93275
5.51 5.93443
5.52 5.93611
5.53 5.93781
5.54 5.93951
5.55 5.94122
5.56 5.94294
5.57 5.94467
5.58 5.94641
5.59 5.94815
5.6 5.94991
5.61 5.95167
5.62 5.95344
5.63 5.95521
5.64 5.957
5.65 5.95879
5.66 5.96059
5.67 5.9624
5.68 5.96421
5.69 5.96603
5.7 5.96785
5.71 5.96968
5.72 5.97152
5.73 5.97336
5.74 5.97521
5.75 5.97706
5.76 5.97892
5.77 5.98078
5.78 5.98264
5.79 5.98451
5.8 5.98637
5.81 5.98824
5.82 5.99012
5.83 5.99199
5.84 5.99386
5.85 5.99573
5.86 5.99761
5.87 5.99948
5.88 6.00135
5.89 6.00321
5.9 6.00508
5.91 6.00694
5.92 6.00879
5.93 6.01064
5.94 6.01249
5.95 6.01432
5.96 6.01615
5.97 6.01797
5.98 6.01978
5.99 6.02159
6 6.02338
6.01 6.02515
6.02 6.02692
6.03 6.02867
6.04 6.03041
6.05 6.03213
6.06 6.03383
6.07 6.03552
6.08 6.03718
6.09 6.03883
6.1 6.04046
6.11 6.04206
6.12 6.04364
6.13 6.0452
6.14 6.04673
6.15 6.04823
6.16 6.0497
6.17 6.05115
6.18 6.05256
6.19 6.05394
6.2 6.05529
6.21 6.05661
6.22 6.05789
6.23 6.05913
6.24 6.06033
6.25 6.06149
6.26 6.06262
6.27 6.0637
6.28 6.06473
6.29 6.06572
6.3 6.06667
6.31 6.06756
6.32 6.06841
6.33 6.0692
6.34 6.06995
6.35 6.07064
6.36 6.07127
6.37 6.07185
6.38 6.07237
6.39 6.07284
6.4 6.07324
6.41 6.07358
6.42 6.07386
6.43 6.07408
6.44 6.07423
6.45 6.07431
6.46 6.07432
6.47 6.07427
6.48 6.07415
6.49 6.07395
6.5 6.07368
6.51 6.07334
6.52 6.07293
6.53 6.07244
6.54 6.07187
6.55 6.07122
6.56 6.0705
6.57 6.06969
6.58 6.06881
6.59 6.06784
6.6 6.0668
6.61 6.06567
6.62 6.06445
6.63 6.06316
6.64 6.06178
6.65 6.06031
6.66 6.05876
6.67 6.05712
6.68 6.05539
6.69 6.05358
6.7 6.05169
6.71 6.0497
6.72 6.04763
6.73 6.04547
6.74 6.04322
6.75 6.04088
6.76 6.03846
6.77 6.03595
6.78 6.03336
6.79 6.03067
6.8 6.0279
6.81 6.02505
6.82 6.0221
6.83 6.01908
6.84 6.01596
6.85 6.01277
6.86 6.00949
6.87 6.00612
6.88 6.00268
6.89 5.99915
6.9 5.99555
6.91 5.99186
6.92 5.9881
6.93 5.98426
6.94 5.98034
6.95 5.97634
6.96 5.97228
6.97 5.96814
6.98 5.96393
6.99 5.95964
7 5.95529
7.01 5.95087
7.02 5.94639
7.03 5.94184
7.04 5.93723
7.05 5.93255
7.06 5.92782
7.07 5.92302
7.08 5.91817
7.09 5.91326
7.1 5.9083
7.11 5.90329
7.12 5.89823
7.13 5.89312
7.14 5.88796
7.15 5.88275
7.16 5.8775
7.17 5.87221
7.18 5.86688
7.19 5.8615
7.2 5.85609
7.21 5.85065
7.22 5.84517
7.23 5.83966
7.24 5.83412
7.25 5.82855
7.26 5.82295
7.27 5.81733
7.28 5.81168
7.29 5.80602
7.3 5.80033
7.31 5.79462
7.32 5.78889
7.33 5.78315
7.34 5.77739
7.35 5.77162
7.36 5.76584
7.37 5.76004
7.38 5.75424
7.39 5.74843
7.4 5.74262
7.41 5.7368
7.42 5.73098
7.43 5.72515
7.44 5.71933
7.45 5.7135
7.46 5.70768
7.47 5.70186
7.48 5.69604
7.49 5.69023
7.5 5.68443
7.51 5.67863
7.52 5.67284
7.53 5.66706
7.54 5.66129
7.55 5.65553
7.56 5.64978
7.57 5.64405
7.58 5.63833
7.59 5.63262
7.6 5.62694
7.61 5.62126
7.62 5.61561
7.63 5.60997
7.64 5.60435
7.65 5.59875
7.66 5.59317
7.67 5.58762
7.68 5.58208
7.69 5.57656
7.7 5.57107
7.71 5.5656
7.72 5.56016
7.73 5.55473
7.74 5.54934
7.75 5.54396
7.76 5.53862
7.77 5.5333
7.78 5.528
7.79 5.52274
7.8 5.51749
7.81 5.51228
7.82 5.5071
7.83 5.50194
7.84 5.49681
7.85 5.49171
7.86 5.48664
7.87 5.4816
7.88 5.47658
7.89 5.4716
7.9 5.46665
7.91 5.46173
7.92 5.45683
7.93 5.45197
7.94 5.44714
7.95 5.44234
7.96 5.43757
7.97 5.43283
7.98 5.42812
7.99 5.42344
8 5.4188
8.01 5.41418
8.02 5.4096
8.03 5.40505
8.04 5.40053
8.05 5.39604
8.06 5.39158
8.07 5.38715
8.08 5.38276
8.09 5.37839
8.1 5.37406
8.11 5.36976
8.12 5.36549
8.13 5.36126
8.14 5.35705
8.15 5.35287
8.16 5.34873
8.17 5.34462
8.18 5.34053
8.19 5.33648
8.2 5.33246
8.21 5.32847
8.22 5.32452
8.23 5.32059
8.24 5.31669
8.25 5.31282
8.26 5.30899
8.27 5.30518
8.28 5.3014
8.29 5.29766
8.3 5.29394
8.31 5.29025
8.32 5.28659
8.33 5.28297
8.34 5.27937
8.35 5.27579
8.36 5.27225
8.37 5.26874
8.38 5.26526
8.39 5.2618
8.4 5.25837
8.41 5.25497
8.42 5.2516
8.43 5.24826
8.44 5.24494
8.45 5.24165
8.46 5.23839
8.47 5.23515
8.48 5.23194
8.49 5.22876
8.5 5.22561
8.51 5.22248
8.52 5.21937
8.53 5.2163
8.54 5.21324
8.55 5.21022
8.56 5.20722
8.57 5.20424
8.58 5.20129
8.59 5.19836
8.6 5.19546
8.61 5.19258
8.62 5.18973
8.63 5.1869
8.64 5.1841
8.65 5.18131
8.66 5.17856
8.67 5.17582
8.68 5.17311
8.69 5.17042
8.7 5.16775
8.71 5.16511
8.72 5.16248
8.73 5.15988
8.74 5.1573
8.75 5.15475
8.76 5.15221
8.77 5.1497
8.78 5.1472
8.79 5.14473
8.8 5.14228
8.81 5.13985
8.82 5.13744
8.83 5.13505
8.84 5.13267
8.85 5.13032
8.86 5.12799
8.87 5.12568
8.88 5.12338
8.89 5.12111
8.9 5.11885
8.91 5.11662
8.92 5.1144
8.93 5.1122
8.94 5.11002
8.95 5.10785
8.96 5.1057
8.97 5.10357
8.98 5.10146
8.99 5.09937
9 5.09729
9.01 5.09523
9.02 5.09318
9.03 5.09116
9.04 5.08915
9.05 5.08715
9.06 5.08517
9.07 5.08321
9.08 5.08126
9.09 5.07933
9.1 5.07741
9.11 5.07551
9.12 5.07362
9.13 5.07175
9.14 5.06989
9.15 5.06805
9.16 5.06622
9.17 5.06441
9.18 5.06261
9.19 5.06082
9.2 5.05905
9.21 5.05729
9.22 5.05555
9.23 5.05381
9.24 5.0521
9.25 5.05039
9.26 5.0487
9.27 5.04702
9.28 5.04535
9.29 5.0437
9.3 5.04205
9.31 5.04042
9.32 5.03881
9.33 5.0372
9.34 5.03561
9.35 5.03402
9.36 5.03245
9.37 5.03089
9.38 5.02934
9.39 5.02781
9.4 5.02628
9.41 5.02477
9.42 5.02326
9.43 5.02177
9.44 5.02029
9.45 5.01881
9.46 5.01735
9.47 5.0159
9.48 5.01446
9.49 5.01302
9.5 5.0116
9.51 5.01019
9.52 5.00879
9.53 5.00739
9.54 5.00601
9.55 5.00464
9.56 5.00327
9.57 5.00191
9.58 5.00057
9.59 4.99923
9.6 4.9979
9.61 4.99658
9.62 4.99527
9.63 4.99396
9.64 4.99267
9.65 4.99138
9.66 4.9901
9.67 4.98883
9.68 4.98757
9.69 4.98631
9.7 4.98506
9.71 4.98383
9.72 4.98259
9.73 4.98137
9.74 4.98015
9.75 4.97894
9.76 4.97774
9.77 4.97655
9.78 4.97536
9.79 4.97418
9.8 4.973
9.81 4.97184
9.82 4.97068
9.83 4.96952
9.84 4.96838
9.85 4.96724
9.86 4.9661
9.87 4.96497
9.88 4.96385
9.89 4.96274
9.9 4.96163
9.91 4.96053
9.92 4.95943
9.93 4.95834
9.94 4.95726
9.95 4.95618
9.96 4.9551
9.97 4.95404
9.98 4.95297
9.99 4.95192
10 4.95087
10.001 5
