0 0
0.01 -0.112614
0.02 -0.113806
0.03 -0.114996
0.04 -0.116184
0.05 -0.11737
0.06 -0.118553
0.07 -0.119734
0.08 -0.120912
0.09 -0.122088
0.1 -0.123261
0.11 -0.124431
0.12 -0.125597
0.13 -0.126761
0.14 -0.127921
0.15 -0.129078
0.16 -0.130231
0.17 -0.13138
0.18 -0.132525
0.19 -0.133667
0.2 -0.134804
0.21 -0.135936
0.22 -0.137065
0.23 -0.138188
0.24 -0.139307
0.25 -0.14042
0.26 -0.141529
0.27 -0.142632
0.28 -0.143729
0.29 -0.144821
0.3 -0.145907
0.31 -0.146987
0.32 -0.14806
0.33 -0.149128
0.34 -0.150188
0.35 -0.151242
0.36 -0.152289
0.37 -0.153329
0.38 -0.154361
0.39 -0.155386
0.4 -0.156402
0.41 -0.157411
0.42 -0.158412
0.43 -0.159404
0.44 -0.160388
0.45 -0.161362
0.46 -0.162328
0.47 -0.163284
0.48 -0.164231
0.49 -0.165168
0.5 -0.166096
0.51 -0.167012
0.52 -0.167919
0.53 -0.168815
0.54 -0.1697
0.55 -0.170573
0.56 -0.171436
0.57 -0.172286
0.58 -0.173125
0.59 -0.173951
0.6 -0.174766
0.61 -0.175567
0.62 -0.176356
0.63 -0.177131
0.64 -0.177893
0.65 -0.178641
0.66 -0.179375
0.67 -0.180095
0.68 -0.1808
0.69 -0.181491
0.7 -0.182166
0.71 -0.182826
0.72 -0.183471
0.73 -0.1841
0.74 -0.184712
0.75 -0.185308
0.76 -0.185887
0.77 -0.186449
0.78 -0.186994
0.79 -0.187521
0.8 -0.188031
0.81 -0.188522
0.82 -0.188995
0.83 -0.189449
0.84 -0.189884
0.85 -0.190299
0.86 -0.190695
0.87 -0.191071
0.88 -0.191427
0.89 -0.191762
0.9 -0.192077
0.91 -0.19237
0.92 -0.192642
0.93 -0.192892
0.94 -0.193121
0.95 -0.193327
0.96 -0.19351
0.97 -0.193671
0.98 -0.193809
0.99 -0.193923
1 -0.194014
1.01 -0.19408
1.02 -0.194123
1.03 -0.194141
1.04 -0.194134
1.05 -0.194102
1.06 -0.194044
1.07 -0.193961
1.08 -0.193852
1.09 -0.193717
1.1 -0.193555
1.11 -0.193367
1.12 -0.193152
1.13 -0.192909
1.14 -0.192639
1.15 -0.192341
1.16 -0.192016
1.17 -0.191662
1.18 -0.191279
1.19 -0.190868
1.2 -0.190428
1.21 -0.189959
1.22 -0.18946
1.23 -0.188932
1.24 -0.188374
1.25 -0.187786
1.26 -0.187167
1.27 -0.186519
1.28 -0.185839
1.29 -0.185129
1.3 -0.184388
1.31 -0.183615
1.32 -0.182811
1.33 -0.181976
1.34 -0.181109
1.35 -0.18021
1.36 -0.179279
1.37 -0.178316
1.38 -0.17732
1.39 -0.176293
1.4 -0.175233
1.41 -0.17414
1.42 -0.173014
1.43 -0.171856
1.44 -0.170665
1.45 -0.16944
1.46 -0.168183
1.47 -0.166893
1.48 -0.165569
1.49 -0.164213
1.5 -0.162823
1.51 -0.1614
1.52 -0.159943
1.53 -0.158453
1.54 -0.15693
1.55 -0.155374
1.56 -0.153785
1.57 -0.152162
1.58 -0.150506
1.59 -0.148817
1.6 -0.147096
1.61 -0.145341
1.62 -0.143553
1.63 -0.141733
1.64 -0.13988
1.65 -0.137994
1.66 -0.136076
1.67 -0.134126
1.68 -0.132144
1.69 -0.130129
1.7 -0.128083
1.71 -0.126006
1.72 -0.123897
1.73 -0.121757
1.74 -0.119586
1.75 -0.117384
1.76 -0.115152
1.77 -0.112889
1.78 -0.110597
1.79 -0.108275
1.8 -0.105924
1.81 -0.103543
1.82 -0.101134
1.83 -0.0986965
1.84 -0.0962307
1.85 -0.0937371
1.86 -0.0912161
1.87 -0.088668
1.88 -0.0860932
1.89 -0.0834921
1.9 -0.080865
1.91 -0.0782123
1.92 -0.0755345
1.93 -0.0728319
1.94 -0.0701049
1.95 -0.0673541
1.96 -0.0645798
1.97 -0.0617824
1.98 -0.0589624
1.99 -0.0561203
2 -0.0532564
2.01 -0.0503713
2.02 -0.0474655
2.03 -0.0445393
2.04 -0.0415933
2.05 -0.0386279
2.06 -0.0356437
2.07 -0.032641
2.08 -0.0296204
2.09 -0.0265824
2.1 -0.0235275
2.11 -0.0204561
2.12 -0.0173687
2.13 -0.0142658
2.14 -0.011148
2.15 -0.00801558
2.16 -0.00486917
2.17 -0.00170921
2.18 0.00146381
2.19 0.00464942
2.2 0.00784715
2.21 0.0110565
2.22 0.0142771
2.23 0.0175083
2.24 0.0207498
2.25 0.0240011
2.26 0.0272618
2.27 0.0305314
2.28 0.0338095
2.29 0.0370956
2.3 0.0403893
2.31 0.0436902
2.32 0.046998
2.33 0.0503121
2.34 0.0536323
2.35 0.056958
2.36 0.060289
2.37 0.0636249
2.38 0.0669652
2.39 0.0703097
2.4 0.0736581
2.41 0.0770099
2.42 0.0803648
2.43 0.0837226
2.44 0.0870829
2.45 0.0904453
2.46 0.0938098
2.47 0.0971758
2.48 0.100543
2.49 0.103912
2.5 0.107281
2.51 0.110651
2.52 0.114021
2.53 0.117392
2.54 0.120762
2.55 0.124132
2.56 0.127501
2.57 0.13087
2.58 0.134238
2.59 0.137605
2.6 0.14097
2.61 0.144334
2.62 0.147697
2.63 0.151057
2.64 0.154416
2.65 0.157773
2.66 0.161128
2.67 0.16448
2.68 0.16783
2.69 0.171177
2.7 0.174522
2.71 0.177864
2.72 0.181203
2.73 0.18454
2.74 0.187873
2.75 0.191203
2.76 0.19453
2.77 0.197854
2.78 0.201174
2.79 0.204491
2.8 0.207805
2.81 0.211115
2.82 0.214422
2.83 0.217725
2.84 0.221024
2.85 0.22432
2.86 0.227612
2.87 0.2309
2.88 0.234185
2.89 0.237465
2.9 0.240742
2.91 0.244015
2.92 0.247284
2.93 0.250549
2.94 0.25381
2.95 0.257067
2.96 0.26032
2.97 0.263569
2.98 0.266814
2.99 0.270055
3 0.273292
3.01 0.276525
3.02 0.279754
3.03 0.282979
3.04 0.2862
3.05 0.289416
3.06 0.292629
3.07 0.295837
3.08 0.299041
3.09 0.302242
3.1 0.305438
3.11 0.30863
3.12 0.311817
3.13 0.315001
3.14 0.318181
3.15 0.321356
3.16 0.324528
3.17 0.327695
3.18 0.330858
3.19 0.334017
3.2 0.337172
3.21 0.340323
3.22 0.34347
3.23 0.346613
3.24 0.349752
3.25 0.352886
3.26 0.356017
3.27 0.359143
3.28 0.362266
3.29 0.365384
3.3 0.368499
3.31 0.371609
3.32 0.374715
3.33 0.377818
3.34 0.380916
3.35 0.384011
3.36 0.387101
3.37 0.390188
3.38 0.39327
3.39 0.396349
3.4 0.399424
3.41 0.402495
3.42 0.405562
3.43 0.408625
3.44 0.411685
3.45 0.41474
3.46 0.417792
3.47 0.42084
3.48 0.423884
3.49 0.426924
3.5 0.429961
3.51 0.432994
3.52 0.436023
3.53 0.439049
3.54 0.442071
3.55 0.44509
3.56 0.448104
3.57 0.451116
3.58 0.454123
3.59 0.457128
3.6 0.460128
3.61 0.463126
3.62 0.466119
3.63 0.46911
3.64 0.472097
3.65 0.475081
3.66 0.478061
3.67 0.481038
3.68 0.484012
3.69 0.486983
3.7 0.48995
3.71 0.492914
3.72 0.495875
3.73 0.498833
3.74 0.501788
3.75 0.50474
3.76 0.507689
3.77 0.510635
3.78 0.513579
3.79 0.516519
3.8 0.519456
3.81 0.522391
3.82 0.525323
3.83 0.528252
3.84 0.531179
3.85 0.534103
3.86 0.537024
3.87 0.539943
3.88 0.54286
3.89 0.545773
3.9 0.548685
3.91 0.551594
3.92 0.554501
3.93 0.557406
3.94 0.560308
3.95 0.563209
3.96 0.566107
3.97 0.569003
3.98 0.571897
3.99 0.574789
4 0.57768
4.01 0.580568
4.02 0.583455
4.03 0.58634
4.04 0.589223
4.05 0.592104
4.06 0.594984
4.07 0.597863
4.08 0.60074
4.09 0.603616
4.1 0.60649
4.11 0.609363
4.12 0.612235
4.13 0.615105
4.14 0.617975
4.15 0.620843
4.16 0.623711
4.17 0.626577
4.18 0.629443
4.19 0.632307
4.2 0.635172
4.21 0.638035
4.22 0.640898
4.23 0.64376
4.24 0.646622
4.25 0.649483
4.26 0.652344
4.27 0.655205
4.28 0.658065
4.29 0.660925
4.3 0.663786
4.31 0.666646
4.32 0.669506
4.33 0.672366
4.34 0.675227
4.35 0.678088
4.36 0.680949
4.37 0.68381
4.38 0.686672
4.39 0.689535
4.4 0.692398
4.41 0.695261
4.42 0.698126
4.43 0.700991
4.44 0.703857
4.45 0.706725
4.46 0.709593
4.47 0.712462
4.48 0.715333
4.49 0.718205
4.5 0.721078
4.51 0.723952
4.52 0.726828
4.53 0.729706
4.54 0.732585
4.55 0.735466
4.56 0.738349
4.57 0.741234
4.58 0.74412
4.59 0.747009
4.6 0.7499
4.61 0.752793
4.62 0.755688
4.63 0.758586
4.64 0.761486
4.65 0.764388
4.66 0.767294
4.67 0.770201
4.68 0.773112
4.69 0.776026
4.7 0.778942
4.71 0.781861
4.72 0.784784
4.73 0.787709
4.74 0.790638
4.75 0.793571
4.76 0.796506
4.77 0.799446
4.78 0.802388
4.79 0.805335
4.8 0.808285
4.81 0.811239
4.82 0.814197
4.83 0.81716
4.84 0.820126
4.85 0.823096
4.86 0.826071
4.87 0.82905
4.88 0.832034
4.89 0.835022
4.9 0.838015
4.91 0.841013
4.92 0.844015
4.93 0.847022
4.94 0.850035
4.95 0.853052
4.96 0.856075
4.97 0.859103
4.98 0.862137
4.99 0.865176
5 0.86822
5.01 0.87127
5.02 0.874326
5.03 0.877388
5.04 0.880456
5.05 0.88353
5.06 0.88661
5.07 0.889696
5.08 0.892789
5.09 0.895888
5.1 0.898994
5.11 0.902106
5.12 0.905226
5.13 0.908352
5.14 0.911485
5.15 0.914625
5.16 0.917772
5.17 0.920926
5.18 0.924088
5.19 0.927257
5.2 0.930434
5.21 0.933619
5.22 0.936811
5.23 0.940011
5.24 0.94322
5.25 0.946436
5.26 0.949661
5.27 0.952894
5.28 0.956135
5.29 0.959385
5.3 0.962643
5.31 0.965911
5.32 0.969187
5.33 0.972472
5.34 0.975767
5.35 0.97907
5.36 0.982383
5.37 0.985705
5.38 0.989037
5.39 0.992379
5.4 0.99573
5.41 0.999091
5.42 1.00246
5.43 1.00584
5.44 1.00924
5.45 1.01264
5.46 1.01605
5.47 1.01947
5.48 1.02291
5.49 1.02635
5.5 1.02981
5.51 1.03327
5.52 1.03675
5.53 1.04024
5.54 1.04374
5.55 1.04726
5.56 1.05078
5.57 1.05432
5.58 1.05787
5.59 1.06143
5.6 1.065
5.61 1.06858
5.62 1.07218
5.63 1.07579
5.64 1.07941
5.65 1.08305
5.66 1.0867
5.67 1.09036
5.68 1.09404
5.69 1.09773
5.7 1.10143
5.71 1.10514
5.72 1.10887
5.73 1.11262
5.74 1.11638
5.75 1.12015
5.76 1.12394
5.77 1.12774
5.78 1.13156
5.79 1.13539
5.8 1.13923
5.81 1.14309
5.82 1.14697
5.83 1.15086
5.84 1.15477
5.85 1.15869
5.86 1.16263
5.87 1.16659
5.88 1.17056
5.89 1.17455
5.9 1.17855
5.91 1.18257
5.92 1.18661
5.93 1.19067
5.94 1.19474
5.95 1.19883
5.96 1.20293
5.97 1.20706
5.98 1.2112
5.99 1.21536
6 1.21953
6.01 1.22373
6.02 1.22794
6.03 1.23217
6.04 1.23643
6.05 1.24069
6.06 1.24498
6.07 1.24929
6.08 1.25362
6.09 1.25796
6.1 1.26233
6.11 1.26671
6.12 1.27112
6.13 1.27554
6.14 1.27999
6.15 1.28445
6.16 1.28894
6.17 1.29345
6.18 1.29797
6.19 1.30252
6.2 1.30709
6.21 1.31168
6.22 1.31629
6.23 1.32092
6.24 1.32558
6.25 1.33026
6.26 1.33496
6.27 1.33968
6.28 1.34442
6.29 1.34918
6.3 1.35397
6.31 1.35878
6.32 1.36362
6.33 1.36847
6.34 1.37335
6.35 1.37825
6.36 1.38318
6.37 1.38813
6.38 1.3931
6.39 1.3981
6.4 1.40312
6.41 1.40817
6.42 1.41324
6.43 1.41833
6.44 1.42345
6.45 1.42859
6.46 1.43376
6.47 1.43895
6.48 1.44417
6.49 1.44941
6.5 1.45468
6.51 1.45997
6.52 1.46529
6.53 1.47063
6.54 1.476
6.55 1.4814
6.56 1.48682
6.57 1.49227
6.58 1.49774
6.59 1.50324
6.6 1.50877
6.61 1.51432
6.62 1.5199
6.63 1.5255
6.64 1.53113
6.65 1.53679
6.66 1.54247
6.67 1.54819
6.68 1.55392
6.69 1.55969
6.7 1.56548
6.71 1.5713
6.72 1.57715
6.73 1.58302
6.74 1.58892
6.75 1.59485
6.76 1.6008
6.77 1.60679
6.78 1.6128
6.79 1.61883
6.8 1.6249
6.81 1.63099
6.82 1.63711
6.83 1.64326
6.84 1.64943
6.85 1.65563
6.86 1.66186
6.87 1.66812
6.88 1.6744
6.89 1.68071
6.9 1.68705
6.91 1.69342
6.92 1.69981
6.93 1.70624
6.94 1.71269
6.95 1.71916
6.96 1.72567
6.97 1.7322
6.98 1.73876
6.99 1.74534
7 1.75196
7.01 1.7586
7.02 1.76527
7.03 1.77196
7.04 1.77869
7.05 1.78544
7.06 1.79222
7.07 1.79902
7.08 1.80585
7.09 1.81271
7.1 1.8196
7.11 1.82651
7.12 1.83345
7.13 1.84042
7.14 1.84741
7.15 1.85443
7.16 1.86148
7.17 1.86856
7.18 1.87566
7.19 1.88279
7.2 1.88994
7.21 1.89713
7.22 1.90434
7.23 1.91157
7.24 1.91884
7.25 1.92613
7.26 1.93345
7.27 1.9408
7.28 1.94817
7.29 1.95557
7.3 1.963
7.31 1.97045
7.32 1.97794
7.33 1.98545
7.34 1.99299
7.35 2.00056
7.36 2.00815
7.37 2.01578
7.38 2.02343
7.39 2.03111
7.4 2.03882
7.41 2.04656
7.42 2.05433
7.43 2.06213
7.44 2.06996
7.45 2.07782
7.46 2.08572
7.47 2.09364
7.48 2.10159
7.49 2.10958
7.5 2.1176
7.51 2.12565
7.52 2.13373
7.53 2.14185
7.54 2.15001
7.55 2.15819
7.56 2.16642
7.57 2.17468
7.58 2.18297
7.59 2.1913
7.6 2.19967
7.61 2.20808
7.62 2.21653
7.63 2.22502
7.64 2.23355
7.65 2.24212
7.66 2.25073
7.67 2.25939
7.68 2.26809
7.69 2.27684
7.7 2.28563
7.71 2.29447
7.72 2.30335
7.73 2.31229
7.74 2.32127
7.75 2.33031
7.76 2.33939
7.77 2.34853
7.78 2.35773
7.79 2.36698
7.8 2.37628
7.81 2.38564
7.82 2.39507
7.83 2.40455
7.84 2.41409
7.85 2.42369
7.86 2.43336
7.87 2.44309
7.88 2.45289
7.89 2.46275
7.9 2.47268
7.91 2.48268
7.92 2.49275
7.93 2.5029
7.94 2.51311
7.95 2.5234
7.96 2.53377
7.97 2.54421
7.98 2.55473
7.99 2.56533
8 2.576
8.01 2.58676
8.02 2.5976
8.03 2.60853
8.04 2.61953
8.05 2.63062
8.06 2.6418
8.07 2.65307
8.08 2.66442
8.09 2.67586
8.1 2.68739
8.11 2.69901
8.12 2.71072
8.13 2.72251
8.14 2.73441
8.15 2.74639
8.16 2.75846
8.17 2.77063
8.18 2.78288
8.19 2.79523
8.2 2.80768
8.21 2.82021
8.22 2.83284
8.23 2.84555
8.24 2.85836
8.25 2.87126
8.26 2.88425
8.27 2.89733
8.28 2.9105
8.29 2.92375
8.3 2.93709
8.31 2.95052
8.32 2.96403
8.33 2.97762
8.34 2.9913
8.35 3.00505
8.36 3.01889
8.37 3.03279
8.38 3.04678
8.39 3.06083
8.4 3.07496
8.41 3.08915
8.42 3.1034
8.43 3.11772
8.44 3.1321
8.45 3.14654
8.46 3.16103
8.47 3.17558
8.48 3.19017
8.49 3.2048
8.5 3.21948
8.51 3.2342
8.52 3.24895
8.53 3.26374
8.54 3.27855
8.55 3.29339
8.56 3.30825
8.57 3.32313
8.58 3.33801
8.59 3.35291
8.6 3.36782
8.61 3.38273
8.62 3.39763
8.63 3.41253
8.64 3.42741
8.65 3.44229
8.66 3.45714
8.67 3.47197
8.68 3.48677
8.69 3.50154
8.7 3.51628
8.71 3.53098
8.72 3.54563
8.73 3.56023
8.74 3.57478
8.75 3.58928
8.76 3.60371
8.77 3.61808
8.78 3.63237
8.79 3.6466
8.8 3.66075
8.81 3.67481
8.82 3.68879
8.83 3.70268
8.84 3.71648
8.85 3.73018
8.86 3.74377
8.87 3.75726
8.88 3.77065
8.89 3.78392
8.9 3.79707
8.91 3.8101
8.92 3.82301
8.93 3.8358
8.94 3.84845
8.95 3.86097
8.96 3.87335
8.97 3.88559
8.98 3.89769
8.99 3.90964
9 3.92145
9.01 3.9331
9.02 3.9446
9.03 3.95595
9.04 3.96713
9.05 3.97815
9.06 3.98902
9.07 3.99971
9.08 4.01024
9.09 4.0206
9.1 4.03079
9.11 4.04081
9.12 4.05066
9.13 4.06034
9.14 4.06983
9.15 4.07916
9.16 4.0883
9.17 4.09727
9.18 4.10607
9.19 4.11468
9.2 4.12312
9.21 4.13138
9.22 4.13946
9.23 4.14736
9.24 4.15509
9.25 4.16264
9.26 4.17001
9.27 4.17721
9.28 4.18423
9.29 4.19108
9.3 4.19776
9.31 4.20427
9.32 4.2106
9.33 4.21677
9.34 4.22277
9.35 4.2286
9.36 4.23427
9.37 4.23977
9.38 4.24512
9.39 4.2503
9.4 4.25533
9.41 4.2602
9.42 4.26492
9.43 4.26949
9.44 4.2739
9.45 4.27817
9.46 4.2823
9.47 4.28628
9.48 4.29011
9.49 4.29381
9.5 4.29737
9.51 4.3008
9.52 4.30409
9.53 4.30726
9.54 4.31029
9.55 4.3132
9.56 4.31599
9.57 4.31865
9.58 4.32119
9.59 4.32362
9.6 4.32593
9.61 4.32813
9.62 4.33022
9.63 4.3322
9.64 4.33407
9.65 4.33583
9.66 4.3375
9.67 4.33906
9.68 4.34053
9.69 4.34189
9.7 4.34317
9.71 4.34435
9.72 4.34544
9.73 4.34644
9.74 4.34736
9.75 4.34818
9.76 4.34893
9.77 4.34959
9.78 4.35018
9.79 4.35068
9.8 4.35111
9.81 4.35147
9.82 4.35175
9.83 4.35196
9.84 4.35209
9.85 4.35216
9.86 4.35217
9.87 4.35211
9.88 4.35198
9.89 4.35179
9.9 4.35154
9.91 4.35123
9.92 4.35086
9.93 4.35043
9.94 4.34995
9.95 4.34941
9.96 4.34881
9.97 4.34817
9.98 4.34747
9.99 4.34673
10 4.34593
10.001 0
