0 5
0.01 4.18539
0.02 4.18642
0.03 4.18745
0.04 4.1885
0.05 4.18956
0.06 4.19063
0.07 4.19171
0.08 4.1928
0.09 4.1939
0.1 4.19502
0.11 4.19615
0.12 4.19728
0.13 4.19843
0.14 4.19959
0.15 4.20077
0.16 4.20195
0.17 4.20315
0.18 4.20436
0.19 4.20558
0.2 4.20681
0.21 4.20806
0.22 4.20932
0.23 4.21059
0.24 4.21187
0.25 4.21317
0.26 4.21447
0.27 4.2158
0.28 4.21713
0.29 4.21848
0.3 4.21984
0.31 4.22121
0.32 4.22259
0.33 4.22399
0.34 4.22541
0.35 4.22683
0.36 4.22827
0.37 4.22972
0.38 4.23119
0.39 4.23266
0.4 4.23416
0.41 4.23566
0.42 4.23718
0.43 4.23871
0.44 4.24026
0.45 4.24182
0.46 4.24339
0.47 4.24498
0.48 4.24658
0.49 4.24819
0.5 4.24982
0.51 4.25147
0.52 4.25312
0.53 4.25479
0.54 4.25648
0.55 4.25817
0.56 4.25989
0.57 4.26161
0.58 4.26335
0.59 4.26511
0.6 4.26688
0.61 4.26866
0.62 4.27046
0.63 4.27227
0.64 4.2741
0.65 4.27594
0.66 4.27779
0.67 4.27966
0.68 4.28154
0.69 4.28344
0.7 4.28535
0.71 4.28728
0.72 4.28922
0.73 4.29118
0.74 4.29315
0.75 4.29513
0.76 4.29713
0.77 4.29915
0.78 4.30118
0.79 4.30322
0.8 4.30528
0.81 4.30735
0.82 4.30944
0.83 4.31155
0.84 4.31367
0.85 4.3158
0.86 4.31795
0.87 4.32011
0.88 4.32229
0.89 4.32449
0.9 4.3267
0.91 4.32893
0.92 4.33117
0.93 4.33343
0.94 4.3357
0.95 4.33799
0.96 4.3403
0.97 4.34262
0.98 4.34496
0.99 4.34731
1 4.34968
1.01 4.35207
1.02 4.35447
1.03 4.3569
1.04 4.35933
1.05 4.36179
1.06 4.36426
1.07 4.36675
1.08 4.36926
1.09 4.37178
1.1 4.37432
1.11 4.37688
1.12 4.37946
1.13 4.38206
1.14 4.38467
1.15 4.38731
1.16 4.38996
1.17 4.39263
1.18 4.39532
1.19 4.39803
1.2 4.40076
1.21 4.40351
1.22 4.40628
1.23 4.40907
1.24 4.41188
1.25 4.41471
1.26 4.41756
1.27 4.42043
1.28 4.42333
1.29 4.42624
1.3 4.42918
1.31 4.43214
1.32 4.43512
1.33 4.43812
1.34 4.44115
1.35 4.4442
1.36 4.44727
1.37 4.45037
1.38 4.45349
1.39 4.45664
1.4 4.45981
1.41 4.463
1.42 4.46622
1.43 4.46947
1.44 4.47274
1.45 4.47603
1.46 4.47936
1.47 4.4827
1.48 4.48608
1.49 4.48948
1.5 4.49291
1.51 4.49637
1.52 4.49985
1.53 4.50337
1.54 4.50691
1.55 4.51048
1.56 4.51408
1.57 4.5177
1.58 4.52136
1.59 4.52505
1.6 4.52876
1.61 4.53251
1.62 4.53629
1.63 4.5401
1.64 4.54394
1.65 4.54781
1.66 4.55171
1.67 4.55564
1.68 4.55961
1.69 4.5636
1.7 4.56763
1.71 4.5717
1.72 4.57579
1.73 4.57992
1.74 4.58408
1.75 4.58827
1.76 4.5925
1.77 4.59675
1.78 4.60105
1.79 4.60537
1.8 4.60973
1.81 4.61413
1.82 4.61855
1.83 4.62301
1.84 4.62751
1.85 4.63204
1.86 4.6366
1.87 4.6412
1.88 4.64583
1.89 4.65049
1.9 4.65519
1.91 4.65992
1.92 4.66468
1.93 4.66948
1.94 4.67431
1.95 4.67917
1.96 4.68407
1.97 4.689
1.98 4.69396
1.99 4.69895
2 4.70398
2.01 4.70904
2.02 4.71413
2.03 4.71925
2.04 4.7244
2.05 4.72958
2.06 4.73479
2.07 4.74003
2.08 4.7453
2.09 4.7506
2.1 4.75593
2.11 4.76128
2.12 4.76667
2.13 4.77208
2.14 4.77751
2.15 4.78297
2.16 4.78846
2.17 4.79397
2.18 4.79951
2.19 4.80507
2.2 4.81065
2.21 4.81625
2.22 4.82188
2.23 4.82753
2.24 4.83319
2.25 4.83888
2.26 4.84458
2.27 4.85031
2.28 4.85605
2.29 4.8618
2.3 4.86757
2.31 4.87336
2.32 4.87916
2.33 4.88497
2.34 4.8908
2.35 4.89663
2.36 4.90248
2.37 4.90834
2.38 4.9142
2.39 4.92008
2.4 4.92596
2.41 4.93185
2.42 4.93774
2.43 4.94363
2.44 4.94953
2.45 4.95544
2.46 4.96134
2.47 4.96725
2.48 4.97315
2.49 4.97906
2.5 4.98496
2.51 4.99086
2.52 4.99676
2.53 5.00265
2.54 5.00854
2.55 5.01442
2.56 5.0203
2.57 5.02616
2.58 5.03202
2.59 5.03787
2.6 5.04371
2.61 5.04954
2.62 5.05536
2.63 5.06116
2.64 5.06695
2.65 5.07273
2.66 5.07849
2.67 5.08423
2.68 5.08997
2.69 5.09568
2.7 5.10137
2.71 5.10705
2.72 5.11271
2.73 5.11835
2.74 5.12397
2.75 5.12957
2.76 5.13515
2.77 5.1407
2.78 5.14623
2.79 5.15174
2.8 5.15723
2.81 5.16269
2.82 5.16813
2.83 5.17355
2.84 5.17894
2.85 5.1843
2.86 5.18964
2.87 5.19495
2.88 5.20023
2.89 5.20549
2.9 5.21072
2.91 5.21592
2.92 5.22109
2.93 5.22623
2.94 5.23135
2.95 5.23644
2.96 5.24149
2.97 5.24652
2.98 5.25152
2.99 5.25649
3 5.26143
3.01 5.26633
3.02 5.27121
3.03 5.27606
3.04 5.28088
3.05 5.28566
3.06 5.29042
3.07 5.29514
3.08 5.29983
3.09 5.3045
3.1 5.30913
3.11 5.31373
3.12 5.3183
3.13 5.32283
3.14 5.32734
3.15 5.33182
3.16 5.33626
3.17 5.34067
3.18 5.34505
3.19 5.34941
3.2 5.35373
3.21 5.35801
3.22 5.36227
3.23 5.3665
3.24 5.3707
3.25 5.37486
3.26 5.379
3.27 5.3831
3.28 5.38718
3.29 5.39122
3.3 5.39524
3.31 5.39922
3.32 5.40318
3.33 5.4071
3.34 5.411
3.35 5.41487
3.36 5.41871
3.37 5.42251
3.38 5.42629
3.39 5.43005
3.4 5.43377
3.41 5.43746
3.42 5.44113
3.43 5.44477
3.44 5.44838
3.45 5.45196
3.46 5.45552
3.47 5.45905
3.48 5.46255
3.49 5.46603
3.5 5.46948
3.51 5.4729
3.52 5.4763
3.53 5.47967
3.54 5.48301
3.55 5.48633
3.56 5.48963
3.57 5.4929
3.58 5.49614
3.59 5.49936
3.6 5.50256
3.61 5.50573
3.62 5.50888
3.63 5.512
3.64 5.51511
3.65 5.51818
3.66 5.52124
3.67 5.52427
3.68 5.52728
3.69 5.53026
3.7 5.53323
3.71 5.53617
3.72 5.53909
3.73 5.54199
3.74 5.54487
3.75 5.54772
3.76 5.55056
3.77 5.55338
3.78 5.55617
3.79 5.55894
3.8 5.5617
3.81 5.56443
3.82 5.56715
3.83 5.56984
3.84 5.57252
3.85 5.57517
3.86 5.57781
3.87 5.58043
3.88 5.58303
3.89 5.58562
3.9 5.58818
3.91 5.59073
3.92 5.59326
3.93 5.59577
3.94 5.59827
3.95 5.60074
3.96 5.6032
3.97 5.60565
3.98 5.60808
3.99 5.61049
4 5.61288
4.01 5.61526
4.02 5.61763
4.03 5.61997
4.04 5.62231
4.05 5.62463
4.06 5.62693
4.07 5.62922
4.08 5.63149
4.09 5.63375
4.1 5.63599
4.11 5.63822
4.12 5.64044
4.13 5.64264
4.14 5.64483
4.15 5.64701
4.16 5.64917
4.17 5.65132
4.18 5.65345
4.19 5.65558
4.2 5.65769
4.21 5.65978
4.22 5.66187
4.23 5.66394
4.24 5.666
4.25 5.66805
4.26 5.67009
4.27 5.67212
4.28 5.67413
4.29 5.67613
4.3 5.67812
4.31 5.6801
4.32 5.68207
4.33 5.68403
4.34 5.68598
4.35 5.68792
4.36 5.68985
4.37 5.69176
4.38 5.69367
4.39 5.69557
4.4 5.69745
4.41 5.69933
4.42 5.7012
4.43 5.70306
4.44 5.70491
4.45 5.70675
4.46 5.70858
4.47 5.7104
4.48 5.71221
4.49 5.71402
4.5 5.71581
4.51 5.7176
4.52 5.71938
4.53 5.72115
4.54 5.72291
4.55 5.72466
4.56 5.72641
4.57 5.72815
4.58 5.72988
4.59 5.7316
4.6 5.73331
4.61 5.73502
4.62 5.73672
4.63 5.73841
4.64 5.7401
4.65 5.74178
4.66 5.74345
4.67 5.74512
4.68 5.74677
4.69 5.74843
4.7 5.75007
4.71 5.75171
4.72 5.75334
4.73 5.75497
4.74 5.75659
4.75 5.7582
4.76 5.75981
4.77 5.76141
4.78 5.76301
4.79 5.7646
4.8 5.76618
4.81 5.76776
4.82 5.76933
4.83 5.7709
4.84 5.77246
4.85 5.77402
4.86 5.77557
4.87 5.77712
4.88 5.77866
4.89 5.7802
4.9 5.78173
4.91 5.78326
4.92 5.78478
4.93 5.7863
4.94 5.78781
4.95 5.78932
4.96 5.79083
4.97 5.79233
4.98 5.79383
4.99 5.79532
5 5.79681
5.01 5.79829
5.02 5.79977
5.03 5.80125
5.04 5.80272
5.05 5.80419
5.06 5.80565
5.07 5.80711
5.08 5.80857
5.09 5.81003
5.1 5.81148
5.11 5.81293
5.12 5.81437
5.13 5.81581
5.14 5.81725
5.15 5.81868
5.16 5.82012
5.17 5.82154
5.18 5.82297
5.19 5.82439
5.2 5.82581
5.21 5.82723
5.22 5.82865
5.23 5.83006
5.24 5.83147
5.25 5.83288
5.26 5.83428
5.27 5.83568
5.28 5.83708
5.29 5.83848
5.3 5.83988
5.31 5.84127
5.32 5.84266
5.33 5.84405
5.34 5.84544
5.35 5.84682
5.36 5.84821
5.37 5.84959
5.38 5.85097
5.39 5.85235
5.4 5.85372
5.41 5.8551
5.42 5.85647
5.43 5.85784
5.44 5.85921
5.45 5.86058
5.46 5.86195
5.47 5.86332
5.48 5.86468
5.49 5.86605
5.5 5.86741
5.51 5.86877
5.52 5.87013
5.53 5.87149
5.54 5.87285
5.55 5.87421
5.56 5.87556
5.57 5.87692
5.58 5.87827
5.59 5.87963
5.6 5.88098
5.61 5.88234
5.62 5.88369
5.63 5.88504
5.64 5.88639
5.65 5.88774
5.66 5.88909
5.67 5.89044
5.68 5.89179
5.69 5.89314
5.7 5.89449
5.71 5.89584
5.72 5.89719
5.73 5.89854
5.74 5.89989
5.75 5.90124
5.76 5.90259
5.77 5.90394
5.78 5.90529
5.79 5.90664
5.8 5.90799
5.81 5.90934
5.82 5.91069
5.83 5.91204
5.84 5.91339
5.85 5.91474
5.86 5.91609
5.87 5.91744
5.88 5.9188
5.89 5.92015
5.9 5.92151
5.91 5.92286
5.92 5.92422
5.93 5.92557
5.94 5.92693
5.95 5.92829
5.96 5.92965
5.97 5.93101
5.98 5.93237
5.99 5.93373
6 5.93509
6.01 5.93645
6.02 5.93782
6.03 5.93919
6.04 5.94055
6.05 5.94192
6.06 5.94329
6.07 5.94466
6.08 5.94603
6.09 5.94741
6.1 5.94878
6.11 5.95016
6.12 5.95154
6.13 5.95292
6.14 5.9543
6.15 5.95568
6.16 5.95707
6.17 5.95845
6.18 5.95984
6.19 5.96123
6.2 5.96262
6.21 5.96401
6.22 5.96541
6.23 5.9668
6.24 5.9682
6.25 5.9696
6.26 5.971
6.27 5.97241
6.28 5.97382
6.29 5.97522
6.3 5.97663
6.31 5.97805
6.32 5.97946
6.33 5.98088
6.34 5.9823
6.35 5.98372
6.36 5.98514
6.37 5.98657
6.38 5.988
6.39 5.98943
6.4 5.99086
6.41 5.9923
6.42 5.99373
6.43 5.99517
6.44 5.99662
6.45 5.99806
6.46 5.99951
6.47 6.00096
6.48 6.00241
6.49 6.00387
6.5 6.00533
6.51 6.00679
6.52 6.00825
6.53 6.00972
6.54 6.01119
6.55 6.01266
6.56 6.01413
6.57 6.01561
6.58 6.01709
6.59 6.01857
6.6 6.02006
6.61 6.02155
6.62 6.02304
6.63 6.02454
6.64 6.02603
6.65 6.02753
6.66 6.02904
6.67 6.03054
6.68 6.03205
6.69 6.03357
6.7 6.03508
6.71 6.0366
6.72 6.03812
6.73 6.03965
6.74 6.04117
6.75 6.04271
6.76 6.04424
6.77 6.04578
6.78 6.04732
6.79 6.04886
6.8 6.05041
6.81 6.05196
6.82 6.05351
6.83 6.05507
6.84 6.05663
6.85 6.05819
6.86 6.05976
6.87 6.06133
6.88 6.0629
6.89 6.06448
6.9 6.06606
6.91 6.06764
6.92 6.06923
6.93 6.07082
6.94 6.07241
6.95 6.07401
6.96 6.07561
6.97 6.07721
6.98 6.07882
6.99 6.08043
7 6.08204
7.01 6.08366
7.02 6.08528
7.03 6.0869
7.04 6.08853
7.05 6.09016
7.06 6.0918
7.07 6.09344
7.08 6.09508
7.09 6.09672
7.1 6.09837
7.11 6.10002
7.12 6.10168
7.13 6.10334
7.14 6.105
7.15 6.10667
7.16 6.10834
7.17 6.11002
7.18 6.1117
7.19 6.11338
7.2 6.11506
7.21 6.11675
7.22 6.11845
7.23 6.12015
7.24 6.12185
7.25 6.12355
7.26 6.12526
7.27 6.12698
7.28 6.12869
7.29 6.13042
7.3 6.13214
7.31 6.13387
7.32 6.13561
7.33 6.13734
7.34 6.13909
7.35 6.14083
7.36 6.14259
7.37 6.14434
7.38 6.1461
7.39 6.14787
7.4 6.14964
7.41 6.15141
7.42 6.15319
7.43 6.15498
7.44 6.15677
7.45 6.15856
7.46 6.16036
7.47 6.16216
7.48 6.16397
7.49 6.16578
7.5 6.1676
7.51 6.16943
7.52 6.17126
7.53 6.17309
7.54 6.17493
7.55 6.17678
7.56 6.17863
7.57 6.18049
7.58 6.18235
7.59 6.18422
7.6 6.1861
7.61 6.18798
7.62 6.18986
7.63 6.19175
7.64 6.19365
7.65 6.19556
7.66 6.19747
7.67 6.19939
7.68 6.20131
7.69 6.20324
7.7 6.20517
7.71 6.20711
7.72 6.20906
7.73 6.21102
7.74 6.21298
7.75 6.21494
7.76 6.21691
7.77 6.21889
7.78 6.22088
7.79 6.22287
7.8 6.22486
7.81 6.22687
7.82 6.22887
7.83 6.23089
7.84 6.23291
7.85 6.23493
7.86 6.23696
7.87 6.23899
7.88 6.24103
7.89 6.24307
7.9 6.24512
7.91 6.24717
7.92 6.24922
7.93 6.25128
7.94 6.25333
7.95 6.2554
7.96 6.25746
7.97 6.25952
7.98 6.26159
7.99 6.26365
8 6.26571
8.01 6.26777
8.02 6.26983
8.03 6.27189
8.04 6.27395
8.05 6.27599
8.06 6.27804
8.07 6.28008
8.08 6.28211
8.09 6.28413
8.1 6.28614
8.11 6.28814
8.12 6.29013
8.13 6.29211
8.14 6.29407
8.15 6.29601
8.16 6.29794
8.17 6.29985
8.18 6.30174
8.19 6.3036
8.2 6.30544
8.21 6.30726
8.22 6.30904
8.23 6.3108
8.24 6.31252
8.25 6.31421
8.26 6.31586
8.27 6.31747
8.28 6.31905
8.29 6.32057
8.3 6.32205
8.31 6.32349
8.32 6.32486
8.33 6.32619
8.34 6.32746
8.35 6.32866
8.36 6.32981
8.37 6.33088
8.38 6.33189
8.39 6.33282
8.4 6.33368
8.41 6.33446
8.42 6.33515
8.43 6.33576
8.44 6.33628
8.45 6.33671
8.46 6.33704
8.47 6.33727
8.48 6.33739
8.49 6.33741
8.5 6.33732
8.51 6.33711
8.52 6.33678
8.53 6.33633
8.54 6.33576
8.55 6.33506
8.56 6.33422
8.57 6.33325
8.58 6.33214
8.59 6.33089
8.6 6.32949
8.61 6.32795
8.62 6.32625
8.63 6.32439
8.64 6.32238
8.65 6.32021
8.66 6.31788
8.67 6.31538
8.68 6.31271
8.69 6.30987
8.7 6.30686
8.71 6.30367
8.72 6.30031
8.73 6.29678
8.74 6.29306
8.75 6.28917
8.76 6.2851
8.77 6.28085
8.78 6.27641
8.79 6.2718
8.8 6.267
8.81 6.26203
8.82 6.25688
8.83 6.25155
8.84 6.24604
8.85 6.24035
8.86 6.2345
8.87 6.22847
8.88 6.22227
8.89 6.2159
8.9 6.20937
8.91 6.20268
8.92 6.19583
8.93 6.18882
8.94 6.18166
8.95 6.17436
8.96 6.16691
8.97 6.15932
8.98 6.1516
8.99 6.14374
9 6.13576
9.01 6.12766
9.02 6.11944
9.03 6.11111
9.04 6.10267
9.05 6.09413
9.06 6.0855
9.07 6.07677
9.08 6.06796
9.09 6.05907
9.1 6.0501
9.11 6.04107
9.12 6.03197
9.13 6.02281
9.14 6.0136
9.15 6.00434
9.16 5.99503
9.17 5.98569
9.18 5.97631
9.19 5.96691
9.2 5.95748
9.21 5.94804
9.22 5.93858
9.23 5.92911
9.24 5.91964
9.25 5.91016
9.26 5.90069
9.27 5.89123
9.28 5.88177
9.29 5.87234
9.3 5.86292
9.31 5.85352
9.32 5.84415
9.33 5.8348
9.34 5.82549
9.35 5.81622
9.36 5.80698
9.37 5.79778
9.38 5.78862
9.39 5.77951
9.4 5.77045
9.41 5.76143
9.42 5.75247
9.43 5.74356
9.44 5.7347
9.45 5.72591
9.46 5.71717
9.47 5.70849
9.48 5.69987
9.49 5.69131
9.5 5.68282
9.51 5.67439
9.52 5.66603
9.53 5.65773
9.54 5.6495
9.55 5.64134
9.56 5.63325
9.57 5.62523
9.58 5.61727
9.59 5.60939
9.6 5.60158
9.61 5.59384
9.62 5.58616
9.63 5.57856
9.64 5.57104
9.65 5.56358
9.66 5.55619
9.67 5.54888
9.68 5.54163
9.69 5.53446
9.7 5.52736
9.71 5.52032
9.72 5.51336
9.73 5.50647
9.74 5.49965
9.75 5.4929
9.76 5.48621
9.77 5.4796
9.78 5.47305
9.79 5.46658
9.8 5.46017
9.81 5.45382
9.82 5.44754
9.83 5.44133
9.84 5.43519
9.85 5.42911
9.86 5.42309
9.87 5.41714
9.88 5.41125
9.89 5.40542
9.9 5.39966
9.91 5.39396
9.92 5.38832
9.93 5.38273
9.94 5.37721
9.95 5.37175
9.96 5.36634
9.97 5.361
9.98 5.35571
9.99 5.35048
10 5.3453
10.001 5
