0 -10
0.01 -8.52738
0.02 -8.52248
0.03 -8.51756
0.04 -8.51264
0.05 -8.5077
0.06 -8.50274
0.07 -8.49778
0.08 -8.4928
0.09 -8.48781
0.1 -8.48281
0.11 -8.4778
0.12 -8.47277
0.13 -8.46773
0.14 -8.46268
0.15 -8.45762
0.16 -8.45254
0.17 -8.44745
0.18 -8.44235
0.19 -8.43724
0.2 -8.43212
0.21 -8.42698
0.22 -8.42183
0.23 -8.41667
0.24 -8.4115
0.25 -8.40631
0.26 -8.40112
0.27 -8.39591
0.28 -8.39068
0.29 -8.38545
0.3 -8.3802
0.31 -8.37494
0.32 -8.36967
0.33 -8.36438
0.34 -8.35909
0.35 -8.35378
0.36 -8.34846
0.37 -8.34312
0.38 -8.33777
0.39 -8.33241
0.4 -8.32704
0.41 -8.32165
0.42 -8.31625
0.43 -8.31084
0.44 -8.30541
0.45 -8.29997
0.46 -8.29452
0.47 -8.28906
0.48 -8.28358
0.49 -8.27808
0.5 -8.27257
0.51 -8.26705
0.52 -8.26152
0.53 -8.25597
0.54 -8.2504
0.55 -8.24482
0.56 -8.23923
0.57 -8.23362
0.58 -8.22799
0.59 -8.22236
0.6 -8.2167
0.61 -8.21103
0.62 -8.20534
0.63 -8.19964
0.64 -8.19392
0.65 -8.18819
0.66 -8.18243
0.67 -8.17666
0.68 -8.17088
0.69 -8.16507
0.7 -8.15925
0.71 -8.15341
0.72 -8.14755
0.73 -8.14167
0.74 -8.13578
0.75 -8.12986
0.76 -8.12393
0.77 -8.11797
0.78 -8.112
0.79 -8.106
0.8 -8.09999
0.81 -8.09395
0.82 -8.08789
0.83 -8.08181
0.84 -8.0757
0.85 -8.06958
0.86 -8.06343
0.87 -8.05726
0.88 -8.05106
0.89 -8.04484
0.9 -8.03859
0.91 -8.03232
0.92 -8.02602
0.93 -8.0197
0.94 -8.01335
0.95 -8.00697
0.96 -8.00057
0.97 -7.99414
0.98 -7.98768
0.99 -7.98119
1 -7.97467
1.01 -7.96812
1.02 -7.96154
1.03 -7.95493
1.04 -7.94829
1.05 -7.94161
1.06 -7.93491
1.07 -7.92817
1.08 -7.92139
1.09 -7.91458
1.1 -7.90774
1.11 -7.90086
1.12 -7.89395
1.13 -7.887
1.14 -7.88001
1.15 -7.87299
1.16 -7.86592
1.17 -7.85882
1.18 -7.85168
1.19 -7.8445
1.2 -7.83728
1.21 -7.83002
1.22 -7.82271
1.23 -7.81537
1.24 -7.80798
1.25 -7.80054
1.26 -7.79307
1.27 -7.78555
1.28 -7.77798
1.29 -7.77037
1.3 -7.76271
1.31 -7.75501
1.32 -7.74725
1.33 -7.73945
1.34 -7.73161
1.35 -7.72371
1.36 -7.71576
1.37 -7.70777
1.38 -7.69972
1.39 -7.69162
1.4 -7.68347
1.41 -7.67527
1.42 -7.66702
1.43 -7.65872
1.44 -7.65036
1.45 -7.64195
1.46 -7.63348
1.47 -7.62496
1.48 -7.61639
1.49 -7.60776
1.5 -7.59908
1.51 -7.59034
1.52 -7.58154
1.53 -7.57269
1.54 -7.56379
1.55 -7.55483
1.56 -7.54581
1.57 -7.53673
1.58 -7.5276
1.59 -7.51841
1.6 -7.50916
1.61 -7.49986
1.62 -7.4905
1.63 -7.48108
1.64 -7.47161
1.65 -7.46208
1.66 -7.45249
1.67 -7.44284
1.68 -7.43314
1.69 -7.42339
1.7 -7.41358
1.71 -7.40371
1.72 -7.39379
1.73 -7.38381
1.74 -7.37378
1.75 -7.36369
1.76 -7.35355
1.77 -7.34336
1.78 -7.33312
1.79 -7.32282
1.8 -7.31247
1.81 -7.30207
1.82 -7.29163
1.83 -7.28113
1.84 -7.27058
1.85 -7.25999
1.86 -7.24935
1.87 -7.23867
1.88 -7.22794
1.89 -7.21716
1.9 -7.20635
1.91 -7.19549
1.92 -7.18459
1.93 -7.17366
1.94 -7.16268
1.95 -7.15167
1.96 -7.14062
1.97 -7.12954
1.98 -7.11843
1.99 -7.10728
2 -7.0961
2.01 -7.0849
2.02 -7.07367
2.03 -7.06241
2.04 -7.05113
2.05 -7.03982
2.06 -7.02849
2.07 -7.01715
2.08 -7.00579
2.09 -6.99441
2.1 -6.98302
2.11 -6.97161
2.12 -6.96019
2.13 -6.94877
2.14 -6.93734
2.15 -6.9259
2.16 -6.91446
2.17 -6.90302
2.18 -6.89157
2.19 -6.88013
2.2 -6.8687
2.21 -6.85727
2.22 -6.84584
2.23 -6.83443
2.24 -6.82303
2.25 -6.81164
2.26 -6.80027
2.27 -6.78891
2.28 -6.77758
2.29 -6.76626
2.3 -6.75497
2.31 -6.7437
2.32 -6.73246
2.33 -6.72125
2.34 -6.71006
2.35 -6.69891
2.36 -6.6878
2.37 -6.67672
2.38 -6.66567
2.39 -6.65467
2.4 -6.64371
2.41 -6.63279
2.42 -6.62191
2.43 -6.61108
2.44 -6.6003
2.45 -6.58957
2.46 -6.57889
2.47 -6.56826
2.48 -6.55768
2.49 -6.54716
2.5 -6.5367
2.51 -6.52629
2.52 -6.51594
2.53 -6.50566
2.54 -6.49543
2.55 -6.48527
2.56 -6.47518
2.57 -6.46515
2.58 -6.45518
2.59 -6.44528
2.6 -6.43546
2.61 -6.4257
2.62 -6.41601
2.63 -6.40639
2.64 -6.39685
2.65 -6.38738
2.66 -6.37798
2.67 -6.36866
2.68 -6.35941
2.69 -6.35024
2.7 -6.34114
2.71 -6.33213
2.72 -6.32319
2.73 -6.31432
2.74 -6.30554
2.75 -6.29683
2.76 -6.28821
2.77 -6.27966
2.78 -6.2712
2.79 -6.26281
2.8 -6.2545
2.81 -6.24628
2.82 -6.23813
2.83 -6.23007
2.84 -6.22208
2.85 -6.21418
2.86 -6.20636
2.87 -6.19862
2.88 -6.19095
2.89 -6.18337
2.9 -6.17587
2.91 -6.16845
2.92 -6.16111
2.93 -6.15385
2.94 -6.14667
2.95 -6.13957
2.96 -6.13254
2.97 -6.1256
2.98 -6.11873
2.99 -6.11194
3 -6.10523
3.01 -6.09859
3.02 -6.09204
3.03 -6.08555
3.04 -6.07915
3.05 -6.07282
3.06 -6.06656
3.07 -6.06038
3.08 -6.05427
3.09 -6.04824
3.1 -6.04227
3.11 -6.03638
3.12 -6.03056
3.13 -6.02482
3.14 -6.01914
3.15 -6.01353
3.16 -6.00799
3.17 -6.00252
3.18 -5.99712
3.19 -5.99178
3.2 -5.98651
3.21 -5.98131
3.22 -5.97617
3.23 -5.97109
3.24 -5.96608
3.25 -5.96113
3.26 -5.95625
3.27 -5.95143
3.28 -5.94666
3.29 -5.94196
3.3 -5.93732
3.31 -5.93274
3.32 -5.92822
3.33 -5.92375
3.34 -5.91934
3.35 -5.91499
3.36 -5.91069
3.37 -5.90645
3.38 -5.90226
3.39 -5.89813
3.4 -5.89404
3.41 -5.89002
3.42 -5.88604
3.43 -5.88211
3.44 -5.87824
3.45 -5.87441
3.46 -5.87063
3.47 -5.86691
3.48 -5.86322
3.49 -5.85959
3.5 -5.856
3.51 -5.85246
3.52 -5.84897
3.53 -5.84552
3.54 -5.84211
3.55 -5.83874
3.56 -5.83542
3.57 -5.83214
3.58 -5.82891
3.59 -5.82571
3.6 -5.82256
3.61 -5.81944
3.62 -5.81636
3.63 -5.81333
3.64 -5.81033
3.65 -5.80736
3.66 -5.80444
3.67 -5.80155
3.68 -5.7987
3.69 -5.79588
3.7 -5.7931
3.71 -5.79036
3.72 -5.78764
3.73 -5.78496
3.74 -5.78232
3.75 -5.7797
3.76 -5.77712
3.77 -5.77457
3.78 -5.77205
3.79 -5.76956
3.8 -5.7671
3.81 -5.76467
3.82 -5.76227
3.83 -5.7599
3.84 -5.75756
3.85 -5.75525
3.86 -5.75296
3.87 -5.7507
3.88 -5.74846
3.89 -5.74626
3.9 -5.74408
3.91 -5.74192
3.92 -5.73979
3.93 -5.73768
3.94 -5.7356
3.95 -5.73354
3.96 -5.73151
3.97 -5.7295
3.98 -5.72751
3.99 -5.72555
4 -5.7236
4.01 -5.72168
4.02 -5.71978
4.03 -5.7179
4.04 -5.71604
4.05 -5.71421
4.06 -5.71239
4.07 -5.71059
4.08 -5.70881
4.09 -5.70706
4.1 -5.70532
4.11 -5.70359
4.12 -5.70189
4.13 -5.70021
4.14 -5.69854
4.15 -5.69689
4.16 -5.69526
4.17 -5.69365
4.18 -5.69205
4.19 -5.69047
4.2 -5.6889
4.21 -5.68735
4.22 -5.68582
4.23 -5.6843
4.24 -5.6828
4.25 -5.68131
4.26 -5.67984
4.27 -5.67838
4.28 -5.67693
4.29 -5.6755
4.3 -5.67409
4.31 -5.67269
4.32 -5.6713
4.33 -5.66992
4.34 -5.66856
4.35 -5.66721
4.36 -5.66587
4.37 -5.66455
4.38 -5.66323
4.39 -5.66193
4.4 -5.66065
4.41 -5.65937
4.42 -5.6581
4.43 -5.65685
4.44 -5.65561
4.45 -5.65438
4.46 -5.65316
4.47 -5.65195
4.48 -5.65075
4.49 -5.64956
4.5 -5.64838
4.51 -5.64721
4.52 -5.64605
4.53 -5.6449
4.54 -5.64376
4.55 -5.64263
4.56 -5.64151
4.57 -5.6404
4.58 -5.6393
4.59 -5.6382
4.6 -5.63712
4.61 -5.63604
4.62 -5.63497
4.63 -5.63391
4.64 -5.63286
4.65 -5.63182
4.66 -5.63078
4.67 -5.62976
4.68 -5.62874
4.69 -5.62772
4.7 -5.62672
4.71 -5.62572
4.72 -5.62473
4.73 -5.62375
4.74 -5.62277
4.75 -5.62181
4.76 -5.62084
4.77 -5.61989
4.78 -5.61894
4.79 -5.618
4.8 -5.61707
4.81 -5.61614
4.82 -5.61521
4.83 -5.6143
4.84 -5.61339
4.85 -5.61248
4.86 -5.61159
4.87 -5.61069
4.88 -5.60981
4.89 -5.60893
4.9 -5.60805
4.91 -5.60718
4.92 -5.60632
4.93 -5.60546
4.94 -5.6046
4.95 -5.60376
4.96 -5.60291
4.97 -5.60207
4.98 -5.60124
4.99 -5.60041
5 -5.59959
5.01 -5.59877
5.02 -5.59796
5.03 -5.59715
5.04 -5.59634
5.05 -5.59554
5.06 -5.59475
5.07 -5.59395
5.08 -5.59317
5.09 -5.59238
5.1 -5.59161
5.11 -5.59083
5.12 -5.59006
5.13 -5.58929
5.14 -5.58853
5.15 -5.58777
5.16 -5.58702
5.17 -5.58627
5.18 -5.58552
5.19 -5.58478
5.2 -5.58404
5.21 -5.5833
5.22 -5.58257
5.23 -5.58184
5.24 -5.58112
5.25 -5.58039
5.26 -5.57967
5.27 -5.57896
5.28 -5.57825
5.29 -5.57754
5.3 -5.57683
5.31 -5.57613
5.32 -5.57543
5.33 -5.57473
5.34 -5.57404
5.35 -5.57335
5.36 -5.57266
5.37 -5.57198
5.38 -5.5713
5.39 -5.57062
5.4 -5.56994
5.41 -5.56927
5.42 -5.5686
5.43 -5.56793
5.44 -5.56727
5.45 -5.56661
5.46 -5.56595
5.47 -5.56529
5.48 -5.56463
5.49 -5.56398
5.5 -5.56333
5.51 -5.56269
5.52 -5.56204
5.53 -5.5614
5.54 -5.56076
5.55 -5.56012
5.56 -5.55949
5.57 -5.55885
5.58 -5.55822
5.59 -5.55759
5.6 -5.55697
5.61 -5.55634
5.62 -5.55572
5.63 -5.5551
5.64 -5.55449
5.65 -5.55387
5.66 -5.55326
5.67 -5.55265
5.68 -5.55204
5.69 -5.55143
5.7 -5.55082
5.71 -5.55022
5.72 -5.54962
5.73 -5.54902
5.74 -5.54842
5.75 -5.54783
5.76 -5.54723
5.77 -5.54664
5.78 -5.54605
5.79 -5.54546
5.8 -5.54488
5.81 -5.54429
5.82 -5.54371
5.83 -5.54313
5.84 -5.54255
5.85 -5.54197
5.86 -5.5414
5.87 -5.54082
5.88 -5.54025
5.89 -5.53968
5.9 -5.53911
5.91 -5.53855
5.92 -5.53798
5.93 -5.53742
5.94 -5.53685
5.95 -5.53629
5.96 -5.53574
5.97 -5.53518
5.98 -5.53462
5.99 -5.53407
6 -5.53352
6.01 -5.53296
6.02 -5.53242
6.03 -5.53187
6.04 -5.53132
6.05 -5.53078
6.06 -5.53023
6.07 -5.52969
6.08 -5.52915
6.09 -5.52861
6.1 -5.52808
6.11 -5.52754
6.12 -5.52701
6.13 -5.52647
6.14 -5.52594
6.15 -5.52541
6.16 -5.52488
6.17 -5.52436
6.18 -5.52383
6.19 -5.52331
6.2 -5.52279
6.21 -5.52227
6.22 -5.52175
6.23 -5.52123
6.24 -5.52071
6.25 -5.5202
6.26 -5.51969
6.27 -5.51917
6.28 -5.51866
6.29 -5.51815
6.3 -5.51765
6.31 -5.51714
6.32 -5.51664
6.33 -5.51613
6.34 -5.51563
6.35 -5.51513
6.36 -5.51463
6.37 -5.51414
6.38 -5.51364
6.39 -5.51315
6.4 -5.51265
6.41 -5.51216
6.42 -5.51167
6.43 -5.51118
6.44 -5.5107
6.45 -5.51021
6.46 -5.50973
6.47 -5.50924
6.48 -5.50876
6.49 -5.50828
6.5 -5.50781
6.51 -5.50733
6.52 -5.50685
6.53 -5.50638
6.54 -5.50591
6.55 -5.50544
6.56 -5.50497
6.57 -5.5045
6.58 -5.50403
6.59 -5.50357
6.6 -5.50311
6.61 -5.50264
6.62 -5.50218
6.63 -5.50172
6.64 -5.50127
6.65 -5.50081
6.66 -5.50036
6.67 -5.4999
6.68 -5.49945
6.69 -5.499
6.7 -5.49855
6.71 -5.49811
6.72 -5.49766
6.73 -5.49721
6.74 -5.49677
6.75 -5.49633
6.76 -5.49589
6.77 -5.49545
6.78 -5.49501
6.79 -5.49458
6.8 -5.49414
6.81 -5.49371
6.82 -5.49328
6.83 -5.49284
6.84 -5.49241
6.85 -5.49199
6.86 -5.49156
6.87 -5.49113
6.88 -5.49071
6.89 -5.49028
6.9 -5.48986
6.91 -5.48944
6.92 -5.48902
6.93 -5.4886
6.94 -5.48818
6.95 -5.48776
6.96 -5.48735
6.97 -5.48693
6.98 -5.48652
6.99 -5.4861
7 -5.48569
7.01 -5.48528
7.02 -5.48487
7.03 -5.48446
7.04 -5.48405
7.05 -5.48364
7.06 -5.48323
7.07 -5.48282
7.08 -5.48241
7.09 -5.482
7.1 -5.48159
7.11 -5.48119
7.12 -5.48078
7.13 -5.48037
7.14 -5.47996
7.15 -5.47956
7.16 -5.47915
7.17 -5.47874
7.18 -5.47833
7.19 -5.47792
7.2 -5.47751
7.21 -5.4771
7.22 -5.47669
7.23 -5.47628
7.24 -5.47587
7.25 -5.47546
7.26 -5.47504
7.27 -5.47463
7.28 -5.47421
7.29 -5.47379
7.3 -5.47337
7.31 -5.47295
7.32 -5.47253
7.33 -5.47211
7.34 -5.47168
7.35 -5.47125
7.36 -5.47082
7.37 -5.47039
7.38 -5.46995
7.39 -5.46952
7.4 -5.46907
7.41 -5.46863
7.42 -5.46819
7.43 -5.46774
7.44 -5.46728
7.45 -5.46683
7.46 -5.46637
7.47 -5.46591
7.48 -5.46544
7.49 -5.46497
7.5 -5.4645
7.51 -5.46402
7.52 -5.46354
7.53 -5.46305
7.54 -5.46256
7.55 -5.46206
7.56 -5.46156
7.57 -5.46106
7.58 -5.46055
7.59 -5.46004
7.6 -5.45952
7.61 -5.45899
7.62 -5.45846
7.63 -5.45792
7.64 -5.45738
7.65 -5.45684
7.66 -5.45628
7.67 -5.45573
7.68 -5.45516
7.69 -5.45459
7.7 -5.45402
7.71 -5.45344
7.72 -5.45285
7.73 -5.45226
7.74 -5.45166
7.75 -5.45105
7.76 -5.45044
7.77 -5.44983
7.78 -5.44921
7.79 -5.44858
7.8 -5.44795
7.81 -5.44731
7.82 -5.44666
7.83 -5.44602
7.84 -5.44536
7.85 -5.44471
7.86 -5.44404
7.87 -5.44338
7.88 -5.44271
7.89 -5.44203
7.9 -5.44135
7.91 -5.44067
7.92 -5.43999
7.93 -5.43931
7.94 -5.43862
7.95 -5.43793
7.96 -5.43724
7.97 -5.43656
7.98 -5.43587
7.99 -5.43518
8 -5.4345
8.01 -5.43381
8.02 -5.43314
8.03 -5.43246
8.04 -5.43179
8.05 -5.43113
8.06 -5.43047
8.07 -5.42982
8.08 -5.42918
8.09 -5.42855
8.1 -5.42793
8.11 -5.42733
8.12 -5.42673
8.13 -5.42616
8.14 -5.4256
8.15 -5.42505
8.16 -5.42453
8.17 -5.42403
8.18 -5.42355
8.19 -5.4231
8.2 -5.42267
8.21 -5.42227
8.22 -5.4219
8.23 -5.42156
8.24 -5.42126
8.25 -5.42099
8.26 -5.42076
8.27 -5.42058
8.28 -5.42043
8.29 -5.42033
8.3 -5.42028
8.31 -5.42028
8.32 -5.42034
8.33 -5.42045
8.34 -5.42062
8.35 -5.42085
8.36 -5.42114
8.37 -5.4215
8.38 -5.42193
8.39 -5.42244
8.4 -5.42302
8.41 -5.42368
8.42 -5.42443
8.43 -5.42526
8.44 -5.42618
8.45 -5.42719
8.46 -5.4283
8.47 -5.4295
8.48 -5.43082
8.49 -5.43223
8.5 -5.43376
8.51 -5.4354
8.52 -5.43715
8.53 -5.43903
8.54 -5.44103
8.55 -5.44315
8.56 -5.44541
8.57 -5.4478
8.58 -5.45032
8.59 -5.45299
8.6 -5.4558
8.61 -5.45875
8.62 -5.46185
8.63 -5.46511
8.64 -5.46852
8.65 -5.47209
8.66 -5.47582
8.67 -5.47971
8.68 -5.48377
8.69 -5.488
8.7 -5.4924
8.71 -5.49697
8.72 -5.50171
8.73 -5.50663
8.74 -5.51173
8.75 -5.51701
8.76 -5.52247
8.77 -5.52811
8.78 -5.53393
8.79 -5.53993
8.8 -5.54612
8.81 -5.5525
8.82 -5.55906
8.83 -5.5658
8.84 -5.57273
8.85 -5.57984
8.86 -5.58714
8.87 -5.59462
8.88 -5.60227
8.89 -5.61011
8.9 -5.61813
8.91 -5.62633
8.92 -5.6347
8.93 -5.64324
8.94 -5.65195
8.95 -5.66083
8.96 -5.66988
8.97 -5.67909
8.98 -5.68847
8.99 -5.698
9 -5.70768
9.01 -5.71751
9.02 -5.72749
9.03 -5.73762
9.04 -5.74788
9.05 -5.75829
9.06 -5.76882
9.07 -5.77948
9.08 -5.79027
9.09 -5.80117
9.1 -5.81219
9.11 -5.82332
9.12 -5.83456
9.13 -5.84591
9.14 -5.85735
9.15 -5.86889
9.16 -5.88051
9.17 -5.89222
9.18 -5.90401
9.19 -5.91588
9.2 -5.92783
9.21 -5.93984
9.22 -5.95191
9.23 -5.96404
9.24 -5.97623
9.25 -5.98847
9.26 -6.00076
9.27 -6.01309
9.28 -6.02547
9.29 -6.03787
9.3 -6.05031
9.31 -6.06278
9.32 -6.07527
9.33 -6.08779
9.34 -6.10032
9.35 -6.11286
9.36 -6.12542
9.37 -6.13798
9.38 -6.15055
9.39 -6.16312
9.4 -6.17569
9.41 -6.18826
9.42 -6.20082
9.43 -6.21336
9.44 -6.2259
9.45 -6.23842
9.46 -6.25093
9.47 -6.26341
9.48 -6.27588
9.49 -6.28832
9.5 -6.30073
9.51 -6.31311
9.52 -6.32547
9.53 -6.33779
9.54 -6.35008
9.55 -6.36234
9.56 -6.37456
9.57 -6.38674
9.58 -6.39888
9.59 -6.41098
9.6 -6.42304
9.61 -6.43505
9.62 -6.44702
9.63 -6.45894
9.64 -6.47082
9.65 -6.48265
9.66 -6.49442
9.67 -6.50615
9.68 -6.51783
9.69 -6.52946
9.7 -6.54103
9.71 -6.55255
9.72 -6.56402
9.73 -6.57544
9.74 -6.5868
9.75 -6.5981
9.76 -6.60935
9.77 -6.62055
9.78 -6.63168
9.79 -6.64276
9.8 -6.65379
9.81 -6.66476
9.82 -6.67567
9.83 -6.68652
9.84 -6.69731
9.85 -6.70805
9.86 -6.71873
9.87 -6.72935
9.88 -6.73992
9.89 -6.75042
9.9 -6.76087
9.91 -6.77126
9.92 -6.78159
9.93 -6.79187
9.94 -6.80209
9.95 -6.81225
9.96 -6.82235
9.97 -6.83239
9.98 -6.84238
9.99 -6.85231
10 -6.86219
10.001 -10
