0 0
0.01 0.352626
0.02 0.351939
0.03 0.351256
0.04 0.350575
0.05 0.349898
0.06 0.349224
0.07 0.348553
0.08 0.347886
0.09 0.347223
0.1 0.346563
0.11 0.345907
0.12 0.345255
0.13 0.344606
0.14 0.343962
0.15 0.343322
0.16 0.342686
0.17 0.342054
0.18 0.341427
0.19 0.340804
0.2 0.340185
0.21 0.339572
0.22 0.338963
0.23 0.338359
0.24 0.33776
0.25 0.337166
0.26 0.336577
0.27 0.335993
0.28 0.335415
0.29 0.334842
0.3 0.334275
0.31 0.333714
0.32 0.333158
0.33 0.332609
0.34 0.332066
0.35 0.331528
0.36 0.330997
0.37 0.330473
0.38 0.329955
0.39 0.329444
0.4 0.328939
0.41 0.328442
0.42 0.327951
0.43 0.327468
0.44 0.326992
0.45 0.326524
0.46 0.326063
0.47 0.32561
0.48 0.325165
0.49 0.324728
0.5 0.324299
0.51 0.323879
0.52 0.323466
0.53 0.323063
0.54 0.322668
0.55 0.322282
0.56 0.321905
0.57 0.321538
0.58 0.321179
0.59 0.320831
0.6 0.320492
0.61 0.320162
0.62 0.319843
0.63 0.319534
0.64 0.319235
0.65 0.318947
0.66 0.318669
0.67 0.318402
0.68 0.318146
0.69 0.317901
0.7 0.317668
0.71 0.317446
0.72 0.317235
0.73 0.317037
0.74 0.31685
0.75 0.316675
0.76 0.316513
0.77 0.316363
0.78 0.316226
0.79 0.316102
0.8 0.31599
0.81 0.315892
0.82 0.315808
0.83 0.315736
0.84 0.315679
0.85 0.315635
0.86 0.315605
0.87 0.31559
0.88 0.315589
0.89 0.315602
0.9 0.31563
0.91 0.315673
0.92 0.315731
0.93 0.315805
0.94 0.315893
0.95 0.315997
0.96 0.316117
0.97 0.316253
0.98 0.316405
0.99 0.316573
1 0.316758
1.01 0.316959
1.02 0.317177
1.03 0.317411
1.04 0.317663
1.05 0.317931
1.06 0.318217
1.07 0.318521
1.08 0.318842
1.09 0.31918
1.1 0.319537
1.11 0.319911
1.12 0.320304
1.13 0.320715
1.14 0.321144
1.15 0.321591
1.16 0.322057
1.17 0.322542
1.18 0.323046
1.19 0.323568
1.2 0.32411
1.21 0.32467
1.22 0.32525
1.23 0.325849
1.24 0.326467
1.25 0.327105
1.26 0.327762
1.27 0.328438
1.28 0.329134
1.29 0.32985
1.3 0.330585
1.31 0.33134
1.32 0.332115
1.33 0.332909
1.34 0.333723
1.35 0.334557
1.36 0.33541
1.37 0.336283
1.38 0.337176
1.39 0.338089
1.4 0.339021
1.41 0.339973
1.42 0.340944
1.43 0.341935
1.44 0.342945
1.45 0.343974
1.46 0.345023
1.47 0.346091
1.48 0.347177
1.49 0.348283
1.5 0.349408
1.51 0.350551
1.52 0.351713
1.53 0.352893
1.54 0.354092
1.55 0.355308
1.56 0.356542
1.57 0.357795
1.58 0.359064
1.59 0.360351
1.6 0.361655
1.61 0.362976
1.62 0.364314
1.63 0.365668
1.64 0.367039
1.65 0.368425
1.66 0.369827
1.67 0.371244
1.68 0.372676
1.69 0.374124
1.7 0.375586
1.71 0.377062
1.72 0.378552
1.73 0.380056
1.74 0.381573
1.75 0.383103
1.76 0.384646
1.77 0.386201
1.78 0.387768
1.79 0.389347
1.8 0.390937
1.81 0.392539
1.82 0.39415
1.83 0.395773
1.84 0.397405
1.85 0.399047
1.86 0.400698
1.87 0.402358
1.88 0.404027
1.89 0.405704
1.9 0.407388
1.91 0.409081
1.92 0.41078
1.93 0.412487
1.94 0.4142
1.95 0.415919
1.96 0.417644
1.97 0.419375
1.98 0.421111
1.99 0.422853
2 0.424598
2.01 0.426349
2.02 0.428103
2.03 0.429862
2.04 0.431624
2.05 0.43339
2.06 0.435159
2.07 0.436931
2.08 0.438706
2.09 0.440483
2.1 0.442263
2.11 0.444045
2.12 0.44583
2.13 0.447616
2.14 0.449404
2.15 0.451195
2.16 0.452987
2.17 0.45478
2.18 0.456576
2.19 0.458373
2.2 0.460171
2.21 0.461971
2.22 0.463773
2.23 0.465576
2.24 0.46738
2.25 0.469187
2.26 0.470995
2.27 0.472804
2.28 0.474616
2.29 0.47643
2.3 0.478245
2.31 0.480063
2.32 0.481883
2.33 0.483706
2.34 0.485531
2.35 0.487359
2.36 0.48919
2.37 0.491024
2.38 0.492861
2.39 0.494702
2.4 0.496547
2.41 0.498395
2.42 0.500248
2.43 0.502105
2.44 0.503966
2.45 0.505832
2.46 0.507703
2.47 0.509579
2.48 0.511461
2.49 0.513348
2.5 0.515241
2.51 0.517141
2.52 0.519046
2.53 0.520958
2.54 0.522877
2.55 0.524803
2.56 0.526735
2.57 0.528676
2.58 0.530623
2.59 0.532579
2.6 0.534542
2.61 0.536514
2.62 0.538494
2.63 0.540482
2.64 0.542479
2.65 0.544485
2.66 0.546499
2.67 0.548523
2.68 0.550556
2.69 0.552598
2.7 0.55465
2.71 0.556711
2.72 0.558782
2.73 0.560863
2.74 0.562953
2.75 0.565054
2.76 0.567165
2.77 0.569285
2.78 0.571416
2.79 0.573558
2.8 0.575709
2.81 0.577871
2.82 0.580043
2.83 0.582225
2.84 0.584418
2.85 0.586621
2.86 0.588835
2.87 0.591059
2.88 0.593293
2.89 0.595538
2.9 0.597793
2.91 0.600058
2.92 0.602334
2.93 0.60462
2.94 0.606916
2.95 0.609223
2.96 0.611539
2.97 0.613866
2.98 0.616203
2.99 0.618549
3 0.620906
3.01 0.623272
3.02 0.625648
3.03 0.628034
3.04 0.630429
3.05 0.632833
3.06 0.635247
3.07 0.637671
3.08 0.640103
3.09 0.642544
3.1 0.644995
3.11 0.647454
3.12 0.649922
3.13 0.652399
3.14 0.654884
3.15 0.657377
3.16 0.659879
3.17 0.662389
3.18 0.664906
3.19 0.667432
3.2 0.669965
3.21 0.672506
3.22 0.675055
3.23 0.677611
3.24 0.680174
3.25 0.682744
3.26 0.68532
3.27 0.687904
3.28 0.690494
3.29 0.693091
3.3 0.695694
3.31 0.698303
3.32 0.700918
3.33 0.70354
3.34 0.706166
3.35 0.708799
3.36 0.711437
3.37 0.71408
3.38 0.716728
3.39 0.719381
3.4 0.722039
3.41 0.724702
3.42 0.727369
3.43 0.730041
3.44 0.732716
3.45 0.735396
3.46 0.73808
3.47 0.740768
3.48 0.743459
3.49 0.746154
3.5 0.748852
3.51 0.751553
3.52 0.754258
3.53 0.756965
3.54 0.759675
3.55 0.762388
3.56 0.765103
3.57 0.767821
3.58 0.77054
3.59 0.773262
3.6 0.775986
3.61 0.778712
3.62 0.78144
3.63 0.784169
3.64 0.786899
3.65 0.789631
3.66 0.792364
3.67 0.795098
3.68 0.797833
3.69 0.80057
3.7 0.803306
3.71 0.806044
3.72 0.808782
3.73 0.81152
3.74 0.814259
3.75 0.816998
3.76 0.819738
3.77 0.822477
3.78 0.825216
3.79 0.827955
3.8 0.830694
3.81 0.833433
3.82 0.836171
3.83 0.838909
3.84 0.841646
3.85 0.844383
3.86 0.847119
3.87 0.849854
3.88 0.852588
3.89 0.855322
3.9 0.858054
3.91 0.860786
3.92 0.863516
3.93 0.866245
3.94 0.868974
3.95 0.871701
3.96 0.874426
3.97 0.877151
3.98 0.879874
3.99 0.882595
4 0.885316
4.01 0.888034
4.02 0.890752
4.03 0.893467
4.04 0.896182
4.05 0.898894
4.06 0.901606
4.07 0.904315
4.08 0.907023
4.09 0.909729
4.1 0.912434
4.11 0.915137
4.12 0.917839
4.13 0.920539
4.14 0.923237
4.15 0.925933
4.16 0.928628
4.17 0.931321
4.18 0.934013
4.19 0.936703
4.2 0.939391
4.21 0.942078
4.22 0.944764
4.23 0.947447
4.24 0.95013
4.25 0.95281
4.26 0.95549
4.27 0.958167
4.28 0.960844
4.29 0.963519
4.3 0.966193
4.31 0.968865
4.32 0.971536
4.33 0.974206
4.34 0.976875
4.35 0.979543
4.36 0.982209
4.37 0.984875
4.38 0.987539
4.39 0.990203
4.4 0.992866
4.41 0.995528
4.42 0.998189
4.43 1.00085
4.44 1.00351
4.45 1.00617
4.46 1.00883
4.47 1.01149
4.48 1.01414
4.49 1.0168
4.5 1.01946
4.51 1.02212
4.52 1.02477
4.53 1.02743
4.54 1.03009
4.55 1.03274
4.56 1.0354
4.57 1.03806
4.58 1.04072
4.59 1.04338
4.6 1.04604
4.61 1.0487
4.62 1.05136
4.63 1.05402
4.64 1.05668
4.65 1.05934
4.66 1.06201
4.67 1.06467
4.68 1.06734
4.69 1.07001
4.7 1.07268
4.71 1.07535
4.72 1.07802
4.73 1.0807
4.74 1.08338
4.75 1.08606
4.76 1.08874
4.77 1.09142
4.78 1.09411
4.79 1.0968
4.8 1.09949
4.81 1.10218
4.82 1.10488
4.83 1.10758
4.84 1.11028
4.85 1.11299
4.86 1.11569
4.87 1.11841
4.88 1.12112
4.89 1.12384
4.9 1.12657
4.91 1.1293
4.92 1.13203
4.93 1.13476
4.94 1.1375
4.95 1.14025
4.96 1.143
4.97 1.14575
4.98 1.14851
4.99 1.15128
5 1.15405
5.01 1.15682
5.02 1.1596
5.03 1.16239
5.04 1.16518
5.05 1.16798
5.06 1.17079
5.07 1.1736
5.08 1.17641
5.09 1.17924
5.1 1.18207
5.11 1.1849
5.12 1.18775
5.13 1.1906
5.14 1.19346
5.15 1.19633
5.16 1.1992
5.17 1.20208
5.18 1.20497
5.19 1.20787
5.2 1.21078
5.21 1.21369
5.22 1.21662
5.23 1.21955
5.24 1.22249
5.25 1.22545
5.26 1.22841
5.27 1.23138
5.28 1.23436
5.29 1.23735
5.3 1.24035
5.31 1.24336
5.32 1.24639
5.33 1.24942
5.34 1.25247
5.35 1.25552
5.36 1.25859
5.37 1.26167
5.38 1.26476
5.39 1.26787
5.4 1.27098
5.41 1.27411
5.42 1.27725
5.43 1.28041
5.44 1.28357
5.45 1.28676
5.46 1.28995
5.47 1.29316
5.48 1.29638
5.49 1.29962
5.5 1.30288
5.51 1.30614
5.52 1.30943
5.53 1.31273
5.54 1.31604
5.55 1.31937
5.56 1.32272
5.57 1.32608
5.58 1.32946
5.59 1.33286
5.6 1.33627
5.61 1.33971
5.62 1.34316
5.63 1.34663
5.64 1.35011
5.65 1.35362
5.66 1.35714
5.67 1.36069
5.68 1.36425
5.69 1.36784
5.7 1.37144
5.71 1.37506
5.72 1.37871
5.73 1.38238
5.74 1.38607
5.75 1.38978
5.76 1.39351
5.77 1.39727
5.78 1.40104
5.79 1.40485
5.8 1.40867
5.81 1.41252
5.82 1.41639
5.83 1.42029
5.84 1.42422
5.85 1.42816
5.86 1.43214
5.87 1.43614
5.88 1.44017
5.89 1.44422
5.9 1.4483
5.91 1.45241
5.92 1.45655
5.93 1.46071
5.94 1.46491
5.95 1.46913
5.96 1.47339
5.97 1.47767
5.98 1.48199
5.99 1.48633
6 1.49071
6.01 1.49512
6.02 1.49956
6.03 1.50403
6.04 1.50854
6.05 1.51308
6.06 1.51765
6.07 1.52226
6.08 1.52691
6.09 1.53159
6.1 1.5363
6.11 1.54106
6.12 1.54584
6.13 1.55067
6.14 1.55554
6.15 1.56044
6.16 1.56538
6.17 1.57036
6.18 1.57538
6.19 1.58044
6.2 1.58554
6.21 1.59069
6.22 1.59587
6.23 1.6011
6.24 1.60637
6.25 1.61168
6.26 1.61704
6.27 1.62244
6.28 1.62789
6.29 1.63338
6.3 1.63892
6.31 1.6445
6.32 1.65013
6.33 1.65581
6.34 1.66154
6.35 1.66731
6.36 1.67313
6.37 1.67901
6.38 1.68493
6.39 1.6909
6.4 1.69692
6.41 1.703
6.42 1.70913
6.43 1.7153
6.44 1.72154
6.45 1.72782
6.46 1.73416
6.47 1.74055
6.48 1.747
6.49 1.7535
6.5 1.76005
6.51 1.76666
6.52 1.77333
6.53 1.78006
6.54 1.78684
6.55 1.79367
6.56 1.80057
6.57 1.80752
6.58 1.81453
6.59 1.8216
6.6 1.82872
6.61 1.83591
6.62 1.84315
6.63 1.85045
6.64 1.85781
6.65 1.86523
6.66 1.87271
6.67 1.88025
6.68 1.88784
6.69 1.8955
6.7 1.90322
6.71 1.91099
6.72 1.91883
6.73 1.92672
6.74 1.93467
6.75 1.94269
6.76 1.95076
6.77 1.95889
6.78 1.96707
6.79 1.97532
6.8 1.98362
6.81 1.99198
6.82 2.0004
6.83 2.00887
6.84 2.01741
6.85 2.02599
6.86 2.03463
6.87 2.04333
6.88 2.05208
6.89 2.06089
6.9 2.06974
6.91 2.07866
6.92 2.08762
6.93 2.09663
6.94 2.1057
6.95 2.11482
6.96 2.12398
6.97 2.13319
6.98 2.14246
6.99 2.15177
7 2.16112
7.01 2.17053
7.02 2.17997
7.03 2.18947
7.04 2.199
7.05 2.20859
7.06 2.21821
7.07 2.22787
7.08 2.23758
7.09 2.24733
7.1 2.25712
7.11 2.26695
7.12 2.27681
7.13 2.28672
7.14 2.29666
7.15 2.30665
7.16 2.31667
7.17 2.32673
7.18 2.33682
7.19 2.34696
7.2 2.35713
7.21 2.36733
7.22 2.37758
7.23 2.38786
7.24 2.39818
7.25 2.40854
7.26 2.41893
7.27 2.42936
7.28 2.43984
7.29 2.45035
7.3 2.4609
7.31 2.47149
7.32 2.48212
7.33 2.4928
7.34 2.50351
7.35 2.51428
7.36 2.52508
7.37 2.53594
7.38 2.54684
7.39 2.55779
7.4 2.56879
7.41 2.57984
7.42 2.59094
7.43 2.6021
7.44 2.61331
7.45 2.62458
7.46 2.63591
7.47 2.6473
7.48 2.65875
7.49 2.67026
7.5 2.68184
7.51 2.69349
7.52 2.70521
7.53 2.71699
7.54 2.72885
7.55 2.74078
7.56 2.75279
7.57 2.76487
7.58 2.77703
7.59 2.78927
7.6 2.8016
7.61 2.814
7.62 2.82649
7.63 2.83906
7.64 2.85172
7.65 2.86446
7.66 2.87729
7.67 2.89021
7.68 2.90322
7.69 2.91632
7.7 2.92951
7.71 2.94279
7.72 2.95616
7.73 2.96962
7.74 2.98317
7.75 2.99681
7.76 3.01053
7.77 3.02435
7.78 3.03825
7.79 3.05224
7.8 3.06632
7.81 3.08048
7.82 3.09472
7.83 3.10904
7.84 3.12344
7.85 3.13792
7.86 3.15248
7.87 3.1671
7.88 3.1818
7.89 3.19656
7.9 3.21139
7.91 3.22627
7.92 3.24122
7.93 3.25622
7.94 3.27127
7.95 3.28637
7.96 3.30151
7.97 3.31669
7.98 3.33191
7.99 3.34716
8 3.36244
8.01 3.37775
8.02 3.39307
8.03 3.40841
8.04 3.42376
8.05 3.43911
8.06 3.45447
8.07 3.46983
8.08 3.48518
8.09 3.50052
8.1 3.51584
8.11 3.53114
8.12 3.54642
8.13 3.56167
8.14 3.57689
8.15 3.59207
8.16 3.6072
8.17 3.6223
8.18 3.63734
8.19 3.65233
8.2 3.66726
8.21 3.68213
8.22 3.69694
8.23 3.71168
8.24 3.72635
8.25 3.74094
8.26 3.75546
8.27 3.76989
8.28 3.78425
8.29 3.79851
8.3 3.81269
8.31 3.82678
8.32 3.84077
8.33 3.85467
8.34 3.86847
8.35 3.88217
8.36 3.89576
8.37 3.90926
8.38 3.92265
8.39 3.93594
8.4 3.94911
8.41 3.96218
8.42 3.97514
8.43 3.98799
8.44 4.00073
8.45 4.01335
8.46 4.02586
8.47 4.03826
8.48 4.05055
8.49 4.06272
8.5 4.07477
8.51 4.08671
8.52 4.09853
8.53 4.11024
8.54 4.12183
8.55 4.1333
8.56 4.14466
8.57 4.1559
8.58 4.16702
8.59 4.17803
8.6 4.18892
8.61 4.19969
8.62 4.21034
8.63 4.22088
8.64 4.2313
8.65 4.2416
8.66 4.25179
8.67 4.26186
8.68 4.27181
8.69 4.28164
8.7 4.29136
8.71 4.30096
8.72 4.31044
8.73 4.31981
8.74 4.32905
8.75 4.33818
8.76 4.3472
8.77 4.35609
8.78 4.36487
8.79 4.37353
8.8 4.38207
8.81 4.39049
8.82 4.3988
8.83 4.40699
8.84 4.41506
8.85 4.42301
8.86 4.43085
8.87 4.43857
8.88 4.44617
8.89 4.45365
8.9 4.46101
8.91 4.46826
8.92 4.47538
8.93 4.48239
8.94 4.48929
8.95 4.49606
8.96 4.50272
8.97 4.50926
8.98 4.51568
8.99 4.52199
9 4.52818
9.01 4.53425
9.02 4.5402
9.03 4.54605
9.04 4.55177
9.05 4.55738
9.06 4.56288
9.07 4.56826
9.08 4.57352
9.09 4.57868
9.1 4.58372
9.11 4.58865
9.12 4.59346
9.13 4.59817
9.14 4.60276
9.15 4.60725
9.16 4.61163
9.17 4.61589
9.18 4.62006
9.19 4.62411
9.2 4.62806
9.21 4.6319
9.22 4.63564
9.23 4.63927
9.24 4.6428
9.25 4.64623
9.26 4.64956
9.27 4.65279
9.28 4.65592
9.29 4.65895
9.3 4.66189
9.31 4.66473
9.32 4.66748
9.33 4.67013
9.34 4.67269
9.35 4.67515
9.36 4.67753
9.37 4.67982
9.38 4.68202
9.39 4.68413
9.4 4.68615
9.41 4.68809
9.42 4.68995
9.43 4.69173
9.44 4.69342
9.45 4.69503
9.46 4.69656
9.47 4.69802
9.48 4.6994
9.49 4.7007
9.5 4.70193
9.51 4.70308
9.52 4.70416
9.53 4.70517
9.54 4.70612
9.55 4.70699
9.56 4.70779
9.57 4.70853
9.58 4.7092
9.59 4.70981
9.6 4.71035
9.61 4.71083
9.62 4.71125
9.63 4.71161
9.64 4.71192
9.65 4.71216
9.66 4.71235
9.67 4.71248
9.68 4.71255
9.69 4.71257
9.7 4.71254
9.71 4.71246
9.72 4.71233
9.73 4.71214
9.74 4.71191
9.75 4.71163
9.76 4.71131
9.77 4.71093
9.78 4.71052
9.79 4.71005
9.8 4.70955
9.81 4.709
9.82 4.70841
9.83 4.70778
9.84 4.70711
9.85 4.7064
9.86 4.70566
9.87 4.70487
9.88 4.70405
9.89 4.7032
9.9 4.70231
9.91 4.70138
9.92 4.70042
9.93 4.69943
9.94 4.69841
9.95 4.69735
9.96 4.69627
9.97 4.69515
9.98 4.69401
9.99 4.69284
10 4.69164
10.001 0
