0 5
0.01 3.97966
0.02 3.98071
0.03 3.98177
0.04 3.98284
0.05 3.98392
0.06 3.98501
0.07 3.98611
0.08 3.98721
0.09 3.98833
0.1 3.98946
0.11 3.9906
0.12 3.99175
0.13 3.99291
0.14 3.99408
0.15 3.99526
0.16 3.99645
0.17 3.99765
0.18 3.99886
0.19 4.00008
0.2 4.00132
0.21 4.00256
0.22 4.00382
0.23 4.00508
0.24 4.00636
0.25 4.00765
0.26 4.00895
0.27 4.01026
0.28 4.01159
0.29 4.01292
0.3 4.01427
0.31 4.01563
0.32 4.017
0.33 4.01838
0.34 4.01978
0.35 4.02119
0.36 4.02261
0.37 4.02404
0.38 4.02549
0.39 4.02694
0.4 4.02842
0.41 4.0299
0.42 4.0314
0.43 4.03291
0.44 4.03443
0.45 4.03597
0.46 4.03752
0.47 4.03908
0.48 4.04066
0.49 4.04225
0.5 4.04385
0.51 4.04547
0.52 4.04711
0.53 4.04876
0.54 4.05042
0.55 4.05209
0.56 4.05379
0.57 4.05549
0.58 4.05721
0.59 4.05895
0.6 4.0607
0.61 4.06247
0.62 4.06425
0.63 4.06605
0.64 4.06786
0.65 4.06969
0.66 4.07153
0.67 4.0734
0.68 4.07527
0.69 4.07717
0.7 4.07908
0.71 4.08101
0.72 4.08295
0.73 4.08491
0.74 4.08689
0.75 4.08889
0.76 4.0909
0.77 4.09293
0.78 4.09498
0.79 4.09705
0.8 4.09914
0.81 4.10124
0.82 4.10336
0.83 4.10551
0.84 4.10767
0.85 4.10985
0.86 4.11205
0.87 4.11427
0.88 4.11651
0.89 4.11877
0.9 4.12105
0.91 4.12335
0.92 4.12567
0.93 4.12802
0.94 4.13038
0.95 4.13277
0.96 4.13518
0.97 4.13761
0.98 4.14006
0.99 4.14253
1 4.14503
1.01 4.14755
1.02 4.1501
1.03 4.15266
1.04 4.15526
1.05 4.15787
1.06 4.16051
1.07 4.16318
1.08 4.16587
1.09 4.16859
1.1 4.17133
1.11 4.1741
1.12 4.17689
1.13 4.17971
1.14 4.18256
1.15 4.18544
1.16 4.18834
1.17 4.19128
1.18 4.19424
1.19 4.19723
1.2 4.20025
1.21 4.2033
1.22 4.20638
1.23 4.20948
1.24 4.21263
1.25 4.2158
1.26 4.219
1.27 4.22224
1.28 4.2255
1.29 4.2288
1.3 4.23214
1.31 4.23551
1.32 4.23891
1.33 4.24234
1.34 4.24582
1.35 4.24932
1.36 4.25287
1.37 4.25644
1.38 4.26006
1.39 4.26371
1.4 4.26741
1.41 4.27113
1.42 4.2749
1.43 4.27871
1.44 4.28256
1.45 4.28644
1.46 4.29037
1.47 4.29434
1.48 4.29835
1.49 4.3024
1.5 4.30649
1.51 4.31063
1.52 4.31481
1.53 4.31903
1.54 4.3233
1.55 4.32761
1.56 4.33197
1.57 4.33637
1.58 4.34082
1.59 4.34531
1.6 4.34986
1.61 4.35445
1.62 4.35908
1.63 4.36377
1.64 4.3685
1.65 4.37328
1.66 4.37811
1.67 4.38299
1.68 4.38792
1.69 4.3929
1.7 4.39793
1.71 4.40301
1.72 4.40814
1.73 4.41332
1.74 4.41856
1.75 4.42384
1.76 4.42918
1.77 4.43457
1.78 4.44001
1.79 4.44551
1.8 4.45105
1.81 4.45665
1.82 4.4623
1.83 4.46801
1.84 4.47376
1.85 4.47957
1.86 4.48543
1.87 4.49135
1.88 4.49732
1.89 4.50333
1.9 4.5094
1.91 4.51553
1.92 4.5217
1.93 4.52792
1.94 4.5342
1.95 4.54052
1.96 4.5469
1.97 4.55332
1.98 4.5598
1.99 4.56632
2 4.57289
2.01 4.57951
2.02 4.58617
2.03 4.59288
2.04 4.59964
2.05 4.60644
2.06 4.61329
2.07 4.62017
2.08 4.6271
2.09 4.63407
2.1 4.64108
2.11 4.64813
2.12 4.65522
2.13 4.66234
2.14 4.6695
2.15 4.67669
2.16 4.68392
2.17 4.69118
2.18 4.69847
2.19 4.70579
2.2 4.71314
2.21 4.72051
2.22 4.72791
2.23 4.73533
2.24 4.74278
2.25 4.75024
2.26 4.75773
2.27 4.76523
2.28 4.77275
2.29 4.78029
2.3 4.78783
2.31 4.79539
2.32 4.80296
2.33 4.81054
2.34 4.81812
2.35 4.82571
2.36 4.8333
2.37 4.8409
2.38 4.84849
2.39 4.85608
2.4 4.86367
2.41 4.87126
2.42 4.87883
2.43 4.8864
2.44 4.89396
2.45 4.90151
2.46 4.90905
2.47 4.91657
2.48 4.92407
2.49 4.93156
2.5 4.93903
2.51 4.94648
2.52 4.95391
2.53 4.96131
2.54 4.96869
2.55 4.97604
2.56 4.98337
2.57 4.99066
2.58 4.99793
2.59 5.00517
2.6 5.01237
2.61 5.01955
2.62 5.02668
2.63 5.03379
2.64 5.04085
2.65 5.04788
2.66 5.05487
2.67 5.06182
2.68 5.06873
2.69 5.0756
2.7 5.08243
2.71 5.08922
2.72 5.09596
2.73 5.10266
2.74 5.10932
2.75 5.11593
2.76 5.12249
2.77 5.12901
2.78 5.13548
2.79 5.14191
2.8 5.14829
2.81 5.15462
2.82 5.1609
2.83 5.16714
2.84 5.17332
2.85 5.17946
2.86 5.18555
2.87 5.19158
2.88 5.19757
2.89 5.20351
2.9 5.2094
2.91 5.21524
2.92 5.22103
2.93 5.22677
2.94 5.23247
2.95 5.23811
2.96 5.2437
2.97 5.24924
2.98 5.25473
2.99 5.26017
3 5.26557
3.01 5.27091
3.02 5.27621
3.03 5.28145
3.04 5.28665
3.05 5.2918
3.06 5.2969
3.07 5.30196
3.08 5.30696
3.09 5.31192
3.1 5.31683
3.11 5.32169
3.12 5.32651
3.13 5.33128
3.14 5.33601
3.15 5.34068
3.16 5.34532
3.17 5.34991
3.18 5.35445
3.19 5.35895
3.2 5.36341
3.21 5.36782
3.22 5.37218
3.23 5.37651
3.24 5.38079
3.25 5.38503
3.26 5.38923
3.27 5.39339
3.28 5.3975
3.29 5.40158
3.3 5.40561
3.31 5.40961
3.32 5.41356
3.33 5.41748
3.34 5.42136
3.35 5.4252
3.36 5.429
3.37 5.43276
3.38 5.43649
3.39 5.44017
3.4 5.44383
3.41 5.44744
3.42 5.45102
3.43 5.45457
3.44 5.45808
3.45 5.46155
3.46 5.465
3.47 5.4684
3.48 5.47178
3.49 5.47512
3.5 5.47843
3.51 5.4817
3.52 5.48495
3.53 5.48816
3.54 5.49134
3.55 5.49449
3.56 5.49761
3.57 5.5007
3.58 5.50376
3.59 5.50679
3.6 5.50979
3.61 5.51276
3.62 5.51571
3.63 5.51862
3.64 5.52151
3.65 5.52437
3.66 5.5272
3.67 5.53001
3.68 5.53279
3.69 5.53554
3.7 5.53827
3.71 5.54097
3.72 5.54365
3.73 5.5463
3.74 5.54893
3.75 5.55154
3.76 5.55412
3.77 5.55667
3.78 5.5592
3.79 5.56171
3.8 5.5642
3.81 5.56667
3.82 5.56911
3.83 5.57153
3.84 5.57392
3.85 5.5763
3.86 5.57866
3.87 5.58099
3.88 5.58331
3.89 5.5856
3.9 5.58787
3.91 5.59013
3.92 5.59236
3.93 5.59458
3.94 5.59677
3.95 5.59895
3.96 5.60111
3.97 5.60325
3.98 5.60537
3.99 5.60747
4 5.60956
4.01 5.61163
4.02 5.61368
4.03 5.61571
4.04 5.61773
4.05 5.61973
4.06 5.62171
4.07 5.62368
4.08 5.62563
4.09 5.62757
4.1 5.62949
4.11 5.6314
4.12 5.63329
4.13 5.63516
4.14 5.63702
4.15 5.63887
4.16 5.6407
4.17 5.64252
4.18 5.64432
4.19 5.64611
4.2 5.64789
4.21 5.64965
4.22 5.6514
4.23 5.65314
4.24 5.65486
4.25 5.65657
4.26 5.65827
4.27 5.65996
4.28 5.66163
4.29 5.66329
4.3 5.66494
4.31 5.66658
4.32 5.66821
4.33 5.66982
4.34 5.67142
4.35 5.67302
4.36 5.6746
4.37 5.67617
4.38 5.67773
4.39 5.67928
4.4 5.68082
4.41 5.68234
4.42 5.68386
4.43 5.68537
4.44 5.68687
4.45 5.68836
4.46 5.68984
4.47 5.69131
4.48 5.69277
4.49 5.69422
4.5 5.69566
4.51 5.69709
4.52 5.69852
4.53 5.69993
4.54 5.70134
4.55 5.70274
4.56 5.70413
4.57 5.70551
4.58 5.70689
4.59 5.70825
4.6 5.70961
4.61 5.71096
4.62 5.7123
4.63 5.71364
4.64 5.71497
4.65 5.71629
4.66 5.7176
4.67 5.71891
4.68 5.7202
4.69 5.7215
4.7 5.72278
4.71 5.72406
4.72 5.72533
4.73 5.7266
4.74 5.72786
4.75 5.72911
4.76 5.73036
4.77 5.7316
4.78 5.73283
4.79 5.73406
4.8 5.73528
4.81 5.7365
4.82 5.73771
4.83 5.73892
4.84 5.74012
4.85 5.74131
4.86 5.7425
4.87 5.74368
4.88 5.74486
4.89 5.74604
4.9 5.7472
4.91 5.74837
4.92 5.74953
4.93 5.75068
4.94 5.75183
4.95 5.75298
4.96 5.75412
4.97 5.75525
4.98 5.75638
4.99 5.75751
5 5.75863
5.01 5.75975
5.02 5.76087
5.03 5.76198
5.04 5.76308
5.05 5.76419
5.06 5.76529
5.07 5.76638
5.08 5.76747
5.09 5.76856
5.1 5.76965
5.11 5.77073
5.12 5.7718
5.13 5.77288
5.14 5.77395
5.15 5.77502
5.16 5.77608
5.17 5.77714
5.18 5.7782
5.19 5.77926
5.2 5.78031
5.21 5.78136
5.22 5.7824
5.23 5.78345
5.24 5.78449
5.25 5.78553
5.26 5.78656
5.27 5.7876
5.28 5.78863
5.29 5.78966
5.3 5.79068
5.31 5.79171
5.32 5.79273
5.33 5.79375
5.34 5.79476
5.35 5.79578
5.36 5.79679
5.37 5.7978
5.38 5.79881
5.39 5.79982
5.4 5.80083
5.41 5.80183
5.42 5.80283
5.43 5.80383
5.44 5.80483
5.45 5.80582
5.46 5.80682
5.47 5.80781
5.48 5.80881
5.49 5.8098
5.5 5.81078
5.51 5.81177
5.52 5.81276
5.53 5.81374
5.54 5.81473
5.55 5.81571
5.56 5.81669
5.57 5.81767
5.58 5.81865
5.59 5.81963
5.6 5.82061
5.61 5.82158
5.62 5.82256
5.63 5.82353
5.64 5.82451
5.65 5.82548
5.66 5.82645
5.67 5.82742
5.68 5.82839
5.69 5.82936
5.7 5.83033
5.71 5.8313
5.72 5.83226
5.73 5.83323
5.74 5.8342
5.75 5.83516
5.76 5.83613
5.77 5.83709
5.78 5.83806
5.79 5.83902
5.8 5.83999
5.81 5.84095
5.82 5.84191
5.83 5.84288
5.84 5.84384
5.85 5.8448
5.86 5.84576
5.87 5.84673
5.88 5.84769
5.89 5.84865
5.9 5.84961
5.91 5.85057
5.92 5.85153
5.93 5.85249
5.94 5.85346
5.95 5.85442
5.96 5.85538
5.97 5.85634
5.98 5.8573
5.99 5.85826
6 5.85922
6.01 5.86018
6.02 5.86115
6.03 5.86211
6.04 5.86307
6.05 5.86403
6.06 5.86499
6.07 5.86595
6.08 5.86692
6.09 5.86788
6.1 5.86884
6.11 5.8698
6.12 5.87077
6.13 5.87173
6.14 5.87269
6.15 5.87366
6.16 5.87462
6.17 5.87558
6.18 5.87655
6.19 5.87751
6.2 5.87848
6.21 5.87944
6.22 5.8804
6.23 5.88137
6.24 5.88234
6.25 5.8833
6.26 5.88427
6.27 5.88523
6.28 5.8862
6.29 5.88716
6.3 5.88813
6.31 5.8891
6.32 5.89006
6.33 5.89103
6.34 5.892
6.35 5.89297
6.36 5.89393
6.37 5.8949
6.38 5.89587
6.39 5.89684
6.4 5.89781
6.41 5.89877
6.42 5.89974
6.43 5.90071
6.44 5.90168
6.45 5.90265
6.46 5.90362
6.47 5.90458
6.48 5.90555
6.49 5.90652
6.5 5.90749
6.51 5.90846
6.52 5.90943
6.53 5.9104
6.54 5.91136
6.55 5.91233
6.56 5.9133
6.57 5.91427
6.58 5.91524
6.59 5.9162
6.6 5.91717
6.61 5.91814
6.62 5.91911
6.63 5.92008
6.64 5.92104
6.65 5.92201
6.66 5.92298
6.67 5.92395
6.68 5.92491
6.69 5.92588
6.7 5.92685
6.71 5.92782
6.72 5.92878
6.73 5.92975
6.74 5.93072
6.75 5.93169
6.76 5.93266
6.77 5.93362
6.78 5.93459
6.79 5.93556
6.8 5.93653
6.81 5.9375
6.82 5.93847
6.83 5.93945
6.84 5.94042
6.85 5.94139
6.86 5.94237
6.87 5.94334
6.88 5.94432
6.89 5.9453
6.9 5.94628
6.91 5.94726
6.92 5.94824
6.93 5.94923
6.94 5.95021
6.95 5.9512
6.96 5.9522
6.97 5.95319
6.98 5.95419
6.99 5.95519
7 5.9562
7.01 5.95721
7.02 5.95822
7.03 5.95924
7.04 5.96027
7.05 5.96129
7.06 5.96233
7.07 5.96337
7.08 5.96441
7.09 5.96546
7.1 5.96652
7.11 5.96759
7.12 5.96866
7.13 5.96974
7.14 5.97083
7.15 5.97193
7.16 5.97304
7.17 5.97416
7.18 5.97529
7.19 5.97643
7.2 5.97758
7.21 5.97874
7.22 5.97992
7.23 5.9811
7.24 5.98231
7.25 5.98352
7.26 5.98475
7.27 5.98599
7.28 5.98725
7.29 5.98853
7.3 5.98982
7.31 5.99112
7.32 5.99245
7.33 5.99379
7.34 5.99515
7.35 5.99653
7.36 5.99793
7.37 5.99935
7.38 6.00079
7.39 6.00225
7.4 6.00373
7.41 6.00523
7.42 6.00676
7.43 6.00831
7.44 6.00987
7.45 6.01147
7.46 6.01308
7.47 6.01472
7.48 6.01638
7.49 6.01807
7.5 6.01977
7.51 6.02151
7.52 6.02326
7.53 6.02505
7.54 6.02685
7.55 6.02868
7.56 6.03053
7.57 6.03241
7.58 6.03431
7.59 6.03623
7.6 6.03817
7.61 6.04014
7.62 6.04213
7.63 6.04414
7.64 6.04617
7.65 6.04821
7.66 6.05028
7.67 6.05237
7.68 6.05447
7.69 6.05659
7.7 6.05872
7.71 6.06087
7.72 6.06303
7.73 6.0652
7.74 6.06738
7.75 6.06957
7.76 6.07176
7.77 6.07396
7.78 6.07616
7.79 6.07836
7.8 6.08056
7.81 6.08276
7.82 6.08495
7.83 6.08714
7.84 6.08931
7.85 6.09147
7.86 6.09362
7.87 6.09575
7.88 6.09786
7.89 6.09994
7.9 6.102
7.91 6.10403
7.92 6.10602
7.93 6.10798
7.94 6.10991
7.95 6.11179
7.96 6.11362
7.97 6.11541
7.98 6.11715
7.99 6.11883
8 6.12045
8.01 6.122
8.02 6.1235
8.03 6.12492
8.04 6.12627
8.05 6.12754
8.06 6.12873
8.07 6.12984
8.08 6.13086
8.09 6.13179
8.1 6.13262
8.11 6.13336
8.12 6.13399
8.13 6.13451
8.14 6.13493
8.15 6.13523
8.16 6.13542
8.17 6.13549
8.18 6.13543
8.19 6.13525
8.2 6.13494
8.21 6.1345
8.22 6.13392
8.23 6.1332
8.24 6.13234
8.25 6.13134
8.26 6.13019
8.27 6.12889
8.28 6.12745
8.29 6.12585
8.3 6.12409
8.31 6.12218
8.32 6.1201
8.33 6.11787
8.34 6.11548
8.35 6.11292
8.36 6.11019
8.37 6.1073
8.38 6.10425
8.39 6.10103
8.4 6.09763
8.41 6.09408
8.42 6.09035
8.43 6.08645
8.44 6.08239
8.45 6.07815
8.46 6.07375
8.47 6.06919
8.48 6.06445
8.49 6.05956
8.5 6.05449
8.51 6.04927
8.52 6.04388
8.53 6.03833
8.54 6.03263
8.55 6.02677
8.56 6.02076
8.57 6.01459
8.58 6.00828
8.59 6.00182
8.6 5.99522
8.61 5.98847
8.62 5.98159
8.63 5.97458
8.64 5.96743
8.65 5.96016
8.66 5.95276
8.67 5.94524
8.68 5.9376
8.69 5.92985
8.7 5.92199
8.71 5.91403
8.72 5.90597
8.73 5.8978
8.74 5.88955
8.75 5.88121
8.76 5.87278
8.77 5.86427
8.78 5.85569
8.79 5.84703
8.8 5.83831
8.81 5.82952
8.82 5.82068
8.83 5.81178
8.84 5.80284
8.85 5.79385
8.86 5.78481
8.87 5.77574
8.88 5.76664
8.89 5.75751
8.9 5.74836
8.91 5.73918
8.92 5.72999
8.93 5.72079
8.94 5.71158
8.95 5.70237
8.96 5.69315
8.97 5.68394
8.98 5.67474
8.99 5.66554
9 5.65636
9.01 5.6472
9.02 5.63805
9.03 5.62893
9.04 5.61984
9.05 5.61077
9.06 5.60174
9.07 5.59274
9.08 5.58378
9.09 5.57485
9.1 5.56597
9.11 5.55714
9.12 5.54835
9.13 5.53961
9.14 5.53092
9.15 5.52228
9.16 5.5137
9.17 5.50517
9.18 5.4967
9.19 5.48829
9.2 5.47995
9.21 5.47166
9.22 5.46343
9.23 5.45528
9.24 5.44718
9.25 5.43915
9.26 5.43119
9.27 5.4233
9.28 5.41548
9.29 5.40773
9.3 5.40004
9.31 5.39243
9.32 5.38489
9.33 5.37742
9.34 5.37002
9.35 5.3627
9.36 5.35545
9.37 5.34827
9.38 5.34116
9.39 5.33413
9.4 5.32716
9.41 5.32028
9.42 5.31346
9.43 5.30672
9.44 5.30005
9.45 5.29345
9.46 5.28693
9.47 5.28047
9.48 5.27409
9.49 5.26778
9.5 5.26154
9.51 5.25537
9.52 5.24927
9.53 5.24324
9.54 5.23728
9.55 5.23139
9.56 5.22556
9.57 5.21981
9.58 5.21412
9.59 5.2085
9.6 5.20294
9.61 5.19745
9.62 5.19203
9.63 5.18667
9.64 5.18137
9.65 5.17613
9.66 5.17096
9.67 5.16585
9.68 5.1608
9.69 5.15581
9.7 5.15089
9.71 5.14602
9.72 5.14121
9.73 5.13645
9.74 5.13176
9.75 5.12712
9.76 5.12253
9.77 5.11801
9.78 5.11353
9.79 5.10911
9.8 5.10475
9.81 5.10043
9.82 5.09617
9.83 5.09196
9.84 5.0878
9.85 5.08369
9.86 5.07962
9.87 5.07561
9.88 5.07165
9.89 5.06773
9.9 5.06386
9.91 5.06003
9.92 5.05625
9.93 5.05252
9.94 5.04883
9.95 5.04518
9.96 5.04158
9.97 5.03801
9.98 5.03449
9.99 5.03102
10 5.02758
10.001 5
