0 -10
0.01 -8.25135
0.02 -8.24649
0.03 -8.24162
0.04 -8.23673
0.05 -8.23183
0.06 -8.22692
0.07 -8.222
0.08 -8.21707
0.09 -8.21213
0.1 -8.20717
0.11 -8.2022
0.12 -8.19723
0.13 -8.19224
0.14 -8.18723
0.15 -8.18222
0.16 -8.17719
0.17 -8.17216
0.18 -8.16711
0.19 -8.16205
0.2 -8.15697
0.21 -8.15189
0.22 -8.14679
0.23 -8.14168
0.24 -8.13656
0.25 -8.13142
0.26 -8.12628
0.27 -8.12112
0.28 -8.11594
0.29 -8.11076
0.3 -8.10556
0.31 -8.10035
0.32 -8.09513
0.33 -8.08989
0.34 -8.08464
0.35 -8.07938
0.36 -8.0741
0.37 -8.06881
0.38 -8.06351
0.39 -8.05819
0.4 -8.05286
0.41 -8.04751
0.42 -8.04215
0.43 -8.03678
0.44 -8.03139
0.45 -8.02599
0.46 -8.02057
0.47 -8.01514
0.48 -8.00969
0.49 -8.00422
0.5 -7.99874
0.51 -7.99325
0.52 -7.98774
0.53 -7.98221
0.54 -7.97667
0.55 -7.97111
0.56 -7.96553
0.57 -7.95994
0.58 -7.95432
0.59 -7.9487
0.6 -7.94305
0.61 -7.93738
0.62 -7.9317
0.63 -7.926
0.64 -7.92028
0.65 -7.91454
0.66 -7.90878
0.67 -7.90301
0.68 -7.89721
0.69 -7.89139
0.7 -7.88555
0.71 -7.87969
0.72 -7.87381
0.73 -7.86791
0.74 -7.86199
0.75 -7.85604
0.76 -7.85008
0.77 -7.84409
0.78 -7.83807
0.79 -7.83203
0.8 -7.82597
0.81 -7.81989
0.82 -7.81378
0.83 -7.80764
0.84 -7.80148
0.85 -7.7953
0.86 -7.78909
0.87 -7.78285
0.88 -7.77658
0.89 -7.77029
0.9 -7.76397
0.91 -7.75762
0.92 -7.75124
0.93 -7.74484
0.94 -7.7384
0.95 -7.73193
0.96 -7.72544
0.97 -7.71891
0.98 -7.71235
0.99 -7.70576
1 -7.69914
1.01 -7.69248
1.02 -7.68579
1.03 -7.67907
1.04 -7.67231
1.05 -7.66552
1.06 -7.65869
1.07 -7.65183
1.08 -7.64493
1.09 -7.638
1.1 -7.63102
1.11 -7.62401
1.12 -7.61696
1.13 -7.60988
1.14 -7.60275
1.15 -7.59558
1.16 -7.58838
1.17 -7.58113
1.18 -7.57384
1.19 -7.56651
1.2 -7.55914
1.21 -7.55172
1.22 -7.54426
1.23 -7.53676
1.24 -7.52921
1.25 -7.52162
1.26 -7.51399
1.27 -7.5063
1.28 -7.49858
1.29 -7.4908
1.3 -7.48298
1.31 -7.47511
1.32 -7.46719
1.33 -7.45923
1.34 -7.45121
1.35 -7.44315
1.36 -7.43503
1.37 -7.42687
1.38 -7.41866
1.39 -7.41039
1.4 -7.40208
1.41 -7.39371
1.42 -7.38529
1.43 -7.37682
1.44 -7.3683
1.45 -7.35972
1.46 -7.35109
1.47 -7.34241
1.48 -7.33367
1.49 -7.32489
1.5 -7.31604
1.51 -7.30715
1.52 -7.2982
1.53 -7.28919
1.54 -7.28013
1.55 -7.27102
1.56 -7.26185
1.57 -7.25263
1.58 -7.24336
1.59 -7.23403
1.6 -7.22464
1.61 -7.2152
1.62 -7.20571
1.63 -7.19617
1.64 -7.18657
1.65 -7.17691
1.66 -7.16721
1.67 -7.15745
1.68 -7.14764
1.69 -7.13778
1.7 -7.12786
1.71 -7.1179
1.72 -7.10788
1.73 -7.09781
1.74 -7.0877
1.75 -7.07754
1.76 -7.06732
1.77 -7.05706
1.78 -7.04676
1.79 -7.0364
1.8 -7.026
1.81 -7.01556
1.82 -7.00508
1.83 -6.99455
1.84 -6.98398
1.85 -6.97337
1.86 -6.96272
1.87 -6.95203
1.88 -6.94131
1.89 -6.93055
1.9 -6.91976
1.91 -6.90893
1.92 -6.89807
1.93 -6.88718
1.94 -6.87626
1.95 -6.86532
1.96 -6.85435
1.97 -6.84335
1.98 -6.83233
1.99 -6.82129
2 -6.81024
2.01 -6.79916
2.02 -6.78807
2.03 -6.77696
2.04 -6.76585
2.05 -6.75472
2.06 -6.74358
2.07 -6.73244
2.08 -6.72129
2.09 -6.71014
2.1 -6.699
2.11 -6.68785
2.12 -6.67671
2.13 -6.66557
2.14 -6.65444
2.15 -6.64332
2.16 -6.63222
2.17 -6.62112
2.18 -6.61005
2.19 -6.599
2.2 -6.58796
2.21 -6.57695
2.22 -6.56597
2.23 -6.55501
2.24 -6.54409
2.25 -6.53319
2.26 -6.52233
2.27 -6.51151
2.28 -6.50073
2.29 -6.48999
2.3 -6.47929
2.31 -6.46864
2.32 -6.45803
2.33 -6.44748
2.34 -6.43698
2.35 -6.42653
2.36 -6.41613
2.37 -6.4058
2.38 -6.39553
2.39 -6.38531
2.4 -6.37516
2.41 -6.36508
2.42 -6.35506
2.43 -6.34512
2.44 -6.33524
2.45 -6.32544
2.46 -6.31571
2.47 -6.30606
2.48 -6.29648
2.49 -6.28698
2.5 -6.27757
2.51 -6.26823
2.52 -6.25898
2.53 -6.24981
2.54 -6.24072
2.55 -6.23173
2.56 -6.22281
2.57 -6.21399
2.58 -6.20526
2.59 -6.19662
2.6 -6.18806
2.61 -6.1796
2.62 -6.17124
2.63 -6.16296
2.64 -6.15478
2.65 -6.14669
2.66 -6.1387
2.67 -6.1308
2.68 -6.123
2.69 -6.11529
2.7 -6.10768
2.71 -6.10016
2.72 -6.09275
2.73 -6.08542
2.74 -6.0782
2.75 -6.07106
2.76 -6.06403
2.77 -6.05709
2.78 -6.05025
2.79 -6.0435
2.8 -6.03685
2.81 -6.03029
2.82 -6.02383
2.83 -6.01746
2.84 -6.01119
2.85 -6.005
2.86 -5.99892
2.87 -5.99292
2.88 -5.98701
2.89 -5.9812
2.9 -5.97548
2.91 -5.96984
2.92 -5.9643
2.93 -5.95884
2.94 -5.95347
2.95 -5.94819
2.96 -5.943
2.97 -5.93789
2.98 -5.93286
2.99 -5.92792
3 -5.92306
3.01 -5.91828
3.02 -5.91358
3.03 -5.90897
3.04 -5.90443
3.05 -5.89997
3.06 -5.89558
3.07 -5.89128
3.08 -5.88705
3.09 -5.88289
3.1 -5.87881
3.11 -5.8748
3.12 -5.87086
3.13 -5.86699
3.14 -5.86319
3.15 -5.85946
3.16 -5.85579
3.17 -5.8522
3.18 -5.84867
3.19 -5.8452
3.2 -5.8418
3.21 -5.83846
3.22 -5.83518
3.23 -5.83196
3.24 -5.8288
3.25 -5.8257
3.26 -5.82266
3.27 -5.81968
3.28 -5.81675
3.29 -5.81388
3.3 -5.81106
3.31 -5.80829
3.32 -5.80558
3.33 -5.80292
3.34 -5.80031
3.35 -5.79775
3.36 -5.79524
3.37 -5.79277
3.38 -5.79035
3.39 -5.78798
3.4 -5.78566
3.41 -5.78338
3.42 -5.78114
3.43 -5.77895
3.44 -5.77679
3.45 -5.77468
3.46 -5.77261
3.47 -5.77058
3.48 -5.76859
3.49 -5.76664
3.5 -5.76473
3.51 -5.76285
3.52 -5.76101
3.53 -5.7592
3.54 -5.75743
3.55 -5.75569
3.56 -5.75399
3.57 -5.75232
3.58 -5.75068
3.59 -5.74908
3.6 -5.7475
3.61 -5.74596
3.62 -5.74444
3.63 -5.74295
3.64 -5.7415
3.65 -5.74007
3.66 -5.73867
3.67 -5.73729
3.68 -5.73594
3.69 -5.73462
3.7 -5.73332
3.71 -5.73205
3.72 -5.7308
3.73 -5.72957
3.74 -5.72837
3.75 -5.72719
3.76 -5.72603
3.77 -5.7249
3.78 -5.72378
3.79 -5.72269
3.8 -5.72162
3.81 -5.72057
3.82 -5.71953
3.83 -5.71852
3.84 -5.71752
3.85 -5.71655
3.86 -5.71559
3.87 -5.71465
3.88 -5.71372
3.89 -5.71282
3.9 -5.71193
3.91 -5.71105
3.92 -5.71019
3.93 -5.70935
3.94 -5.70852
3.95 -5.70771
3.96 -5.70691
3.97 -5.70613
3.98 -5.70535
3.99 -5.7046
4 -5.70385
4.01 -5.70312
4.02 -5.7024
4.03 -5.7017
4.04 -5.701
4.05 -5.70032
4.06 -5.69965
4.07 -5.69899
4.08 -5.69834
4.09 -5.6977
4.1 -5.69707
4.11 -5.69646
4.12 -5.69585
4.13 -5.69525
4.14 -5.69466
4.15 -5.69409
4.16 -5.69352
4.17 -5.69296
4.18 -5.6924
4.19 -5.69186
4.2 -5.69133
4.21 -5.6908
4.22 -5.69028
4.23 -5.68977
4.24 -5.68927
4.25 -5.68877
4.26 -5.68828
4.27 -5.6878
4.28 -5.68732
4.29 -5.68685
4.3 -5.68639
4.31 -5.68594
4.32 -5.68549
4.33 -5.68504
4.34 -5.6846
4.35 -5.68417
4.36 -5.68375
4.37 -5.68333
4.38 -5.68291
4.39 -5.6825
4.4 -5.68209
4.41 -5.68169
4.42 -5.6813
4.43 -5.6809
4.44 -5.68052
4.45 -5.68014
4.46 -5.67976
4.47 -5.67938
4.48 -5.67901
4.49 -5.67865
4.5 -5.67828
4.51 -5.67792
4.52 -5.67757
4.53 -5.67722
4.54 -5.67687
4.55 -5.67652
4.56 -5.67618
4.57 -5.67584
4.58 -5.67551
4.59 -5.67517
4.6 -5.67484
4.61 -5.67452
4.62 -5.67419
4.63 -5.67387
4.64 -5.67355
4.65 -5.67323
4.66 -5.67292
4.67 -5.6726
4.68 -5.67229
4.69 -5.67198
4.7 -5.67167
4.71 -5.67137
4.72 -5.67107
4.73 -5.67076
4.74 -5.67046
4.75 -5.67016
4.76 -5.66987
4.77 -5.66957
4.78 -5.66928
4.79 -5.66898
4.8 -5.66869
4.81 -5.6684
4.82 -5.66811
4.83 -5.66782
4.84 -5.66753
4.85 -5.66725
4.86 -5.66696
4.87 -5.66668
4.88 -5.66639
4.89 -5.66611
4.9 -5.66582
4.91 -5.66554
4.92 -5.66526
4.93 -5.66498
4.94 -5.6647
4.95 -5.66442
4.96 -5.66413
4.97 -5.66385
4.98 -5.66357
4.99 -5.66329
5 -5.66301
5.01 -5.66273
5.02 -5.66245
5.03 -5.66217
5.04 -5.66189
5.05 -5.66161
5.06 -5.66133
5.07 -5.66105
5.08 -5.66077
5.09 -5.66049
5.1 -5.66021
5.11 -5.65993
5.12 -5.65964
5.13 -5.65936
5.14 -5.65908
5.15 -5.65879
5.16 -5.65851
5.17 -5.65822
5.18 -5.65793
5.19 -5.65765
5.2 -5.65736
5.21 -5.65707
5.22 -5.65678
5.23 -5.65649
5.24 -5.6562
5.25 -5.65591
5.26 -5.65561
5.27 -5.65532
5.28 -5.65502
5.29 -5.65472
5.3 -5.65443
5.31 -5.65413
5.32 -5.65382
5.33 -5.65352
5.34 -5.65322
5.35 -5.65291
5.36 -5.65261
5.37 -5.6523
5.38 -5.65199
5.39 -5.65168
5.4 -5.65137
5.41 -5.65105
5.42 -5.65073
5.43 -5.65042
5.44 -5.6501
5.45 -5.64978
5.46 -5.64945
5.47 -5.64913
5.48 -5.6488
5.49 -5.64847
5.5 -5.64814
5.51 -5.64781
5.52 -5.64747
5.53 -5.64714
5.54 -5.6468
5.55 -5.64646
5.56 -5.64611
5.57 -5.64577
5.58 -5.64542
5.59 -5.64507
5.6 -5.64471
5.61 -5.64436
5.62 -5.644
5.63 -5.64364
5.64 -5.64328
5.65 -5.64291
5.66 -5.64254
5.67 -5.64217
5.68 -5.6418
5.69 -5.64142
5.7 -5.64105
5.71 -5.64066
5.72 -5.64028
5.73 -5.63989
5.74 -5.6395
5.75 -5.63911
5.76 -5.63871
5.77 -5.63831
5.78 -5.63791
5.79 -5.6375
5.8 -5.63709
5.81 -5.63668
5.82 -5.63627
5.83 -5.63585
5.84 -5.63543
5.85 -5.635
5.86 -5.63457
5.87 -5.63414
5.88 -5.6337
5.89 -5.63326
5.9 -5.63282
5.91 -5.63238
5.92 -5.63192
5.93 -5.63147
5.94 -5.63101
5.95 -5.63055
5.96 -5.63009
5.97 -5.62962
5.98 -5.62914
5.99 -5.62867
6 -5.62818
6.01 -5.6277
6.02 -5.62721
6.03 -5.62672
6.04 -5.62622
6.05 -5.62572
6.06 -5.62521
6.07 -5.6247
6.08 -5.62419
6.09 -5.62367
6.1 -5.62314
6.11 -5.62261
6.12 -5.62208
6.13 -5.62155
6.14 -5.621
6.15 -5.62046
6.16 -5.61991
6.17 -5.61935
6.18 -5.61879
6.19 -5.61823
6.2 -5.61766
6.21 -5.61708
6.22 -5.6165
6.23 -5.61592
6.24 -5.61533
6.25 -5.61474
6.26 -5.61414
6.27 -5.61354
6.28 -5.61293
6.29 -5.61231
6.3 -5.61169
6.31 -5.61107
6.32 -5.61044
6.33 -5.60981
6.34 -5.60917
6.35 -5.60853
6.36 -5.60788
6.37 -5.60722
6.38 -5.60657
6.39 -5.6059
6.4 -5.60523
6.41 -5.60456
6.42 -5.60388
6.43 -5.60319
6.44 -5.6025
6.45 -5.60181
6.46 -5.60111
6.47 -5.60041
6.48 -5.5997
6.49 -5.59898
6.5 -5.59826
6.51 -5.59754
6.52 -5.59681
6.53 -5.59607
6.54 -5.59533
6.55 -5.59459
6.56 -5.59384
6.57 -5.59309
6.58 -5.59233
6.59 -5.59157
6.6 -5.5908
6.61 -5.59003
6.62 -5.58925
6.63 -5.58847
6.64 -5.58768
6.65 -5.58689
6.66 -5.5861
6.67 -5.5853
6.68 -5.5845
6.69 -5.58369
6.7 -5.58288
6.71 -5.58206
6.72 -5.58125
6.73 -5.58042
6.74 -5.5796
6.75 -5.57877
6.76 -5.57793
6.77 -5.57709
6.78 -5.57625
6.79 -5.57541
6.8 -5.57456
6.81 -5.57371
6.82 -5.57286
6.83 -5.572
6.84 -5.57114
6.85 -5.57028
6.86 -5.56941
6.87 -5.56854
6.88 -5.56767
6.89 -5.56679
6.9 -5.56591
6.91 -5.56503
6.92 -5.56415
6.93 -5.56326
6.94 -5.56237
6.95 -5.56147
6.96 -5.56058
6.97 -5.55968
6.98 -5.55878
6.99 -5.55787
7 -5.55696
7.01 -5.55605
7.02 -5.55514
7.03 -5.55422
7.04 -5.55329
7.05 -5.55237
7.06 -5.55144
7.07 -5.5505
7.08 -5.54957
7.09 -5.54862
7.1 -5.54768
7.11 -5.54672
7.12 -5.54577
7.13 -5.5448
7.14 -5.54383
7.15 -5.54286
7.16 -5.54188
7.17 -5.54089
7.18 -5.5399
7.19 -5.53889
7.2 -5.53788
7.21 -5.53687
7.22 -5.53584
7.23 -5.53481
7.24 -5.53376
7.25 -5.53271
7.26 -5.53164
7.27 -5.53057
7.28 -5.52948
7.29 -5.52839
7.3 -5.52728
7.31 -5.52616
7.32 -5.52502
7.33 -5.52387
7.34 -5.52271
7.35 -5.52153
7.36 -5.52034
7.37 -5.51914
7.38 -5.51791
7.39 -5.51667
7.4 -5.51542
7.41 -5.51415
7.42 -5.51286
7.43 -5.51155
7.44 -5.51022
7.45 -5.50888
7.46 -5.50751
7.47 -5.50613
7.48 -5.50473
7.49 -5.50331
7.5 -5.50187
7.51 -5.50041
7.52 -5.49892
7.53 -5.49742
7.54 -5.4959
7.55 -5.49436
7.56 -5.4928
7.57 -5.49122
7.58 -5.48962
7.59 -5.488
7.6 -5.48636
7.61 -5.48471
7.62 -5.48303
7.63 -5.48134
7.64 -5.47963
7.65 -5.47791
7.66 -5.47617
7.67 -5.47442
7.68 -5.47265
7.69 -5.47087
7.7 -5.46908
7.71 -5.46728
7.72 -5.46547
7.73 -5.46366
7.74 -5.46184
7.75 -5.46001
7.76 -5.45818
7.77 -5.45636
7.78 -5.45453
7.79 -5.4527
7.8 -5.45089
7.81 -5.44907
7.82 -5.44727
7.83 -5.44548
7.84 -5.4437
7.85 -5.44195
7.86 -5.44021
7.87 -5.43849
7.88 -5.43679
7.89 -5.43513
7.9 -5.43349
7.91 -5.43189
7.92 -5.43033
7.93 -5.4288
7.94 -5.42732
7.95 -5.42588
7.96 -5.42449
7.97 -5.42316
7.98 -5.42188
7.99 -5.42066
8 -5.41951
8.01 -5.41842
8.02 -5.4174
8.03 -5.41645
8.04 -5.41558
8.05 -5.41479
8.06 -5.41409
8.07 -5.41347
8.08 -5.41295
8.09 -5.41252
8.1 -5.41218
8.11 -5.41195
8.12 -5.41183
8.13 -5.41181
8.14 -5.41191
8.15 -5.41212
8.16 -5.41245
8.17 -5.4129
8.18 -5.41348
8.19 -5.41418
8.2 -5.41502
8.21 -5.41599
8.22 -5.4171
8.23 -5.41834
8.24 -5.41973
8.25 -5.42126
8.26 -5.42295
8.27 -5.42477
8.28 -5.42676
8.29 -5.42889
8.3 -5.43118
8.31 -5.43363
8.32 -5.43624
8.33 -5.43901
8.34 -5.44194
8.35 -5.44503
8.36 -5.44829
8.37 -5.45171
8.38 -5.4553
8.39 -5.45906
8.4 -5.46299
8.41 -5.46708
8.42 -5.47135
8.43 -5.47578
8.44 -5.48038
8.45 -5.48515
8.46 -5.49009
8.47 -5.4952
8.48 -5.50047
8.49 -5.50591
8.5 -5.51152
8.51 -5.51729
8.52 -5.52323
8.53 -5.52933
8.54 -5.53559
8.55 -5.54201
8.56 -5.54858
8.57 -5.55532
8.58 -5.56221
8.59 -5.56925
8.6 -5.57644
8.61 -5.58378
8.62 -5.59127
8.63 -5.5989
8.64 -5.60667
8.65 -5.61458
8.66 -5.62262
8.67 -5.6308
8.68 -5.6391
8.69 -5.64754
8.7 -5.65609
8.71 -5.66477
8.72 -5.67357
8.73 -5.68247
8.74 -5.69149
8.75 -5.70062
8.76 -5.70985
8.77 -5.71919
8.78 -5.72862
8.79 -5.73814
8.8 -5.74775
8.81 -5.75745
8.82 -5.76724
8.83 -5.7771
8.84 -5.78705
8.85 -5.79706
8.86 -5.80715
8.87 -5.8173
8.88 -5.82751
8.89 -5.83778
8.9 -5.84811
8.91 -5.85849
8.92 -5.86892
8.93 -5.8794
8.94 -5.88992
8.95 -5.90048
8.96 -5.91108
8.97 -5.92171
8.98 -5.93237
8.99 -5.94305
9 -5.95377
9.01 -5.9645
9.02 -5.97525
9.03 -5.98602
9.04 -5.9968
9.05 -6.0076
9.06 -6.0184
9.07 -6.02921
9.08 -6.04002
9.09 -6.05083
9.1 -6.06164
9.11 -6.07245
9.12 -6.08325
9.13 -6.09404
9.14 -6.10482
9.15 -6.1156
9.16 -6.12636
9.17 -6.1371
9.18 -6.14783
9.19 -6.15853
9.2 -6.16922
9.21 -6.17989
9.22 -6.19053
9.23 -6.20114
9.24 -6.21173
9.25 -6.2223
9.26 -6.23283
9.27 -6.24333
9.28 -6.25381
9.29 -6.26425
9.3 -6.27465
9.31 -6.28502
9.32 -6.29536
9.33 -6.30566
9.34 -6.31592
9.35 -6.32615
9.36 -6.33633
9.37 -6.34648
9.38 -6.35658
9.39 -6.36665
9.4 -6.37667
9.41 -6.38665
9.42 -6.39659
9.43 -6.40649
9.44 -6.41634
9.45 -6.42614
9.46 -6.43591
9.47 -6.44562
9.48 -6.45529
9.49 -6.46492
9.5 -6.4745
9.51 -6.48403
9.52 -6.49352
9.53 -6.50296
9.54 -6.51235
9.55 -6.5217
9.56 -6.531
9.57 -6.54025
9.58 -6.54945
9.59 -6.55861
9.6 -6.56772
9.61 -6.57678
9.62 -6.58579
9.63 -6.59475
9.64 -6.60367
9.65 -6.61253
9.66 -6.62135
9.67 -6.63012
9.68 -6.63885
9.69 -6.64752
9.7 -6.65615
9.71 -6.66473
9.72 -6.67326
9.73 -6.68174
9.74 -6.69018
9.75 -6.69857
9.76 -6.70691
9.77 -6.7152
9.78 -6.72344
9.79 -6.73164
9.8 -6.73979
9.81 -6.7479
9.82 -6.75596
9.83 -6.76397
9.84 -6.77193
9.85 -6.77985
9.86 -6.78772
9.87 -6.79555
9.88 -6.80333
9.89 -6.81106
9.9 -6.81875
9.91 -6.82639
9.92 -6.83399
9.93 -6.84155
9.94 -6.84906
9.95 -6.85652
9.96 -6.86394
9.97 -6.87132
9.98 -6.87865
9.99 -6.88594
10 -6.89319
10.001 -10
