0 -10
0.01 -8.15688
0.02 -8.15237
0.03 -8.14784
0.04 -8.1433
0.05 -8.13875
0.06 -8.13417
0.07 -8.12959
0.08 -8.12499
0.09 -8.12038
0.1 -8.11575
0.11 -8.1111
0.12 -8.10644
0.13 -8.10177
0.14 -8.09708
0.15 -8.09237
0.16 -8.08765
0.17 -8.08291
0.18 -8.07816
0.19 -8.07339
0.2 -8.06861
0.21 -8.06381
0.22 -8.05899
0.23 -8.05415
0.24 -8.0493
0.25 -8.04443
0.26 -8.03955
0.27 -8.03464
0.28 -8.02972
0.29 -8.02478
0.3 -8.01983
0.31 -8.01485
0.32 -8.00986
0.33 -8.00484
0.34 -7.99981
0.35 -7.99476
0.36 -7.98969
0.37 -7.9846
0.38 -7.97949
0.39 -7.97436
0.4 -7.96921
0.41 -7.96404
0.42 -7.95885
0.43 -7.95363
0.44 -7.9484
0.45 -7.94314
0.46 -7.93786
0.47 -7.93256
0.48 -7.92723
0.49 -7.92188
0.5 -7.91651
0.51 -7.91111
0.52 -7.90569
0.53 -7.90025
0.54 -7.89478
0.55 -7.88928
0.56 -7.88376
0.57 -7.87822
0.58 -7.87264
0.59 -7.86704
0.6 -7.86141
0.61 -7.85576
0.62 -7.85007
0.63 -7.84436
0.64 -7.83862
0.65 -7.83285
0.66 -7.82705
0.67 -7.82122
0.68 -7.81536
0.69 -7.80946
0.7 -7.80354
0.71 -7.79758
0.72 -7.79159
0.73 -7.78557
0.74 -7.77952
0.75 -7.77343
0.76 -7.7673
0.77 -7.76114
0.78 -7.75495
0.79 -7.74871
0.8 -7.74245
0.81 -7.73614
0.82 -7.7298
0.83 -7.72342
0.84 -7.717
0.85 -7.71054
0.86 -7.70404
0.87 -7.6975
0.88 -7.69092
0.89 -7.6843
0.9 -7.67763
0.91 -7.67093
0.92 -7.66418
0.93 -7.65739
0.94 -7.65055
0.95 -7.64367
0.96 -7.63674
0.97 -7.62977
0.98 -7.62275
0.99 -7.61568
1 -7.60857
1.01 -7.60141
1.02 -7.5942
1.03 -7.58695
1.04 -7.57964
1.05 -7.57228
1.06 -7.56488
1.07 -7.55742
1.08 -7.54991
1.09 -7.54235
1.1 -7.53474
1.11 -7.52707
1.12 -7.51935
1.13 -7.51158
1.14 -7.50375
1.15 -7.49587
1.16 -7.48794
1.17 -7.47995
1.18 -7.4719
1.19 -7.4638
1.2 -7.45565
1.21 -7.44743
1.22 -7.43916
1.23 -7.43084
1.24 -7.42245
1.25 -7.41401
1.26 -7.40552
1.27 -7.39696
1.28 -7.38835
1.29 -7.37968
1.3 -7.37095
1.31 -7.36216
1.32 -7.35332
1.33 -7.34442
1.34 -7.33546
1.35 -7.32644
1.36 -7.31736
1.37 -7.30823
1.38 -7.29904
1.39 -7.28979
1.4 -7.28049
1.41 -7.27112
1.42 -7.26171
1.43 -7.25223
1.44 -7.2427
1.45 -7.23312
1.46 -7.22348
1.47 -7.21379
1.48 -7.20404
1.49 -7.19424
1.5 -7.18439
1.51 -7.17448
1.52 -7.16453
1.53 -7.15452
1.54 -7.14447
1.55 -7.13437
1.56 -7.12422
1.57 -7.11402
1.58 -7.10378
1.59 -7.09349
1.6 -7.08316
1.61 -7.07278
1.62 -7.06237
1.63 -7.05192
1.64 -7.04142
1.65 -7.03089
1.66 -7.02033
1.67 -7.00973
1.68 -6.99909
1.69 -6.98843
1.7 -6.97773
1.71 -6.96701
1.72 -6.95626
1.73 -6.94548
1.74 -6.93468
1.75 -6.92386
1.76 -6.91302
1.77 -6.90216
1.78 -6.89129
1.79 -6.8804
1.8 -6.8695
1.81 -6.85859
1.82 -6.84767
1.83 -6.83674
1.84 -6.82581
1.85 -6.81488
1.86 -6.80395
1.87 -6.79302
1.88 -6.7821
1.89 -6.77118
1.9 -6.76027
1.91 -6.74937
1.92 -6.73849
1.93 -6.72762
1.94 -6.71676
1.95 -6.70593
1.96 -6.69512
1.97 -6.68434
1.98 -6.67358
1.99 -6.66285
2 -6.65216
2.01 -6.64149
2.02 -6.63087
2.03 -6.62028
2.04 -6.60973
2.05 -6.59922
2.06 -6.58876
2.07 -6.57835
2.08 -6.56798
2.09 -6.55767
2.1 -6.54741
2.11 -6.5372
2.12 -6.52706
2.13 -6.51697
2.14 -6.50694
2.15 -6.49698
2.16 -6.48708
2.17 -6.47725
2.18 -6.46749
2.19 -6.4578
2.2 -6.44818
2.21 -6.43863
2.22 -6.42916
2.23 -6.41977
2.24 -6.41046
2.25 -6.40123
2.26 -6.39207
2.27 -6.383
2.28 -6.37402
2.29 -6.36512
2.3 -6.3563
2.31 -6.34758
2.32 -6.33894
2.33 -6.33039
2.34 -6.32193
2.35 -6.31356
2.36 -6.30528
2.37 -6.2971
2.38 -6.28901
2.39 -6.28101
2.4 -6.27311
2.41 -6.2653
2.42 -6.25759
2.43 -6.24997
2.44 -6.24245
2.45 -6.23502
2.46 -6.22769
2.47 -6.22046
2.48 -6.21332
2.49 -6.20628
2.5 -6.19933
2.51 -6.19248
2.52 -6.18573
2.53 -6.17907
2.54 -6.17251
2.55 -6.16604
2.56 -6.15967
2.57 -6.15339
2.58 -6.1472
2.59 -6.14111
2.6 -6.13511
2.61 -6.12921
2.62 -6.12339
2.63 -6.11767
2.64 -6.11204
2.65 -6.1065
2.66 -6.10104
2.67 -6.09568
2.68 -6.0904
2.69 -6.08521
2.7 -6.0801
2.71 -6.07508
2.72 -6.07015
2.73 -6.0653
2.74 -6.06053
2.75 -6.05584
2.76 -6.05123
2.77 -6.0467
2.78 -6.04226
2.79 -6.03789
2.8 -6.03359
2.81 -6.02937
2.82 -6.02523
2.83 -6.02116
2.84 -6.01717
2.85 -6.01324
2.86 -6.00939
2.87 -6.00561
2.88 -6.0019
2.89 -5.99825
2.9 -5.99467
2.91 -5.99116
2.92 -5.98771
2.93 -5.98433
2.94 -5.98101
2.95 -5.97775
2.96 -5.97455
2.97 -5.97141
2.98 -5.96833
2.99 -5.96531
3 -5.96235
3.01 -5.95944
3.02 -5.95659
3.03 -5.95379
3.04 -5.95105
3.05 -5.94835
3.06 -5.94571
3.07 -5.94312
3.08 -5.94058
3.09 -5.93809
3.1 -5.93564
3.11 -5.93325
3.12 -5.9309
3.13 -5.92859
3.14 -5.92633
3.15 -5.92411
3.16 -5.92194
3.17 -5.9198
3.18 -5.91771
3.19 -5.91566
3.2 -5.91365
3.21 -5.91168
3.22 -5.90974
3.23 -5.90785
3.24 -5.90599
3.25 -5.90416
3.26 -5.90237
3.27 -5.90062
3.28 -5.8989
3.29 -5.89721
3.3 -5.89556
3.31 -5.89393
3.32 -5.89234
3.33 -5.89078
3.34 -5.88925
3.35 -5.88775
3.36 -5.88628
3.37 -5.88483
3.38 -5.88341
3.39 -5.88202
3.4 -5.88066
3.41 -5.87932
3.42 -5.87801
3.43 -5.87672
3.44 -5.87546
3.45 -5.87422
3.46 -5.87301
3.47 -5.87181
3.48 -5.87064
3.49 -5.8695
3.5 -5.86837
3.51 -5.86726
3.52 -5.86618
3.53 -5.86511
3.54 -5.86407
3.55 -5.86304
3.56 -5.86204
3.57 -5.86105
3.58 -5.86008
3.59 -5.85912
3.6 -5.85819
3.61 -5.85727
3.62 -5.85637
3.63 -5.85548
3.64 -5.85461
3.65 -5.85376
3.66 -5.85292
3.67 -5.85209
3.68 -5.85128
3.69 -5.85049
3.7 -5.84971
3.71 -5.84894
3.72 -5.84818
3.73 -5.84744
3.74 -5.84671
3.75 -5.84599
3.76 -5.84529
3.77 -5.8446
3.78 -5.84391
3.79 -5.84324
3.8 -5.84259
3.81 -5.84194
3.82 -5.8413
3.83 -5.84067
3.84 -5.84006
3.85 -5.83945
3.86 -5.83885
3.87 -5.83826
3.88 -5.83769
3.89 -5.83712
3.9 -5.83655
3.91 -5.836
3.92 -5.83546
3.93 -5.83492
3.94 -5.8344
3.95 -5.83388
3.96 -5.83336
3.97 -5.83286
3.98 -5.83236
3.99 -5.83187
4 -5.83139
4.01 -5.83091
4.02 -5.83044
4.03 -5.82998
4.04 -5.82952
4.05 -5.82907
4.06 -5.82862
4.07 -5.82819
4.08 -5.82775
4.09 -5.82732
4.1 -5.8269
4.11 -5.82648
4.12 -5.82607
4.13 -5.82567
4.14 -5.82526
4.15 -5.82487
4.16 -5.82447
4.17 -5.82409
4.18 -5.8237
4.19 -5.82332
4.2 -5.82295
4.21 -5.82258
4.22 -5.82221
4.23 -5.82185
4.24 -5.82149
4.25 -5.82113
4.26 -5.82078
4.27 -5.82043
4.28 -5.82008
4.29 -5.81974
4.3 -5.8194
4.31 -5.81907
4.32 -5.81874
4.33 -5.81841
4.34 -5.81808
4.35 -5.81775
4.36 -5.81743
4.37 -5.81711
4.38 -5.8168
4.39 -5.81648
4.4 -5.81617
4.41 -5.81586
4.42 -5.81555
4.43 -5.81525
4.44 -5.81495
4.45 -5.81464
4.46 -5.81434
4.47 -5.81405
4.48 -5.81375
4.49 -5.81346
4.5 -5.81317
4.51 -5.81288
4.52 -5.81259
4.53 -5.8123
4.54 -5.81201
4.55 -5.81173
4.56 -5.81144
4.57 -5.81116
4.58 -5.81088
4.59 -5.8106
4.6 -5.81032
4.61 -5.81004
4.62 -5.80977
4.63 -5.80949
4.64 -5.80921
4.65 -5.80894
4.66 -5.80867
4.67 -5.80839
4.68 -5.80812
4.69 -5.80785
4.7 -5.80758
4.71 -5.80731
4.72 -5.80704
4.73 -5.80677
4.74 -5.8065
4.75 -5.80623
4.76 -5.80596
4.77 -5.8057
4.78 -5.80543
4.79 -5.80516
4.8 -5.80489
4.81 -5.80463
4.82 -5.80436
4.83 -5.80409
4.84 -5.80382
4.85 -5.80356
4.86 -5.80329
4.87 -5.80302
4.88 -5.80275
4.89 -5.80249
4.9 -5.80222
4.91 -5.80195
4.92 -5.80168
4.93 -5.80141
4.94 -5.80115
4.95 -5.80088
4.96 -5.80061
4.97 -5.80034
4.98 -5.80007
4.99 -5.7998
5 -5.79952
5.01 -5.79925
5.02 -5.79898
5.03 -5.79871
5.04 -5.79843
5.05 -5.79816
5.06 -5.79788
5.07 -5.79761
5.08 -5.79733
5.09 -5.79705
5.1 -5.79677
5.11 -5.79649
5.12 -5.79621
5.13 -5.79593
5.14 -5.79565
5.15 -5.79537
5.16 -5.79509
5.17 -5.7948
5.18 -5.79452
5.19 -5.79423
5.2 -5.79394
5.21 -5.79365
5.22 -5.79336
5.23 -5.79307
5.24 -5.79278
5.25 -5.79249
5.26 -5.79219
5.27 -5.79189
5.28 -5.7916
5.29 -5.7913
5.3 -5.791
5.31 -5.7907
5.32 -5.7904
5.33 -5.79009
5.34 -5.78979
5.35 -5.78948
5.36 -5.78917
5.37 -5.78886
5.38 -5.78855
5.39 -5.78824
5.4 -5.78792
5.41 -5.78761
5.42 -5.78729
5.43 -5.78697
5.44 -5.78665
5.45 -5.78633
5.46 -5.78601
5.47 -5.78568
5.48 -5.78535
5.49 -5.78502
5.5 -5.78469
5.51 -5.78436
5.52 -5.78403
5.53 -5.78369
5.54 -5.78335
5.55 -5.78301
5.56 -5.78267
5.57 -5.78233
5.58 -5.78198
5.59 -5.78164
5.6 -5.78129
5.61 -5.78094
5.62 -5.78058
5.63 -5.78023
5.64 -5.77987
5.65 -5.77951
5.66 -5.77915
5.67 -5.77879
5.68 -5.77842
5.69 -5.77806
5.7 -5.77769
5.71 -5.77732
5.72 -5.77694
5.73 -5.77657
5.74 -5.77619
5.75 -5.77581
5.76 -5.77543
5.77 -5.77504
5.78 -5.77466
5.79 -5.77427
5.8 -5.77388
5.81 -5.77349
5.82 -5.77309
5.83 -5.7727
5.84 -5.7723
5.85 -5.7719
5.86 -5.7715
5.87 -5.77109
5.88 -5.77068
5.89 -5.77028
5.9 -5.76986
5.91 -5.76945
5.92 -5.76904
5.93 -5.76862
5.94 -5.7682
5.95 -5.76778
5.96 -5.76736
5.97 -5.76693
5.98 -5.7665
5.99 -5.76607
6 -5.76564
6.01 -5.76521
6.02 -5.76477
6.03 -5.76434
6.04 -5.7639
6.05 -5.76346
6.06 -5.76302
6.07 -5.76257
6.08 -5.76213
6.09 -5.76168
6.1 -5.76123
6.11 -5.76078
6.12 -5.76033
6.13 -5.75988
6.14 -5.75943
6.15 -5.75897
6.16 -5.75851
6.17 -5.75806
6.18 -5.7576
6.19 -5.75714
6.2 -5.75668
6.21 -5.75622
6.22 -5.75575
6.23 -5.75529
6.24 -5.75483
6.25 -5.75436
6.26 -5.7539
6.27 -5.75343
6.28 -5.75297
6.29 -5.7525
6.3 -5.75204
6.31 -5.75157
6.32 -5.75111
6.33 -5.75064
6.34 -5.75018
6.35 -5.74971
6.36 -5.74925
6.37 -5.74878
6.38 -5.74832
6.39 -5.74786
6.4 -5.74739
6.41 -5.74693
6.42 -5.74647
6.43 -5.74601
6.44 -5.74556
6.45 -5.7451
6.46 -5.74464
6.47 -5.74419
6.48 -5.74374
6.49 -5.74329
6.5 -5.74284
6.51 -5.74239
6.52 -5.74194
6.53 -5.7415
6.54 -5.74106
6.55 -5.74062
6.56 -5.74018
6.57 -5.73974
6.58 -5.7393
6.59 -5.73887
6.6 -5.73844
6.61 -5.73801
6.62 -5.73758
6.63 -5.73715
6.64 -5.73672
6.65 -5.7363
6.66 -5.73587
6.67 -5.73545
6.68 -5.73503
6.69 -5.73461
6.7 -5.73419
6.71 -5.73377
6.72 -5.73335
6.73 -5.73293
6.74 -5.73251
6.75 -5.73208
6.76 -5.73166
6.77 -5.73124
6.78 -5.73082
6.79 -5.73039
6.8 -5.72996
6.81 -5.72953
6.82 -5.7291
6.83 -5.72866
6.84 -5.72822
6.85 -5.72777
6.86 -5.72732
6.87 -5.72687
6.88 -5.72641
6.89 -5.72594
6.9 -5.72546
6.91 -5.72498
6.92 -5.72449
6.93 -5.724
6.94 -5.72349
6.95 -5.72298
6.96 -5.72245
6.97 -5.72192
6.98 -5.72137
6.99 -5.72081
7 -5.72024
7.01 -5.71966
7.02 -5.71906
7.03 -5.71845
7.04 -5.71782
7.05 -5.71718
7.06 -5.71653
7.07 -5.71586
7.08 -5.71517
7.09 -5.71447
7.1 -5.71374
7.11 -5.713
7.12 -5.71225
7.13 -5.71147
7.14 -5.71068
7.15 -5.70987
7.16 -5.70903
7.17 -5.70818
7.18 -5.70731
7.19 -5.70642
7.2 -5.70551
7.21 -5.70458
7.22 -5.70363
7.23 -5.70267
7.24 -5.70168
7.25 -5.70067
7.26 -5.69965
7.27 -5.69861
7.28 -5.69755
7.29 -5.69647
7.3 -5.69537
7.31 -5.69426
7.32 -5.69314
7.33 -5.692
7.34 -5.69084
7.35 -5.68968
7.36 -5.6885
7.37 -5.68731
7.38 -5.68611
7.39 -5.6849
7.4 -5.68369
7.41 -5.68247
7.42 -5.68125
7.43 -5.68002
7.44 -5.6788
7.45 -5.67757
7.46 -5.67635
7.47 -5.67513
7.48 -5.67392
7.49 -5.67272
7.5 -5.67153
7.51 -5.67035
7.52 -5.66919
7.53 -5.66805
7.54 -5.66692
7.55 -5.66582
7.56 -5.66475
7.57 -5.6637
7.58 -5.66268
7.59 -5.6617
7.6 -5.66075
7.61 -5.65984
7.62 -5.65898
7.63 -5.65816
7.64 -5.65738
7.65 -5.65666
7.66 -5.65599
7.67 -5.65538
7.68 -5.65483
7.69 -5.65434
7.7 -5.65392
7.71 -5.65356
7.72 -5.65328
7.73 -5.65308
7.74 -5.65295
7.75 -5.65291
7.76 -5.65295
7.77 -5.65308
7.78 -5.6533
7.79 -5.65361
7.8 -5.65403
7.81 -5.65454
7.82 -5.65516
7.83 -5.65588
7.84 -5.65672
7.85 -5.65766
7.86 -5.65872
7.87 -5.6599
7.88 -5.6612
7.89 -5.66263
7.9 -5.66418
7.91 -5.66586
7.92 -5.66767
7.93 -5.66961
7.94 -5.67169
7.95 -5.67391
7.96 -5.67626
7.97 -5.67876
7.98 -5.68141
7.99 -5.6842
8 -5.68714
8.01 -5.69023
8.02 -5.69347
8.03 -5.69686
8.04 -5.7004
8.05 -5.70411
8.06 -5.70797
8.07 -5.71198
8.08 -5.71616
8.09 -5.72049
8.1 -5.72499
8.11 -5.72964
8.12 -5.73446
8.13 -5.73944
8.14 -5.74458
8.15 -5.74988
8.16 -5.75535
8.17 -5.76098
8.18 -5.76676
8.19 -5.77271
8.2 -5.77883
8.21 -5.7851
8.22 -5.79153
8.23 -5.79812
8.24 -5.80486
8.25 -5.81177
8.26 -5.81883
8.27 -5.82604
8.28 -5.83341
8.29 -5.84092
8.3 -5.84859
8.31 -5.8564
8.32 -5.86436
8.33 -5.87246
8.34 -5.8807
8.35 -5.88908
8.36 -5.8976
8.37 -5.90625
8.38 -5.91503
8.39 -5.92394
8.4 -5.93298
8.41 -5.94213
8.42 -5.95141
8.43 -5.96081
8.44 -5.97032
8.45 -5.97994
8.46 -5.98967
8.47 -5.9995
8.48 -6.00943
8.49 -6.01946
8.5 -6.02959
8.51 -6.0398
8.52 -6.0501
8.53 -6.06049
8.54 -6.07095
8.55 -6.0815
8.56 -6.09211
8.57 -6.10279
8.58 -6.11354
8.59 -6.12435
8.6 -6.13522
8.61 -6.14614
8.62 -6.15712
8.63 -6.16814
8.64 -6.1792
8.65 -6.19031
8.66 -6.20145
8.67 -6.21263
8.68 -6.22384
8.69 -6.23507
8.7 -6.24633
8.71 -6.2576
8.72 -6.2689
8.73 -6.28021
8.74 -6.29152
8.75 -6.30285
8.76 -6.31418
8.77 -6.32551
8.78 -6.33684
8.79 -6.34817
8.8 -6.35949
8.81 -6.37081
8.82 -6.38211
8.83 -6.39339
8.84 -6.40466
8.85 -6.41591
8.86 -6.42714
8.87 -6.43834
8.88 -6.44952
8.89 -6.46068
8.9 -6.4718
8.91 -6.48289
8.92 -6.49395
8.93 -6.50497
8.94 -6.51595
8.95 -6.5269
8.96 -6.5378
8.97 -6.54867
8.98 -6.55949
8.99 -6.57027
9 -6.581
9.01 -6.59168
9.02 -6.60232
9.03 -6.6129
9.04 -6.62344
9.05 -6.63392
9.06 -6.64436
9.07 -6.65473
9.08 -6.66506
9.09 -6.67533
9.1 -6.68554
9.11 -6.6957
9.12 -6.7058
9.13 -6.71585
9.14 -6.72583
9.15 -6.73576
9.16 -6.74563
9.17 -6.75544
9.18 -6.76519
9.19 -6.77487
9.2 -6.7845
9.21 -6.79407
9.22 -6.80358
9.23 -6.81302
9.24 -6.8224
9.25 -6.83173
9.26 -6.84099
9.27 -6.85019
9.28 -6.85932
9.29 -6.8684
9.3 -6.87741
9.31 -6.88636
9.32 -6.89525
9.33 -6.90408
9.34 -6.91285
9.35 -6.92155
9.36 -6.93019
9.37 -6.93878
9.38 -6.9473
9.39 -6.95576
9.4 -6.96416
9.41 -6.97249
9.42 -6.98077
9.43 -6.98899
9.44 -6.99715
9.45 -7.00525
9.46 -7.01328
9.47 -7.02126
9.48 -7.02919
9.49 -7.03705
9.5 -7.04485
9.51 -7.0526
9.52 -7.06029
9.53 -7.06792
9.54 -7.07549
9.55 -7.08301
9.56 -7.09047
9.57 -7.09788
9.58 -7.10523
9.59 -7.11252
9.6 -7.11976
9.61 -7.12695
9.62 -7.13408
9.63 -7.14116
9.64 -7.14819
9.65 -7.15516
9.66 -7.16208
9.67 -7.16895
9.68 -7.17576
9.69 -7.18253
9.7 -7.18924
9.71 -7.19591
9.72 -7.20252
9.73 -7.20909
9.74 -7.2156
9.75 -7.22207
9.76 -7.22849
9.77 -7.23486
9.78 -7.24118
9.79 -7.24746
9.8 -7.25369
9.81 -7.25988
9.82 -7.26601
9.83 -7.27211
9.84 -7.27815
9.85 -7.28416
9.86 -7.29012
9.87 -7.29603
9.88 -7.3019
9.89 -7.30773
9.9 -7.31352
9.91 -7.31927
9.92 -7.32497
9.93 -7.33063
9.94 -7.33625
9.95 -7.34183
9.96 -7.34737
9.97 -7.35288
9.98 -7.35834
9.99 -7.36376
10 -7.36915
10.001 -10
