0 0
0.01 0.571606
0.02 0.570858
0.03 0.570115
0.04 0.569377
0.05 0.568646
0.06 0.56792
0.07 0.567201
0.08 0.566488
0.09 0.565782
0.1 0.565082
0.11 0.564389
0.12 0.563703
0.13 0.563024
0.14 0.562353
0.15 0.561689
0.16 0.561032
0.17 0.560384
0.18 0.559743
0.19 0.559111
0.2 0.558487
0.21 0.557872
0.22 0.557266
0.23 0.556668
0.24 0.55608
0.25 0.555501
0.26 0.554932
0.27 0.554373
0.28 0.553823
0.29 0.553284
0.3 0.552755
0.31 0.552237
0.32 0.551729
0.33 0.551233
0.34 0.550747
0.35 0.550274
0.36 0.549811
0.37 0.549361
0.38 0.548923
0.39 0.548497
0.4 0.548084
0.41 0.547684
0.42 0.547296
0.43 0.546922
0.44 0.546562
0.45 0.546215
0.46 0.545882
0.47 0.545563
0.48 0.545258
0.49 0.544969
0.5 0.544694
0.51 0.544434
0.52 0.54419
0.53 0.543961
0.54 0.543749
0.55 0.543552
0.56 0.543372
0.57 0.543208
0.58 0.543061
0.59 0.542931
0.6 0.542819
0.61 0.542724
0.62 0.542647
0.63 0.542588
0.64 0.542548
0.65 0.542526
0.66 0.542523
0.67 0.542539
0.68 0.542574
0.69 0.542629
0.7 0.542703
0.71 0.542798
0.72 0.542913
0.73 0.543048
0.74 0.543204
0.75 0.543381
0.76 0.54358
0.77 0.5438
0.78 0.544041
0.79 0.544304
0.8 0.54459
0.81 0.544898
0.82 0.545228
0.83 0.545581
0.84 0.545958
0.85 0.546357
0.86 0.54678
0.87 0.547226
0.88 0.547696
0.89 0.54819
0.9 0.548708
0.91 0.549251
0.92 0.549818
0.93 0.55041
0.94 0.551026
0.95 0.551668
0.96 0.552334
0.97 0.553026
0.98 0.553743
0.99 0.554486
1 0.555255
1.01 0.556049
1.02 0.556869
1.03 0.557715
1.04 0.558586
1.05 0.559485
1.06 0.560409
1.07 0.561359
1.08 0.562336
1.09 0.563339
1.1 0.564368
1.11 0.565423
1.12 0.566505
1.13 0.567613
1.14 0.568748
1.15 0.569909
1.16 0.571095
1.17 0.572308
1.18 0.573548
1.19 0.574813
1.2 0.576104
1.21 0.57742
1.22 0.578763
1.23 0.58013
1.24 0.581524
1.25 0.582942
1.26 0.584385
1.27 0.585853
1.28 0.587346
1.29 0.588862
1.3 0.590403
1.31 0.591968
1.32 0.593556
1.33 0.595167
1.34 0.596801
1.35 0.598458
1.36 0.600137
1.37 0.601838
1.38 0.60356
1.39 0.605303
1.4 0.607067
1.41 0.608851
1.42 0.610655
1.43 0.612478
1.44 0.614319
1.45 0.616179
1.46 0.618057
1.47 0.619952
1.48 0.621864
1.49 0.623792
1.5 0.625736
1.51 0.627695
1.52 0.629668
1.53 0.631655
1.54 0.633655
1.55 0.635668
1.56 0.637692
1.57 0.639728
1.58 0.641775
1.59 0.643831
1.6 0.645897
1.61 0.647972
1.62 0.650054
1.63 0.652144
1.64 0.65424
1.65 0.656342
1.66 0.658449
1.67 0.660561
1.68 0.662676
1.69 0.664794
1.7 0.666915
1.71 0.669037
1.72 0.671161
1.73 0.673284
1.74 0.675408
1.75 0.67753
1.76 0.67965
1.77 0.681768
1.78 0.683883
1.79 0.685995
1.8 0.688102
1.81 0.690205
1.82 0.692302
1.83 0.694393
1.84 0.696477
1.85 0.698555
1.86 0.700625
1.87 0.702687
1.88 0.70474
1.89 0.706785
1.9 0.70882
1.91 0.710846
1.92 0.712861
1.93 0.714866
1.94 0.716861
1.95 0.718844
1.96 0.720817
1.97 0.722777
1.98 0.724726
1.99 0.726664
2 0.728589
2.01 0.730502
2.02 0.732403
2.03 0.734292
2.04 0.736169
2.05 0.738033
2.06 0.739885
2.07 0.741725
2.08 0.743553
2.09 0.745369
2.1 0.747173
2.11 0.748966
2.12 0.750747
2.13 0.752517
2.14 0.754276
2.15 0.756024
2.16 0.757761
2.17 0.759488
2.18 0.761206
2.19 0.762914
2.2 0.764612
2.21 0.766302
2.22 0.767983
2.23 0.769656
2.24 0.771322
2.25 0.77298
2.26 0.774632
2.27 0.776277
2.28 0.777916
2.29 0.779549
2.3 0.781177
2.31 0.782801
2.32 0.784421
2.33 0.786037
2.34 0.787649
2.35 0.789259
2.36 0.790866
2.37 0.792472
2.38 0.794076
2.39 0.795679
2.4 0.797281
2.41 0.798883
2.42 0.800486
2.43 0.802089
2.44 0.803693
2.45 0.805299
2.46 0.806906
2.47 0.808516
2.48 0.810128
2.49 0.811744
2.5 0.813363
2.51 0.814985
2.52 0.816611
2.53 0.818242
2.54 0.819877
2.55 0.821518
2.56 0.823163
2.57 0.824814
2.58 0.82647
2.59 0.828132
2.6 0.829801
2.61 0.831476
2.62 0.833157
2.63 0.834845
2.64 0.83654
2.65 0.838242
2.66 0.839951
2.67 0.841667
2.68 0.843391
2.69 0.845122
2.7 0.846862
2.71 0.848608
2.72 0.850363
2.73 0.852126
2.74 0.853896
2.75 0.855675
2.76 0.857461
2.77 0.859256
2.78 0.861058
2.79 0.862869
2.8 0.864688
2.81 0.866515
2.82 0.86835
2.83 0.870193
2.84 0.872044
2.85 0.873903
2.86 0.87577
2.87 0.877644
2.88 0.879527
2.89 0.881417
2.9 0.883315
2.91 0.885221
2.92 0.887134
2.93 0.889055
2.94 0.890983
2.95 0.892918
2.96 0.89486
2.97 0.89681
2.98 0.898766
2.99 0.900729
3 0.902699
3.01 0.904676
3.02 0.906659
3.03 0.908648
3.04 0.910644
3.05 0.912646
3.06 0.914654
3.07 0.916668
3.08 0.918687
3.09 0.920713
3.1 0.922743
3.11 0.924779
3.12 0.926821
3.13 0.928867
3.14 0.930919
3.15 0.932975
3.16 0.935036
3.17 0.937102
3.18 0.939172
3.19 0.941247
3.2 0.943325
3.21 0.945408
3.22 0.947495
3.23 0.949586
3.24 0.95168
3.25 0.953778
3.26 0.955879
3.27 0.957984
3.28 0.960092
3.29 0.962203
3.3 0.964317
3.31 0.966433
3.32 0.968553
3.33 0.970675
3.34 0.9728
3.35 0.974927
3.36 0.977056
3.37 0.979188
3.38 0.981322
3.39 0.983458
3.4 0.985595
3.41 0.987735
3.42 0.989876
3.43 0.992019
3.44 0.994163
3.45 0.996309
3.46 0.998456
3.47 1.0006
3.48 1.00275
3.49 1.0049
3.5 1.00706
3.51 1.00921
3.52 1.01136
3.53 1.01352
3.54 1.01567
3.55 1.01783
3.56 1.01999
3.57 1.02214
3.58 1.0243
3.59 1.02646
3.6 1.02862
3.61 1.03078
3.62 1.03294
3.63 1.0351
3.64 1.03726
3.65 1.03942
3.66 1.04158
3.67 1.04374
3.68 1.0459
3.69 1.04806
3.7 1.05022
3.71 1.05238
3.72 1.05454
3.73 1.05671
3.74 1.05887
3.75 1.06103
3.76 1.06319
3.77 1.06535
3.78 1.06751
3.79 1.06967
3.8 1.07184
3.81 1.074
3.82 1.07616
3.83 1.07832
3.84 1.08048
3.85 1.08264
3.86 1.0848
3.87 1.08697
3.88 1.08913
3.89 1.09129
3.9 1.09345
3.91 1.09561
3.92 1.09777
3.93 1.09994
3.94 1.1021
3.95 1.10426
3.96 1.10642
3.97 1.10859
3.98 1.11075
3.99 1.11292
4 1.11508
4.01 1.11724
4.02 1.11941
4.03 1.12158
4.04 1.12374
4.05 1.12591
4.06 1.12808
4.07 1.13025
4.08 1.13242
4.09 1.13459
4.1 1.13676
4.11 1.13893
4.12 1.1411
4.13 1.14328
4.14 1.14545
4.15 1.14763
4.16 1.14981
4.17 1.15199
4.18 1.15417
4.19 1.15635
4.2 1.15854
4.21 1.16072
4.22 1.16291
4.23 1.1651
4.24 1.16729
4.25 1.16949
4.26 1.17168
4.27 1.17388
4.28 1.17608
4.29 1.17828
4.3 1.18049
4.31 1.1827
4.32 1.18491
4.33 1.18712
4.34 1.18934
4.35 1.19155
4.36 1.19378
4.37 1.196
4.38 1.19823
4.39 1.20046
4.4 1.20269
4.41 1.20493
4.42 1.20717
4.43 1.20942
4.44 1.21167
4.45 1.21392
4.46 1.21618
4.47 1.21844
4.48 1.22071
4.49 1.22298
4.5 1.22525
4.51 1.22753
4.52 1.22982
4.53 1.23211
4.54 1.2344
4.55 1.2367
4.56 1.239
4.57 1.24131
4.58 1.24363
4.59 1.24595
4.6 1.24828
4.61 1.25061
4.62 1.25295
4.63 1.25529
4.64 1.25764
4.65 1.26
4.66 1.26237
4.67 1.26474
4.68 1.26711
4.69 1.2695
4.7 1.27189
4.71 1.27429
4.72 1.2767
4.73 1.27911
4.74 1.28153
4.75 1.28396
4.76 1.2864
4.77 1.28885
4.78 1.2913
4.79 1.29376
4.8 1.29624
4.81 1.29872
4.82 1.30121
4.83 1.30371
4.84 1.30621
4.85 1.30873
4.86 1.31126
4.87 1.3138
4.88 1.31634
4.89 1.3189
4.9 1.32147
4.91 1.32405
4.92 1.32663
4.93 1.32923
4.94 1.33185
4.95 1.33447
4.96 1.3371
4.97 1.33975
4.98 1.3424
4.99 1.34507
5 1.34776
5.01 1.35045
5.02 1.35316
5.03 1.35588
5.04 1.35861
5.05 1.36136
5.06 1.36411
5.07 1.36689
5.08 1.36968
5.09 1.37248
5.1 1.37529
5.11 1.37812
5.12 1.38097
5.13 1.38383
5.14 1.3867
5.15 1.38959
5.16 1.3925
5.17 1.39542
5.18 1.39836
5.19 1.40132
5.2 1.40429
5.21 1.40728
5.22 1.41028
5.23 1.4133
5.24 1.41634
5.25 1.4194
5.26 1.42248
5.27 1.42558
5.28 1.42869
5.29 1.43182
5.3 1.43497
5.31 1.43815
5.32 1.44134
5.33 1.44455
5.34 1.44778
5.35 1.45103
5.36 1.45431
5.37 1.4576
5.38 1.46092
5.39 1.46425
5.4 1.46761
5.41 1.471
5.42 1.4744
5.43 1.47783
5.44 1.48128
5.45 1.48476
5.46 1.48825
5.47 1.49178
5.48 1.49533
5.49 1.4989
5.5 1.5025
5.51 1.50612
5.52 1.50977
5.53 1.51344
5.54 1.51715
5.55 1.52088
5.56 1.52463
5.57 1.52842
5.58 1.53223
5.59 1.53607
5.6 1.53994
5.61 1.54383
5.62 1.54776
5.63 1.55172
5.64 1.55571
5.65 1.55972
5.66 1.56377
5.67 1.56785
5.68 1.57196
5.69 1.57611
5.7 1.58028
5.71 1.58449
5.72 1.58874
5.73 1.59301
5.74 1.59732
5.75 1.60167
5.76 1.60605
5.77 1.61046
5.78 1.61491
5.79 1.6194
5.8 1.62392
5.81 1.62848
5.82 1.63307
5.83 1.63771
5.84 1.64238
5.85 1.64709
5.86 1.65184
5.87 1.65663
5.88 1.66146
5.89 1.66633
5.9 1.67124
5.91 1.67619
5.92 1.68118
5.93 1.68621
5.94 1.69129
5.95 1.69641
5.96 1.70157
5.97 1.70677
5.98 1.71202
5.99 1.71732
6 1.72265
6.01 1.72804
6.02 1.73346
6.03 1.73894
6.04 1.74446
6.05 1.75002
6.06 1.75564
6.07 1.7613
6.08 1.767
6.09 1.77276
6.1 1.77856
6.11 1.78442
6.12 1.79032
6.13 1.79627
6.14 1.80227
6.15 1.80831
6.16 1.81441
6.17 1.82056
6.18 1.82676
6.19 1.83301
6.2 1.83931
6.21 1.84567
6.22 1.85207
6.23 1.85852
6.24 1.86503
6.25 1.87159
6.26 1.87819
6.27 1.88486
6.28 1.89157
6.29 1.89833
6.3 1.90515
6.31 1.91202
6.32 1.91894
6.33 1.92591
6.34 1.93293
6.35 1.94001
6.36 1.94713
6.37 1.95431
6.38 1.96154
6.39 1.96882
6.4 1.97615
6.41 1.98353
6.42 1.99096
6.43 1.99844
6.44 2.00597
6.45 2.01355
6.46 2.02117
6.47 2.02885
6.48 2.03657
6.49 2.04435
6.5 2.05216
6.51 2.06003
6.52 2.06794
6.53 2.07589
6.54 2.0839
6.55 2.09194
6.56 2.10003
6.57 2.10816
6.58 2.11633
6.59 2.12455
6.6 2.13281
6.61 2.1411
6.62 2.14944
6.63 2.15782
6.64 2.16623
6.65 2.17468
6.66 2.18317
6.67 2.1917
6.68 2.20026
6.69 2.20886
6.7 2.21749
6.71 2.22616
6.72 2.23486
6.73 2.2436
6.74 2.25236
6.75 2.26116
6.76 2.26999
6.77 2.27886
6.78 2.28775
6.79 2.29668
6.8 2.30563
6.81 2.31462
6.82 2.32364
6.83 2.33269
6.84 2.34177
6.85 2.35088
6.86 2.36002
6.87 2.36919
6.88 2.37839
6.89 2.38763
6.9 2.3969
6.91 2.4062
6.92 2.41553
6.93 2.4249
6.94 2.4343
6.95 2.44374
6.96 2.45321
6.97 2.46272
6.98 2.47227
6.99 2.48186
7 2.49149
7.01 2.50117
7.02 2.51088
7.03 2.52064
7.04 2.53045
7.05 2.5403
7.06 2.55021
7.07 2.56016
7.08 2.57016
7.09 2.58022
7.1 2.59034
7.11 2.60051
7.12 2.61074
7.13 2.62103
7.14 2.63139
7.15 2.6418
7.16 2.65229
7.17 2.66284
7.18 2.67346
7.19 2.68415
7.2 2.69491
7.21 2.70575
7.22 2.71666
7.23 2.72765
7.24 2.73872
7.25 2.74987
7.26 2.7611
7.27 2.77242
7.28 2.78381
7.29 2.7953
7.3 2.80686
7.31 2.81852
7.32 2.83026
7.33 2.84209
7.34 2.85401
7.35 2.86602
7.36 2.87812
7.37 2.89031
7.38 2.90259
7.39 2.91496
7.4 2.92741
7.41 2.93996
7.42 2.95259
7.43 2.96532
7.44 2.97813
7.45 2.99102
7.46 3.00401
7.47 3.01707
7.48 3.03022
7.49 3.04345
7.5 3.05675
7.51 3.07014
7.52 3.0836
7.53 3.09713
7.54 3.11073
7.55 3.12441
7.56 3.13815
7.57 3.15195
7.58 3.16581
7.59 3.17973
7.6 3.19371
7.61 3.20773
7.62 3.22181
7.63 3.23593
7.64 3.25009
7.65 3.26429
7.66 3.27853
7.67 3.2928
7.68 3.3071
7.69 3.32142
7.7 3.33576
7.71 3.35012
7.72 3.36449
7.73 3.37887
7.74 3.39326
7.75 3.40765
7.76 3.42203
7.77 3.43642
7.78 3.45079
7.79 3.46515
7.8 3.4795
7.81 3.49382
7.82 3.50813
7.83 3.5224
7.84 3.53665
7.85 3.55086
7.86 3.56504
7.87 3.57918
7.88 3.59327
7.89 3.60732
7.9 3.62132
7.91 3.63527
7.92 3.64917
7.93 3.66301
7.94 3.67679
7.95 3.69051
7.96 3.70416
7.97 3.71775
7.98 3.73127
7.99 3.74472
8 3.7581
8.01 3.77141
8.02 3.78464
8.03 3.79779
8.04 3.81086
8.05 3.82386
8.06 3.83677
8.07 3.8496
8.08 3.86235
8.09 3.87501
8.1 3.88758
8.11 3.90007
8.12 3.91247
8.13 3.92478
8.14 3.937
8.15 3.94913
8.16 3.96117
8.17 3.97312
8.18 3.98498
8.19 3.99674
8.2 4.00841
8.21 4.01998
8.22 4.03146
8.23 4.04285
8.24 4.05414
8.25 4.06533
8.26 4.07643
8.27 4.08743
8.28 4.09833
8.29 4.10913
8.3 4.11984
8.31 4.13044
8.32 4.14095
8.33 4.15136
8.34 4.16166
8.35 4.17187
8.36 4.18197
8.37 4.19198
8.38 4.20188
8.39 4.21167
8.4 4.22136
8.41 4.23095
8.42 4.24044
8.43 4.24981
8.44 4.25908
8.45 4.26825
8.46 4.27731
8.47 4.28625
8.48 4.29509
8.49 4.30383
8.5 4.31245
8.51 4.32096
8.52 4.32935
8.53 4.33764
8.54 4.34581
8.55 4.35387
8.56 4.36182
8.57 4.36965
8.58 4.37737
8.59 4.38497
8.6 4.39245
8.61 4.39982
8.62 4.40707
8.63 4.41421
8.64 4.42122
8.65 4.42812
8.66 4.4349
8.67 4.44156
8.68 4.4481
8.69 4.45452
8.7 4.46082
8.71 4.467
8.72 4.47306
8.73 4.479
8.74 4.48482
8.75 4.49052
8.76 4.4961
8.77 4.50156
8.78 4.50691
8.79 4.51213
8.8 4.51723
8.81 4.52222
8.82 4.52709
8.83 4.53184
8.84 4.53647
8.85 4.54099
8.86 4.54539
8.87 4.54967
8.88 4.55384
8.89 4.5579
8.9 4.56184
8.91 4.56567
8.92 4.56939
8.93 4.573
8.94 4.5765
8.95 4.57989
8.96 4.58318
8.97 4.58635
8.98 4.58942
8.99 4.59239
9 4.59525
9.01 4.59801
9.02 4.60067
9.03 4.60323
9.04 4.60569
9.05 4.60806
9.06 4.61032
9.07 4.6125
9.08 4.61458
9.09 4.61656
9.1 4.61846
9.11 4.62026
9.12 4.62198
9.13 4.62361
9.14 4.62516
9.15 4.62662
9.16 4.628
9.17 4.62929
9.18 4.63051
9.19 4.63165
9.2 4.63271
9.21 4.63369
9.22 4.6346
9.23 4.63544
9.24 4.6362
9.25 4.63689
9.26 4.63752
9.27 4.63807
9.28 4.63856
9.29 4.63898
9.3 4.63934
9.31 4.63964
9.32 4.63987
9.33 4.64005
9.34 4.64016
9.35 4.64022
9.36 4.64022
9.37 4.64017
9.38 4.64006
9.39 4.6399
9.4 4.63969
9.41 4.63942
9.42 4.63911
9.43 4.63875
9.44 4.63834
9.45 4.63788
9.46 4.63738
9.47 4.63683
9.48 4.63625
9.49 4.63562
9.5 4.63494
9.51 4.63423
9.52 4.63348
9.53 4.63269
9.54 4.63187
9.55 4.631
9.56 4.6301
9.57 4.62917
9.58 4.6282
9.59 4.6272
9.6 4.62617
9.61 4.62511
9.62 4.62402
9.63 4.62289
9.64 4.62174
9.65 4.62056
9.66 4.61935
9.67 4.61812
9.68 4.61686
9.69 4.61557
9.7 4.61426
9.71 4.61292
9.72 4.61156
9.73 4.61018
9.74 4.60878
9.75 4.60735
9.76 4.6059
9.77 4.60444
9.78 4.60295
9.79 4.60144
9.8 4.59991
9.81 4.59837
9.82 4.59681
9.83 4.59523
9.84 4.59363
9.85 4.59202
9.86 4.59039
9.87 4.58874
9.88 4.58708
9.89 4.58541
9.9 4.58372
9.91 4.58201
9.92 4.58029
9.93 4.57856
9.94 4.57682
9.95 4.57506
9.96 4.57329
9.97 4.57151
9.98 4.56972
9.99 4.56792
10 4.5661
10.001 0
