0 5
0.01 4.19355
0.02 4.19463
0.03 4.19571
0.04 4.19681
0.05 4.19791
0.06 4.19902
0.07 4.20014
0.08 4.20127
0.09 4.20241
0.1 4.20356
0.11 4.20472
0.12 4.20589
0.13 4.20706
0.14 4.20825
0.15 4.20945
0.16 4.21066
0.17 4.21188
0.18 4.21311
0.19 4.21434
0.2 4.21559
0.21 4.21685
0.22 4.21813
0.23 4.21941
0.24 4.2207
0.25 4.22201
0.26 4.22332
0.27 4.22465
0.28 4.22599
0.29 4.22734
0.3 4.2287
0.31 4.23008
0.32 4.23146
0.33 4.23286
0.34 4.23427
0.35 4.23569
0.36 4.23713
0.37 4.23858
0.38 4.24004
0.39 4.24152
0.4 4.243
0.41 4.2445
0.42 4.24602
0.43 4.24755
0.44 4.24909
0.45 4.25064
0.46 4.25222
0.47 4.2538
0.48 4.2554
0.49 4.25701
0.5 4.25864
0.51 4.26028
0.52 4.26194
0.53 4.26362
0.54 4.2653
0.55 4.26701
0.56 4.26873
0.57 4.27047
0.58 4.27222
0.59 4.27399
0.6 4.27578
0.61 4.27758
0.62 4.2794
0.63 4.28124
0.64 4.28309
0.65 4.28496
0.66 4.28686
0.67 4.28876
0.68 4.29069
0.69 4.29264
0.7 4.2946
0.71 4.29659
0.72 4.29859
0.73 4.30061
0.74 4.30266
0.75 4.30472
0.76 4.3068
0.77 4.30891
0.78 4.31103
0.79 4.31318
0.8 4.31535
0.81 4.31754
0.82 4.31975
0.83 4.32199
0.84 4.32424
0.85 4.32653
0.86 4.32883
0.87 4.33116
0.88 4.33351
0.89 4.33589
0.9 4.33829
0.91 4.34071
0.92 4.34316
0.93 4.34564
0.94 4.34814
0.95 4.35067
0.96 4.35323
0.97 4.35582
0.98 4.35843
0.99 4.36107
1 4.36374
1.01 4.36643
1.02 4.36916
1.03 4.37192
1.04 4.3747
1.05 4.37752
1.06 4.38037
1.07 4.38324
1.08 4.38615
1.09 4.3891
1.1 4.39207
1.11 4.39508
1.12 4.39812
1.13 4.4012
1.14 4.40431
1.15 4.40746
1.16 4.41064
1.17 4.41386
1.18 4.41711
1.19 4.4204
1.2 4.42373
1.21 4.42709
1.22 4.4305
1.23 4.43394
1.24 4.43742
1.25 4.44094
1.26 4.44451
1.27 4.44811
1.28 4.45175
1.29 4.45544
1.3 4.45917
1.31 4.46294
1.32 4.46676
1.33 4.47061
1.34 4.47452
1.35 4.47846
1.36 4.48246
1.37 4.4865
1.38 4.49058
1.39 4.49471
1.4 4.49889
1.41 4.50311
1.42 4.50739
1.43 4.51171
1.44 4.51608
1.45 4.5205
1.46 4.52497
1.47 4.52949
1.48 4.53406
1.49 4.53868
1.5 4.54335
1.51 4.54808
1.52 4.55285
1.53 4.55768
1.54 4.56256
1.55 4.56749
1.56 4.57248
1.57 4.57751
1.58 4.5826
1.59 4.58775
1.6 4.59295
1.61 4.5982
1.62 4.6035
1.63 4.60886
1.64 4.61427
1.65 4.61974
1.66 4.62526
1.67 4.63084
1.68 4.63646
1.69 4.64215
1.7 4.64788
1.71 4.65367
1.72 4.65951
1.73 4.6654
1.74 4.67135
1.75 4.67735
1.76 4.68339
1.77 4.68949
1.78 4.69565
1.79 4.70185
1.8 4.7081
1.81 4.7144
1.82 4.72075
1.83 4.72714
1.84 4.73358
1.85 4.74007
1.86 4.74661
1.87 4.75318
1.88 4.75981
1.89 4.76647
1.9 4.77317
1.91 4.77992
1.92 4.78671
1.93 4.79353
1.94 4.80039
1.95 4.80729
1.96 4.81422
1.97 4.82118
1.98 4.82818
1.99 4.8352
2 4.84226
2.01 4.84934
2.02 4.85645
2.03 4.86358
2.04 4.87074
2.05 4.87791
2.06 4.88511
2.07 4.89233
2.08 4.89956
2.09 4.90681
2.1 4.91407
2.11 4.92134
2.12 4.92862
2.13 4.93591
2.14 4.9432
2.15 4.9505
2.16 4.9578
2.17 4.96511
2.18 4.97241
2.19 4.97971
2.2 4.987
2.21 4.99429
2.22 5.00158
2.23 5.00885
2.24 5.01611
2.25 5.02336
2.26 5.03059
2.27 5.03781
2.28 5.04501
2.29 5.05218
2.3 5.05934
2.31 5.06648
2.32 5.07359
2.33 5.08068
2.34 5.08774
2.35 5.09477
2.36 5.10177
2.37 5.10874
2.38 5.11567
2.39 5.12258
2.4 5.12945
2.41 5.13628
2.42 5.14307
2.43 5.14983
2.44 5.15654
2.45 5.16322
2.46 5.16986
2.47 5.17645
2.48 5.183
2.49 5.1895
2.5 5.19596
2.51 5.20238
2.52 5.20874
2.53 5.21506
2.54 5.22134
2.55 5.22756
2.56 5.23374
2.57 5.23987
2.58 5.24594
2.59 5.25197
2.6 5.25795
2.61 5.26387
2.62 5.26975
2.63 5.27557
2.64 5.28134
2.65 5.28706
2.66 5.29273
2.67 5.29835
2.68 5.30391
2.69 5.30942
2.7 5.31488
2.71 5.32029
2.72 5.32564
2.73 5.33094
2.74 5.33619
2.75 5.34139
2.76 5.34654
2.77 5.35163
2.78 5.35668
2.79 5.36167
2.8 5.36661
2.81 5.3715
2.82 5.37634
2.83 5.38113
2.84 5.38587
2.85 5.39055
2.86 5.39519
2.87 5.39978
2.88 5.40432
2.89 5.40882
2.9 5.41326
2.91 5.41766
2.92 5.42201
2.93 5.42631
2.94 5.43057
2.95 5.43478
2.96 5.43894
2.97 5.44306
2.98 5.44713
2.99 5.45116
3 5.45514
3.01 5.45908
3.02 5.46298
3.03 5.46684
3.04 5.47065
3.05 5.47442
3.06 5.47815
3.07 5.48184
3.08 5.48548
3.09 5.48909
3.1 5.49266
3.11 5.49619
3.12 5.49968
3.13 5.50313
3.14 5.50654
3.15 5.50992
3.16 5.51326
3.17 5.51656
3.18 5.51983
3.19 5.52306
3.2 5.52626
3.21 5.52942
3.22 5.53254
3.23 5.53564
3.24 5.5387
3.25 5.54172
3.26 5.54472
3.27 5.54768
3.28 5.55061
3.29 5.55351
3.3 5.55637
3.31 5.55921
3.32 5.56202
3.33 5.5648
3.34 5.56754
3.35 5.57026
3.36 5.57295
3.37 5.57562
3.38 5.57825
3.39 5.58086
3.4 5.58344
3.41 5.58599
3.42 5.58852
3.43 5.59102
3.44 5.59349
3.45 5.59594
3.46 5.59837
3.47 5.60077
3.48 5.60315
3.49 5.6055
3.5 5.60783
3.51 5.61013
3.52 5.61242
3.53 5.61468
3.54 5.61692
3.55 5.61913
3.56 5.62133
3.57 5.6235
3.58 5.62565
3.59 5.62778
3.6 5.6299
3.61 5.63199
3.62 5.63406
3.63 5.63611
3.64 5.63814
3.65 5.64015
3.66 5.64215
3.67 5.64413
3.68 5.64608
3.69 5.64802
3.7 5.64994
3.71 5.65185
3.72 5.65374
3.73 5.65561
3.74 5.65746
3.75 5.6593
3.76 5.66112
3.77 5.66292
3.78 5.66471
3.79 5.66649
3.8 5.66824
3.81 5.66999
3.82 5.67172
3.83 5.67343
3.84 5.67513
3.85 5.67681
3.86 5.67848
3.87 5.68014
3.88 5.68178
3.89 5.68341
3.9 5.68503
3.91 5.68663
3.92 5.68822
3.93 5.6898
3.94 5.69137
3.95 5.69292
3.96 5.69446
3.97 5.69599
3.98 5.69751
3.99 5.69902
4 5.70051
4.01 5.70199
4.02 5.70347
4.03 5.70493
4.04 5.70638
4.05 5.70782
4.06 5.70925
4.07 5.71067
4.08 5.71208
4.09 5.71347
4.1 5.71486
4.11 5.71624
4.12 5.71761
4.13 5.71897
4.14 5.72033
4.15 5.72167
4.16 5.723
4.17 5.72433
4.18 5.72564
4.19 5.72695
4.2 5.72825
4.21 5.72954
4.22 5.73082
4.23 5.7321
4.24 5.73336
4.25 5.73462
4.26 5.73587
4.27 5.73712
4.28 5.73835
4.29 5.73958
4.3 5.7408
4.31 5.74202
4.32 5.74322
4.33 5.74443
4.34 5.74562
4.35 5.74681
4.36 5.74799
4.37 5.74916
4.38 5.75033
4.39 5.75149
4.4 5.75265
4.41 5.7538
4.42 5.75494
4.43 5.75608
4.44 5.75721
4.45 5.75834
4.46 5.75946
4.47 5.76057
4.48 5.76169
4.49 5.76279
4.5 5.76389
4.51 5.76498
4.52 5.76607
4.53 5.76716
4.54 5.76824
4.55 5.76932
4.56 5.77039
4.57 5.77145
4.58 5.77251
4.59 5.77357
4.6 5.77462
4.61 5.77567
4.62 5.77672
4.63 5.77776
4.64 5.77879
4.65 5.77983
4.66 5.78086
4.67 5.78188
4.68 5.7829
4.69 5.78392
4.7 5.78493
4.71 5.78594
4.72 5.78695
4.73 5.78796
4.74 5.78896
4.75 5.78995
4.76 5.79095
4.77 5.79194
4.78 5.79293
4.79 5.79391
4.8 5.79489
4.81 5.79587
4.82 5.79685
4.83 5.79782
4.84 5.79879
4.85 5.79976
4.86 5.80073
4.87 5.80169
4.88 5.80265
4.89 5.80361
4.9 5.80457
4.91 5.80552
4.92 5.80647
4.93 5.80742
4.94 5.80837
4.95 5.80932
4.96 5.81026
4.97 5.8112
4.98 5.81214
4.99 5.81308
5 5.81402
5.01 5.81495
5.02 5.81588
5.03 5.81681
5.04 5.81774
5.05 5.81867
5.06 5.8196
5.07 5.82052
5.08 5.82144
5.09 5.82237
5.1 5.82329
5.11 5.82421
5.12 5.82512
5.13 5.82604
5.14 5.82696
5.15 5.82787
5.16 5.82879
5.17 5.8297
5.18 5.83061
5.19 5.83152
5.2 5.83243
5.21 5.83334
5.22 5.83424
5.23 5.83515
5.24 5.83606
5.25 5.83696
5.26 5.83787
5.27 5.83877
5.28 5.83967
5.29 5.84058
5.3 5.84148
5.31 5.84238
5.32 5.84328
5.33 5.84418
5.34 5.84508
5.35 5.84598
5.36 5.84688
5.37 5.84777
5.38 5.84867
5.39 5.84957
5.4 5.85046
5.41 5.85136
5.42 5.85226
5.43 5.85315
5.44 5.85405
5.45 5.85494
5.46 5.85584
5.47 5.85673
5.48 5.85763
5.49 5.85852
5.5 5.85942
5.51 5.86031
5.52 5.8612
5.53 5.8621
5.54 5.86299
5.55 5.86388
5.56 5.86478
5.57 5.86567
5.58 5.86656
5.59 5.86745
5.6 5.86835
5.61 5.86924
5.62 5.87013
5.63 5.87102
5.64 5.87192
5.65 5.87281
5.66 5.8737
5.67 5.87459
5.68 5.87548
5.69 5.87637
5.7 5.87727
5.71 5.87816
5.72 5.87905
5.73 5.87994
5.74 5.88083
5.75 5.88172
5.76 5.88261
5.77 5.8835
5.78 5.88439
5.79 5.88528
5.8 5.88617
5.81 5.88706
5.82 5.88795
5.83 5.88884
5.84 5.88972
5.85 5.89061
5.86 5.8915
5.87 5.89239
5.88 5.89327
5.89 5.89416
5.9 5.89505
5.91 5.89593
5.92 5.89682
5.93 5.8977
5.94 5.89858
5.95 5.89947
5.96 5.90035
5.97 5.90123
5.98 5.90211
5.99 5.90299
6 5.90387
6.01 5.90475
6.02 5.90563
6.03 5.9065
6.04 5.90738
6.05 5.90825
6.06 5.90912
6.07 5.91
6.08 5.91087
6.09 5.91174
6.1 5.91261
6.11 5.91347
6.12 5.91434
6.13 5.9152
6.14 5.91607
6.15 5.91693
6.16 5.91779
6.17 5.91864
6.18 5.9195
6.19 5.92036
6.2 5.92121
6.21 5.92206
6.22 5.92291
6.23 5.92376
6.24 5.92461
6.25 5.92545
6.26 5.92629
6.27 5.92713
6.28 5.92797
6.29 5.92881
6.3 5.92964
6.31 5.93047
6.32 5.9313
6.33 5.93213
6.34 5.93296
6.35 5.93378
6.36 5.9346
6.37 5.93542
6.38 5.93624
6.39 5.93706
6.4 5.93787
6.41 5.93868
6.42 5.93949
6.43 5.9403
6.44 5.94111
6.45 5.94191
6.46 5.94271
6.47 5.94352
6.48 5.94432
6.49 5.94511
6.5 5.94591
6.51 5.94671
6.52 5.9475
6.53 5.94829
6.54 5.94909
6.55 5.94988
6.56 5.95067
6.57 5.95146
6.58 5.95225
6.59 5.95304
6.6 5.95384
6.61 5.95463
6.62 5.95542
6.63 5.95622
6.64 5.95701
6.65 5.95781
6.66 5.95861
6.67 5.95941
6.68 5.96022
6.69 5.96102
6.7 5.96184
6.71 5.96265
6.72 5.96347
6.73 5.96429
6.74 5.96512
6.75 5.96596
6.76 5.9668
6.77 5.96764
6.78 5.9685
6.79 5.96936
6.8 5.97022
6.81 5.9711
6.82 5.97199
6.83 5.97288
6.84 5.97379
6.85 5.9747
6.86 5.97563
6.87 5.97657
6.88 5.97752
6.89 5.97848
6.9 5.97945
6.91 5.98044
6.92 5.98145
6.93 5.98247
6.94 5.9835
6.95 5.98455
6.96 5.98562
6.97 5.9867
6.98 5.98781
6.99 5.98893
7 5.99007
7.01 5.99122
7.02 5.9924
7.03 5.9936
7.04 5.99482
7.05 5.99606
7.06 5.99732
7.07 5.99861
7.08 5.99991
7.09 6.00124
7.1 6.00259
7.11 6.00397
7.12 6.00537
7.13 6.00679
7.14 6.00824
7.15 6.00971
7.16 6.0112
7.17 6.01272
7.18 6.01427
7.19 6.01583
7.2 6.01743
7.21 6.01904
7.22 6.02068
7.23 6.02235
7.24 6.02403
7.25 6.02574
7.26 6.02748
7.27 6.02923
7.28 6.03101
7.29 6.03281
7.3 6.03463
7.31 6.03646
7.32 6.03832
7.33 6.0402
7.34 6.04209
7.35 6.044
7.36 6.04593
7.37 6.04786
7.38 6.04982
7.39 6.05178
7.4 6.05375
7.41 6.05574
7.42 6.05773
7.43 6.05972
7.44 6.06172
7.45 6.06372
7.46 6.06572
7.47 6.06772
7.48 6.06972
7.49 6.07171
7.5 6.0737
7.51 6.07567
7.52 6.07764
7.53 6.07958
7.54 6.08151
7.55 6.08343
7.56 6.08532
7.57 6.08718
7.58 6.08902
7.59 6.09083
7.6 6.0926
7.61 6.09434
7.62 6.09604
7.63 6.0977
7.64 6.09932
7.65 6.10089
7.66 6.1024
7.67 6.10387
7.68 6.10527
7.69 6.10662
7.7 6.1079
7.71 6.10912
7.72 6.11026
7.73 6.11134
7.74 6.11233
7.75 6.11325
7.76 6.11409
7.77 6.11483
7.78 6.11549
7.79 6.11606
7.8 6.11653
7.81 6.11691
7.82 6.11718
7.83 6.11734
7.84 6.1174
7.85 6.11734
7.86 6.11718
7.87 6.11689
7.88 6.11649
7.89 6.11596
7.9 6.11531
7.91 6.11453
7.92 6.11362
7.93 6.11257
7.94 6.11139
7.95 6.11007
7.96 6.10862
7.97 6.10701
7.98 6.10527
7.99 6.10338
8 6.10134
8.01 6.09915
8.02 6.09681
8.03 6.09432
8.04 6.09167
8.05 6.08887
8.06 6.08591
8.07 6.0828
8.08 6.07952
8.09 6.07609
8.1 6.07249
8.11 6.06874
8.12 6.06483
8.13 6.06075
8.14 6.05651
8.15 6.05212
8.16 6.04756
8.17 6.04285
8.18 6.03797
8.19 6.03294
8.2 6.02774
8.21 6.0224
8.22 6.01689
8.23 6.01124
8.24 6.00542
8.25 5.99946
8.26 5.99335
8.27 5.9871
8.28 5.98069
8.29 5.97415
8.3 5.96746
8.31 5.96064
8.32 5.95368
8.33 5.94658
8.34 5.93936
8.35 5.93201
8.36 5.92454
8.37 5.91695
8.38 5.90924
8.39 5.90141
8.4 5.89348
8.41 5.88544
8.42 5.8773
8.43 5.86906
8.44 5.86073
8.45 5.8523
8.46 5.84379
8.47 5.8352
8.48 5.82652
8.49 5.81778
8.5 5.80896
8.51 5.80008
8.52 5.79114
8.53 5.78214
8.54 5.77309
8.55 5.76399
8.56 5.75484
8.57 5.74566
8.58 5.73644
8.59 5.72719
8.6 5.71792
8.61 5.70862
8.62 5.6993
8.63 5.68997
8.64 5.68063
8.65 5.67129
8.66 5.66194
8.67 5.65259
8.68 5.64325
8.69 5.63392
8.7 5.6246
8.71 5.6153
8.72 5.60601
8.73 5.59675
8.74 5.58752
8.75 5.57832
8.76 5.56915
8.77 5.56001
8.78 5.55092
8.79 5.54186
8.8 5.53285
8.81 5.52389
8.82 5.51497
8.83 5.50611
8.84 5.4973
8.85 5.48854
8.86 5.47985
8.87 5.47121
8.88 5.46263
8.89 5.45412
8.9 5.44567
8.91 5.43729
8.92 5.42897
8.93 5.42073
8.94 5.41255
8.95 5.40445
8.96 5.39642
8.97 5.38846
8.98 5.38057
8.99 5.37276
9 5.36503
9.01 5.35737
9.02 5.34979
9.03 5.34228
9.04 5.33485
9.05 5.3275
9.06 5.32023
9.07 5.31304
9.08 5.30592
9.09 5.29888
9.1 5.29192
9.11 5.28504
9.12 5.27824
9.13 5.27152
9.14 5.26487
9.15 5.2583
9.16 5.25181
9.17 5.2454
9.18 5.23906
9.19 5.2328
9.2 5.22661
9.21 5.2205
9.22 5.21447
9.23 5.20851
9.24 5.20262
9.25 5.1968
9.26 5.19106
9.27 5.18539
9.28 5.1798
9.29 5.17427
9.3 5.16881
9.31 5.16342
9.32 5.1581
9.33 5.15285
9.34 5.14767
9.35 5.14255
9.36 5.1375
9.37 5.13252
9.38 5.12759
9.39 5.12273
9.4 5.11794
9.41 5.11321
9.42 5.10853
9.43 5.10392
9.44 5.09937
9.45 5.09488
9.46 5.09044
9.47 5.08606
9.48 5.08174
9.49 5.07748
9.5 5.07327
9.51 5.06911
9.52 5.06501
9.53 5.06096
9.54 5.05696
9.55 5.05302
9.56 5.04912
9.57 5.04527
9.58 5.04148
9.59 5.03773
9.6 5.03403
9.61 5.03038
9.62 5.02677
9.63 5.02321
9.64 5.01969
9.65 5.01622
9.66 5.01279
9.67 5.0094
9.68 5.00606
9.69 5.00276
9.7 4.9995
9.71 4.99627
9.72 4.99309
9.73 4.98995
9.74 4.98685
9.75 4.98378
9.76 4.98075
9.77 4.97776
9.78 4.9748
9.79 4.97188
9.8 4.969
9.81 4.96614
9.82 4.96333
9.83 4.96054
9.84 4.95779
9.85 4.95507
9.86 4.95238
9.87 4.94973
9.88 4.9471
9.89 4.94451
9.9 4.94194
9.91 4.9394
9.92 4.9369
9.93 4.93442
9.94 4.93197
9.95 4.92954
9.96 4.92715
9.97 4.92478
9.98 4.92243
9.99 4.92011
10 4.91782
10.001 5
