0 5
0.01 4.38251
0.02 4.38343
0.03 4.38436
0.04 4.38532
0.05 4.38629
0.06 4.38727
0.07 4.38828
0.08 4.3893
0.09 4.39033
0.1 4.39139
0.11 4.39246
0.12 4.39355
0.13 4.39466
0.14 4.39579
0.15 4.39694
0.16 4.3981
0.17 4.39928
0.18 4.40049
0.19 4.40171
0.2 4.40295
0.21 4.40422
0.22 4.4055
0.23 4.4068
0.24 4.40813
0.25 4.40948
0.26 4.41084
0.27 4.41223
0.28 4.41364
0.29 4.41507
0.3 4.41653
0.31 4.41801
0.32 4.41951
0.33 4.42103
0.34 4.42257
0.35 4.42414
0.36 4.42574
0.37 4.42735
0.38 4.429
0.39 4.43066
0.4 4.43235
0.41 4.43407
0.42 4.43581
0.43 4.43757
0.44 4.43937
0.45 4.44118
0.46 4.44303
0.47 4.4449
0.48 4.4468
0.49 4.44872
0.5 4.45068
0.51 4.45266
0.52 4.45467
0.53 4.4567
0.54 4.45877
0.55 4.46086
0.56 4.46299
0.57 4.46514
0.58 4.46733
0.59 4.46954
0.6 4.47179
0.61 4.47406
0.62 4.47637
0.63 4.47871
0.64 4.48109
0.65 4.48349
0.66 4.48593
0.67 4.4884
0.68 4.49091
0.69 4.49345
0.7 4.49603
0.71 4.49864
0.72 4.50129
0.73 4.50397
0.74 4.5067
0.75 4.50945
0.76 4.51225
0.77 4.51509
0.78 4.51796
0.79 4.52088
0.8 4.52383
0.81 4.52683
0.82 4.52987
0.83 4.53295
0.84 4.53607
0.85 4.53924
0.86 4.54245
0.87 4.54571
0.88 4.54901
0.89 4.55236
0.9 4.55576
0.91 4.55921
0.92 4.5627
0.93 4.56625
0.94 4.56984
0.95 4.57349
0.96 4.57719
0.97 4.58094
0.98 4.58474
0.99 4.5886
1 4.59252
1.01 4.5965
1.02 4.60053
1.03 4.60462
1.04 4.60877
1.05 4.61298
1.06 4.61725
1.07 4.62159
1.08 4.62599
1.09 4.63045
1.1 4.63498
1.11 4.63958
1.12 4.64425
1.13 4.64898
1.14 4.65378
1.15 4.65866
1.16 4.6636
1.17 4.66862
1.18 4.67372
1.19 4.67889
1.2 4.68413
1.21 4.68945
1.22 4.69485
1.23 4.70033
1.24 4.70589
1.25 4.71152
1.26 4.71724
1.27 4.72304
1.28 4.72893
1.29 4.7349
1.3 4.74095
1.31 4.74709
1.32 4.75331
1.33 4.75962
1.34 4.76601
1.35 4.7725
1.36 4.77907
1.37 4.78572
1.38 4.79247
1.39 4.7993
1.4 4.80622
1.41 4.81323
1.42 4.82033
1.43 4.82752
1.44 4.83479
1.45 4.84215
1.46 4.84959
1.47 4.85713
1.48 4.86474
1.49 4.87245
1.5 4.88023
1.51 4.8881
1.52 4.89605
1.53 4.90408
1.54 4.91219
1.55 4.92038
1.56 4.92864
1.57 4.93698
1.58 4.94539
1.59 4.95387
1.6 4.96242
1.61 4.97103
1.62 4.97971
1.63 4.98845
1.64 4.99725
1.65 5.0061
1.66 5.01501
1.67 5.02397
1.68 5.03298
1.69 5.04203
1.7 5.05112
1.71 5.06026
1.72 5.06943
1.73 5.07863
1.74 5.08786
1.75 5.09711
1.76 5.10639
1.77 5.11569
1.78 5.125
1.79 5.13432
1.8 5.14365
1.81 5.15299
1.82 5.16232
1.83 5.17166
1.84 5.18098
1.85 5.1903
1.86 5.19961
1.87 5.2089
1.88 5.21817
1.89 5.22741
1.9 5.23663
1.91 5.24583
1.92 5.25498
1.93 5.26411
1.94 5.27319
1.95 5.28223
1.96 5.29123
1.97 5.30018
1.98 5.30909
1.99 5.31794
2 5.32673
2.01 5.33547
2.02 5.34415
2.03 5.35277
2.04 5.36133
2.05 5.36982
2.06 5.37825
2.07 5.38661
2.08 5.3949
2.09 5.40311
2.1 5.41126
2.11 5.41933
2.12 5.42732
2.13 5.43525
2.14 5.44309
2.15 5.45086
2.16 5.45855
2.17 5.46616
2.18 5.47369
2.19 5.48114
2.2 5.48851
2.21 5.4958
2.22 5.50301
2.23 5.51014
2.24 5.51719
2.25 5.52416
2.26 5.53104
2.27 5.53785
2.28 5.54458
2.29 5.55122
2.3 5.55779
2.31 5.56428
2.32 5.57068
2.33 5.57701
2.34 5.58326
2.35 5.58944
2.36 5.59554
2.37 5.60156
2.38 5.6075
2.39 5.61337
2.4 5.61916
2.41 5.62488
2.42 5.63053
2.43 5.63611
2.44 5.64161
2.45 5.64704
2.46 5.65241
2.47 5.6577
2.48 5.66292
2.49 5.66808
2.5 5.67317
2.51 5.6782
2.52 5.68316
2.53 5.68805
2.54 5.69289
2.55 5.69766
2.56 5.70236
2.57 5.70701
2.58 5.7116
2.59 5.71613
2.6 5.7206
2.61 5.72501
2.62 5.72936
2.63 5.73366
2.64 5.73791
2.65 5.7421
2.66 5.74624
2.67 5.75032
2.68 5.75436
2.69 5.75834
2.7 5.76227
2.71 5.76615
2.72 5.76999
2.73 5.77378
2.74 5.77752
2.75 5.78121
2.76 5.78486
2.77 5.78846
2.78 5.79202
2.79 5.79554
2.8 5.79901
2.81 5.80245
2.82 5.80584
2.83 5.80919
2.84 5.8125
2.85 5.81577
2.86 5.819
2.87 5.8222
2.88 5.82536
2.89 5.82848
2.9 5.83156
2.91 5.83461
2.92 5.83763
2.93 5.84061
2.94 5.84355
2.95 5.84647
2.96 5.84935
2.97 5.8522
2.98 5.85502
2.99 5.8578
3 5.86056
3.01 5.86329
3.02 5.86599
3.03 5.86866
3.04 5.8713
3.05 5.87391
3.06 5.87649
3.07 5.87905
3.08 5.88158
3.09 5.88409
3.1 5.88657
3.11 5.88903
3.12 5.89146
3.13 5.89386
3.14 5.89625
3.15 5.89861
3.16 5.90094
3.17 5.90326
3.18 5.90555
3.19 5.90782
3.2 5.91006
3.21 5.91229
3.22 5.9145
3.23 5.91668
3.24 5.91885
3.25 5.92099
3.26 5.92312
3.27 5.92523
3.28 5.92732
3.29 5.92939
3.3 5.93144
3.31 5.93347
3.32 5.93549
3.33 5.93749
3.34 5.93947
3.35 5.94144
3.36 5.94339
3.37 5.94532
3.38 5.94724
3.39 5.94914
3.4 5.95103
3.41 5.9529
3.42 5.95476
3.43 5.9566
3.44 5.95843
3.45 5.96025
3.46 5.96205
3.47 5.96384
3.48 5.96561
3.49 5.96737
3.5 5.96912
3.51 5.97086
3.52 5.97258
3.53 5.97429
3.54 5.97599
3.55 5.97768
3.56 5.97936
3.57 5.98102
3.58 5.98268
3.59 5.98432
3.6 5.98595
3.61 5.98757
3.62 5.98918
3.63 5.99078
3.64 5.99237
3.65 5.99395
3.66 5.99552
3.67 5.99708
3.68 5.99863
3.69 6.00018
3.7 6.00171
3.71 6.00323
3.72 6.00475
3.73 6.00626
3.74 6.00775
3.75 6.00924
3.76 6.01072
3.77 6.0122
3.78 6.01366
3.79 6.01512
3.8 6.01657
3.81 6.01801
3.82 6.01944
3.83 6.02087
3.84 6.02229
3.85 6.0237
3.86 6.02511
3.87 6.02651
3.88 6.0279
3.89 6.02928
3.9 6.03066
3.91 6.03203
3.92 6.0334
3.93 6.03476
3.94 6.03611
3.95 6.03746
3.96 6.0388
3.97 6.04014
3.98 6.04147
3.99 6.04279
4 6.04411
4.01 6.04542
4.02 6.04673
4.03 6.04803
4.04 6.04933
4.05 6.05062
4.06 6.0519
4.07 6.05319
4.08 6.05446
4.09 6.05573
4.1 6.057
4.11 6.05826
4.12 6.05952
4.13 6.06077
4.14 6.06202
4.15 6.06327
4.16 6.06451
4.17 6.06574
4.18 6.06697
4.19 6.0682
4.2 6.06942
4.21 6.07064
4.22 6.07186
4.23 6.07307
4.24 6.07428
4.25 6.07548
4.26 6.07668
4.27 6.07788
4.28 6.07907
4.29 6.08026
4.3 6.08144
4.31 6.08263
4.32 6.0838
4.33 6.08498
4.34 6.08615
4.35 6.08732
4.36 6.08849
4.37 6.08965
4.38 6.09081
4.39 6.09197
4.4 6.09312
4.41 6.09427
4.42 6.09542
4.43 6.09656
4.44 6.0977
4.45 6.09884
4.46 6.09998
4.47 6.10111
4.48 6.10225
4.49 6.10338
4.5 6.1045
4.51 6.10563
4.52 6.10675
4.53 6.10787
4.54 6.10898
4.55 6.1101
4.56 6.11121
4.57 6.11232
4.58 6.11343
4.59 6.11453
4.6 6.11564
4.61 6.11674
4.62 6.11784
4.63 6.11893
4.64 6.12003
4.65 6.12112
4.66 6.12221
4.67 6.1233
4.68 6.12439
4.69 6.12548
4.7 6.12656
4.71 6.12765
4.72 6.12873
4.73 6.12981
4.74 6.13088
4.75 6.13196
4.76 6.13303
4.77 6.13411
4.78 6.13518
4.79 6.13625
4.8 6.13732
4.81 6.13839
4.82 6.13945
4.83 6.14052
4.84 6.14158
4.85 6.14264
4.86 6.14371
4.87 6.14477
4.88 6.14583
4.89 6.14688
4.9 6.14794
4.91 6.149
4.92 6.15005
4.93 6.15111
4.94 6.15216
4.95 6.15321
4.96 6.15427
4.97 6.15532
4.98 6.15637
4.99 6.15742
5 6.15847
5.01 6.15951
5.02 6.16056
5.03 6.16161
5.04 6.16266
5.05 6.1637
5.06 6.16475
5.07 6.16579
5.08 6.16684
5.09 6.16788
5.1 6.16893
5.11 6.16997
5.12 6.17101
5.13 6.17206
5.14 6.1731
5.15 6.17414
5.16 6.17519
5.17 6.17623
5.18 6.17727
5.19 6.17831
5.2 6.17936
5.21 6.1804
5.22 6.18144
5.23 6.18249
5.24 6.18353
5.25 6.18457
5.26 6.18562
5.27 6.18666
5.28 6.18771
5.29 6.18875
5.3 6.18979
5.31 6.19084
5.32 6.19189
5.33 6.19293
5.34 6.19398
5.35 6.19503
5.36 6.19607
5.37 6.19712
5.38 6.19817
5.39 6.19922
5.4 6.20027
5.41 6.20132
5.42 6.20237
5.43 6.20342
5.44 6.20448
5.45 6.20553
5.46 6.20659
5.47 6.20764
5.48 6.2087
5.49 6.20976
5.5 6.21081
5.51 6.21187
5.52 6.21293
5.53 6.214
5.54 6.21506
5.55 6.21612
5.56 6.21719
5.57 6.21825
5.58 6.21932
5.59 6.22039
5.6 6.22146
5.61 6.22253
5.62 6.2236
5.63 6.22467
5.64 6.22575
5.65 6.22682
5.66 6.2279
5.67 6.22898
5.68 6.23006
5.69 6.23114
5.7 6.23222
5.71 6.2333
5.72 6.23439
5.73 6.23547
5.74 6.23656
5.75 6.23765
5.76 6.23874
5.77 6.23983
5.78 6.24093
5.79 6.24202
5.8 6.24312
5.81 6.24421
5.82 6.24531
5.83 6.24641
5.84 6.24751
5.85 6.24862
5.86 6.24972
5.87 6.25082
5.88 6.25193
5.89 6.25304
5.9 6.25415
5.91 6.25526
5.92 6.25637
5.93 6.25748
5.94 6.2586
5.95 6.25971
5.96 6.26083
5.97 6.26194
5.98 6.26306
5.99 6.26418
6 6.2653
6.01 6.26642
6.02 6.26754
6.03 6.26866
6.04 6.26979
6.05 6.27091
6.06 6.27203
6.07 6.27316
6.08 6.27428
6.09 6.27541
6.1 6.27653
6.11 6.27766
6.12 6.27879
6.13 6.27991
6.14 6.28104
6.15 6.28216
6.16 6.28329
6.17 6.28441
6.18 6.28554
6.19 6.28666
6.2 6.28779
6.21 6.28891
6.22 6.29003
6.23 6.29115
6.24 6.29227
6.25 6.29339
6.26 6.2945
6.27 6.29562
6.28 6.29673
6.29 6.29784
6.3 6.29895
6.31 6.30005
6.32 6.30116
6.33 6.30226
6.34 6.30335
6.35 6.30445
6.36 6.30554
6.37 6.30663
6.38 6.30771
6.39 6.30879
6.4 6.30987
6.41 6.31094
6.42 6.312
6.43 6.31306
6.44 6.31412
6.45 6.31517
6.46 6.31622
6.47 6.31725
6.48 6.31829
6.49 6.31931
6.5 6.32033
6.51 6.32134
6.52 6.32234
6.53 6.32334
6.54 6.32432
6.55 6.3253
6.56 6.32627
6.57 6.32723
6.58 6.32818
6.59 6.32912
6.6 6.33005
6.61 6.33097
6.62 6.33187
6.63 6.33277
6.64 6.33365
6.65 6.33452
6.66 6.33537
6.67 6.33622
6.68 6.33704
6.69 6.33786
6.7 6.33865
6.71 6.33944
6.72 6.3402
6.73 6.34095
6.74 6.34168
6.75 6.3424
6.76 6.34309
6.77 6.34377
6.78 6.34443
6.79 6.34506
6.8 6.34568
6.81 6.34627
6.82 6.34684
6.83 6.34739
6.84 6.34792
6.85 6.34842
6.86 6.3489
6.87 6.34935
6.88 6.34978
6.89 6.35018
6.9 6.35055
6.91 6.35089
6.92 6.35121
6.93 6.35149
6.94 6.35175
6.95 6.35197
6.96 6.35216
6.97 6.35232
6.98 6.35245
6.99 6.35254
7 6.35259
7.01 6.35262
7.02 6.3526
7.03 6.35254
7.04 6.35245
7.05 6.35232
7.06 6.35215
7.07 6.35194
7.08 6.35168
7.09 6.35139
7.1 6.35105
7.11 6.35066
7.12 6.35023
7.13 6.34976
7.14 6.34924
7.15 6.34867
7.16 6.34805
7.17 6.34738
7.18 6.34666
7.19 6.34589
7.2 6.34507
7.21 6.3442
7.22 6.34327
7.23 6.34229
7.24 6.34125
7.25 6.34016
7.26 6.33901
7.27 6.3378
7.28 6.33653
7.29 6.3352
7.3 6.33382
7.31 6.33237
7.32 6.33086
7.33 6.32929
7.34 6.32765
7.35 6.32595
7.36 6.32419
7.37 6.32236
7.38 6.32047
7.39 6.3185
7.4 6.31648
7.41 6.31438
7.42 6.31221
7.43 6.30998
7.44 6.30768
7.45 6.30531
7.46 6.30286
7.47 6.30035
7.48 6.29776
7.49 6.29511
7.5 6.29238
7.51 6.28958
7.52 6.28671
7.53 6.28376
7.54 6.28074
7.55 6.27765
7.56 6.27449
7.57 6.27125
7.58 6.26794
7.59 6.26455
7.6 6.26109
7.61 6.25756
7.62 6.25396
7.63 6.25028
7.64 6.24653
7.65 6.24271
7.66 6.23881
7.67 6.23484
7.68 6.2308
7.69 6.22669
7.7 6.22251
7.71 6.21826
7.72 6.21394
7.73 6.20955
7.74 6.20509
7.75 6.20056
7.76 6.19597
7.77 6.19131
7.78 6.18658
7.79 6.18179
7.8 6.17693
7.81 6.17201
7.82 6.16703
7.83 6.16198
7.84 6.15688
7.85 6.15172
7.86 6.1465
7.87 6.14122
7.88 6.13589
7.89 6.1305
7.9 6.12505
7.91 6.11956
7.92 6.11401
7.93 6.10842
7.94 6.10278
7.95 6.09709
7.96 6.09135
7.97 6.08557
7.98 6.07975
7.99 6.07388
8 6.06798
8.01 6.06203
8.02 6.05605
8.03 6.05004
8.04 6.04399
8.05 6.0379
8.06 6.03179
8.07 6.02565
8.08 6.01947
8.09 6.01328
8.1 6.00705
8.11 6.00081
8.12 5.99454
8.13 5.98825
8.14 5.98194
8.15 5.97562
8.16 5.96927
8.17 5.96292
8.18 5.95655
8.19 5.95017
8.2 5.94378
8.21 5.93738
8.22 5.93097
8.23 5.92456
8.24 5.91814
8.25 5.91172
8.26 5.9053
8.27 5.89888
8.28 5.89246
8.29 5.88604
8.3 5.87963
8.31 5.87322
8.32 5.86681
8.33 5.86041
8.34 5.85403
8.35 5.84765
8.36 5.84128
8.37 5.83492
8.38 5.82858
8.39 5.82225
8.4 5.81593
8.41 5.80963
8.42 5.80335
8.43 5.79708
8.44 5.79084
8.45 5.78461
8.46 5.7784
8.47 5.77222
8.48 5.76606
8.49 5.75992
8.5 5.7538
8.51 5.74771
8.52 5.74164
8.53 5.7356
8.54 5.72958
8.55 5.7236
8.56 5.71764
8.57 5.7117
8.58 5.7058
8.59 5.69993
8.6 5.69408
8.61 5.68827
8.62 5.68248
8.63 5.67673
8.64 5.67101
8.65 5.66532
8.66 5.65967
8.67 5.65404
8.68 5.64845
8.69 5.64289
8.7 5.63737
8.71 5.63188
8.72 5.62642
8.73 5.621
8.74 5.61561
8.75 5.61025
8.76 5.60494
8.77 5.59965
8.78 5.5944
8.79 5.58919
8.8 5.58401
8.81 5.57887
8.82 5.57376
8.83 5.56869
8.84 5.56365
8.85 5.55865
8.86 5.55368
8.87 5.54875
8.88 5.54386
8.89 5.539
8.9 5.53417
8.91 5.52939
8.92 5.52463
8.93 5.51992
8.94 5.51523
8.95 5.51059
8.96 5.50597
8.97 5.5014
8.98 5.49686
8.99 5.49235
9 5.48788
9.01 5.48344
9.02 5.47903
9.03 5.47467
9.04 5.47033
9.05 5.46603
9.06 5.46176
9.07 5.45753
9.08 5.45333
9.09 5.44916
9.1 5.44503
9.11 5.44092
9.12 5.43686
9.13 5.43282
9.14 5.42882
9.15 5.42484
9.16 5.4209
9.17 5.417
9.18 5.41312
9.19 5.40927
9.2 5.40546
9.21 5.40168
9.22 5.39792
9.23 5.3942
9.24 5.39051
9.25 5.38685
9.26 5.38322
9.27 5.37961
9.28 5.37604
9.29 5.37249
9.3 5.36898
9.31 5.36549
9.32 5.36203
9.33 5.3586
9.34 5.3552
9.35 5.35182
9.36 5.34848
9.37 5.34515
9.38 5.34186
9.39 5.33859
9.4 5.33535
9.41 5.33214
9.42 5.32895
9.43 5.32579
9.44 5.32265
9.45 5.31954
9.46 5.31645
9.47 5.31339
9.48 5.31036
9.49 5.30734
9.5 5.30436
9.51 5.30139
9.52 5.29845
9.53 5.29554
9.54 5.29264
9.55 5.28977
9.56 5.28693
9.57 5.2841
9.58 5.2813
9.59 5.27852
9.6 5.27576
9.61 5.27302
9.62 5.27031
9.63 5.26762
9.64 5.26495
9.65 5.2623
9.66 5.25967
9.67 5.25706
9.68 5.25447
9.69 5.2519
9.7 5.24935
9.71 5.24682
9.72 5.24431
9.73 5.24182
9.74 5.23935
9.75 5.2369
9.76 5.23447
9.77 5.23205
9.78 5.22966
9.79 5.22728
9.8 5.22492
9.81 5.22258
9.82 5.22026
9.83 5.21795
9.84 5.21567
9.85 5.21339
9.86 5.21114
9.87 5.2089
9.88 5.20668
9.89 5.20448
9.9 5.20229
9.91 5.20012
9.92 5.19797
9.93 5.19583
9.94 5.19371
9.95 5.1916
9.96 5.18951
9.97 5.18743
9.98 5.18537
9.99 5.18332
10 5.18129
10.001 5
