0 0
0.01 0.0607811
0.02 0.0592116
0.03 0.0576481
0.04 0.0560908
0.05 0.0545401
0.06 0.0529964
0.07 0.0514599
0.08 0.049931
0.09 0.04841
0.1 0.0468974
0.11 0.0453935
0.12 0.0438986
0.13 0.0424132
0.14 0.0409377
0.15 0.0394723
0.16 0.0380176
0.17 0.036574
0.18 0.0351418
0.19 0.0337215
0.2 0.0323136
0.21 0.0309184
0.22 0.0295365
0.23 0.0281683
0.24 0.0268142
0.25 0.0254748
0.26 0.0241505
0.27 0.0228418
0.28 0.0215492
0.29 0.0202732
0.3 0.0190144
0.31 0.0177733
0.32 0.0165504
0.33 0.0153462
0.34 0.0141614
0.35 0.0129964
0.36 0.0118518
0.37 0.0107283
0.38 0.00962636
0.39 0.00854662
0.4 0.00748969
0.41 0.00645616
0.42 0.00544668
0.43 0.00446185
0.44 0.00350234
0.45 0.00256877
0.46 0.00166181
0.47 0.000782118
0.48 -6.96326e-05
0.49 -0.000892762
0.5 -0.00168658
0.51 -0.0024504
0.52 -0.0031835
0.53 -0.00388519
0.54 -0.00455473
0.55 -0.00519141
0.56 -0.00579448
0.57 -0.00636321
0.58 -0.00689684
0.59 -0.00739462
0.6 -0.00785579
0.61 -0.00827958
0.62 -0.00866521
0.63 -0.0090119
0.64 -0.00931885
0.65 -0.00958529
0.66 -0.00981041
0.67 -0.00999339
0.68 -0.0101334
0.69 -0.0102298
0.7 -0.0102815
0.71 -0.0102878
0.72 -0.010248
0.73 -0.0101611
0.74 -0.0100263
0.75 -0.00984284
0.76 -0.00960983
0.77 -0.00932644
0.78 -0.00899184
0.79 -0.00860519
0.8 -0.00816566
0.81 -0.0076724
0.82 -0.0071246
0.83 -0.0065214
0.84 -0.00586199
0.85 -0.00514554
0.86 -0.00437123
0.87 -0.00353823
0.88 -0.00264574
0.89 -0.00169296
0.9 -0.000679087
0.91 0.000396668
0.92 0.00153508
0.93 0.00273693
0.94 0.00400297
0.95 0.00533393
0.96 0.00673057
0.97 0.00819359
0.98 0.0097237
0.99 0.0113216
1 0.0129879
1.01 0.0147233
1.02 0.0165285
1.03 0.018404
1.04 0.0203504
1.05 0.0223682
1.06 0.0244581
1.07 0.0266205
1.08 0.0288559
1.09 0.0311648
1.1 0.0335475
1.11 0.0360044
1.12 0.038536
1.13 0.0411425
1.14 0.0438242
1.15 0.0465813
1.16 0.049414
1.17 0.0523225
1.18 0.055307
1.19 0.0583674
1.2 0.0615038
1.21 0.0647161
1.22 0.0680043
1.23 0.0713683
1.24 0.0748079
1.25 0.0783229
1.26 0.0819129
1.27 0.0855777
1.28 0.0893168
1.29 0.0931298
1.3 0.0970163
1.31 0.100976
1.32 0.105007
1.33 0.10911
1.34 0.113284
1.35 0.117528
1.36 0.121841
1.37 0.126222
1.38 0.13067
1.39 0.135185
1.4 0.139765
1.41 0.144409
1.42 0.149116
1.43 0.153884
1.44 0.158713
1.45 0.163601
1.46 0.168546
1.47 0.173548
1.48 0.178604
1.49 0.183714
1.5 0.188876
1.51 0.194087
1.52 0.199348
1.53 0.204655
1.54 0.210008
1.55 0.215404
1.56 0.220843
1.57 0.226322
1.58 0.231839
1.59 0.237394
1.6 0.242984
1.61 0.248608
1.62 0.254264
1.63 0.25995
1.64 0.265666
1.65 0.271408
1.66 0.277176
1.67 0.282968
1.68 0.288783
1.69 0.29462
1.7 0.300476
1.71 0.30635
1.72 0.312241
1.73 0.318148
1.74 0.32407
1.75 0.330005
1.76 0.335952
1.77 0.34191
1.78 0.347879
1.79 0.353856
1.8 0.359842
1.81 0.365835
1.82 0.371835
1.83 0.37784
1.84 0.383851
1.85 0.389866
1.86 0.395886
1.87 0.401908
1.88 0.407934
1.89 0.413962
1.9 0.419992
1.91 0.426024
1.92 0.432057
1.93 0.438092
1.94 0.444128
1.95 0.450164
1.96 0.456202
1.97 0.46224
1.98 0.468278
1.99 0.474317
2 0.480356
2.01 0.486396
2.02 0.492436
2.03 0.498477
2.04 0.504518
2.05 0.510559
2.06 0.516601
2.07 0.522644
2.08 0.528688
2.09 0.534732
2.1 0.540777
2.11 0.546823
2.12 0.552869
2.13 0.558917
2.14 0.564966
2.15 0.571016
2.16 0.577068
2.17 0.583121
2.18 0.589175
2.19 0.59523
2.2 0.601287
2.21 0.607345
2.22 0.613404
2.23 0.619465
2.24 0.625527
2.25 0.631591
2.26 0.637656
2.27 0.643722
2.28 0.649789
2.29 0.655857
2.3 0.661926
2.31 0.667996
2.32 0.674067
2.33 0.680138
2.34 0.68621
2.35 0.692282
2.36 0.698354
2.37 0.704427
2.38 0.710499
2.39 0.71657
2.4 0.722642
2.41 0.728712
2.42 0.734781
2.43 0.74085
2.44 0.746916
2.45 0.752982
2.46 0.759045
2.47 0.765106
2.48 0.771165
2.49 0.777221
2.5 0.783274
2.51 0.789325
2.52 0.795371
2.53 0.801415
2.54 0.807454
2.55 0.813489
2.56 0.81952
2.57 0.825547
2.58 0.831568
2.59 0.837585
2.6 0.843596
2.61 0.849601
2.62 0.855601
2.63 0.861594
2.64 0.867582
2.65 0.873562
2.66 0.879537
2.67 0.885504
2.68 0.891464
2.69 0.897416
2.7 0.903362
2.71 0.909299
2.72 0.915228
2.73 0.92115
2.74 0.927063
2.75 0.932968
2.76 0.938864
2.77 0.944752
2.78 0.950631
2.79 0.9565
2.8 0.962361
2.81 0.968213
2.82 0.974055
2.83 0.979888
2.84 0.985711
2.85 0.991525
2.86 0.997329
2.87 1.00312
2.88 1.00891
2.89 1.01468
2.9 1.02045
2.91 1.0262
2.92 1.03195
2.93 1.03768
2.94 1.04341
2.95 1.04913
2.96 1.05483
2.97 1.06053
2.98 1.06621
2.99 1.07189
3 1.07755
3.01 1.08321
3.02 1.08886
3.03 1.09449
3.04 1.10012
3.05 1.10574
3.06 1.11135
3.07 1.11694
3.08 1.12253
3.09 1.12811
3.1 1.13368
3.11 1.13924
3.12 1.1448
3.13 1.15034
3.14 1.15587
3.15 1.1614
3.16 1.16692
3.17 1.17242
3.18 1.17792
3.19 1.18342
3.2 1.1889
3.21 1.19437
3.22 1.19984
3.23 1.2053
3.24 1.21075
3.25 1.2162
3.26 1.22164
3.27 1.22707
3.28 1.23249
3.29 1.23791
3.3 1.24332
3.31 1.24872
3.32 1.25411
3.33 1.2595
3.34 1.26489
3.35 1.27027
3.36 1.27564
3.37 1.281
3.38 1.28636
3.39 1.29172
3.4 1.29707
3.41 1.30241
3.42 1.30775
3.43 1.31309
3.44 1.31842
3.45 1.32375
3.46 1.32907
3.47 1.33438
3.48 1.3397
3.49 1.34501
3.5 1.35031
3.51 1.35562
3.52 1.36091
3.53 1.36621
3.54 1.3715
3.55 1.37679
3.56 1.38208
3.57 1.38736
3.58 1.39264
3.59 1.39792
3.6 1.4032
3.61 1.40847
3.62 1.41374
3.63 1.41901
3.64 1.42428
3.65 1.42955
3.66 1.43482
3.67 1.44008
3.68 1.44534
3.69 1.4506
3.7 1.45586
3.71 1.46112
3.72 1.46638
3.73 1.47164
3.74 1.4769
3.75 1.48215
3.76 1.48741
3.77 1.49267
3.78 1.49792
3.79 1.50318
3.8 1.50844
3.81 1.51369
3.82 1.51895
3.83 1.52421
3.84 1.52946
3.85 1.53472
3.86 1.53998
3.87 1.54524
3.88 1.55049
3.89 1.55575
3.9 1.56102
3.91 1.56628
3.92 1.57154
3.93 1.5768
3.94 1.58207
3.95 1.58733
3.96 1.5926
3.97 1.59787
3.98 1.60314
3.99 1.60841
4 1.61368
4.01 1.61895
4.02 1.62423
4.03 1.6295
4.04 1.63478
4.05 1.64006
4.06 1.64534
4.07 1.65062
4.08 1.65591
4.09 1.66119
4.1 1.66648
4.11 1.67177
4.12 1.67706
4.13 1.68235
4.14 1.68764
4.15 1.69294
4.16 1.69824
4.17 1.70354
4.18 1.70884
4.19 1.71414
4.2 1.71944
4.21 1.72475
4.22 1.73006
4.23 1.73536
4.24 1.74068
4.25 1.74599
4.26 1.7513
4.27 1.75662
4.28 1.76193
4.29 1.76725
4.3 1.77257
4.31 1.7779
4.32 1.78322
4.33 1.78855
4.34 1.79387
4.35 1.7992
4.36 1.80453
4.37 1.80986
4.38 1.81519
4.39 1.82053
4.4 1.82586
4.41 1.8312
4.42 1.83654
4.43 1.84188
4.44 1.84722
4.45 1.85256
4.46 1.8579
4.47 1.86324
4.48 1.86859
4.49 1.87393
4.5 1.87928
4.51 1.88463
4.52 1.88998
4.53 1.89533
4.54 1.90068
4.55 1.90603
4.56 1.91138
4.57 1.91673
4.58 1.92209
4.59 1.92744
4.6 1.93279
4.61 1.93815
4.62 1.94351
4.63 1.94886
4.64 1.95422
4.65 1.95958
4.66 1.96493
4.67 1.97029
4.68 1.97565
4.69 1.98101
4.7 1.98637
4.71 1.99173
4.72 1.99709
4.73 2.00245
4.74 2.00781
4.75 2.01317
4.76 2.01853
4.77 2.02389
4.78 2.02925
4.79 2.03461
4.8 2.03998
4.81 2.04534
4.82 2.0507
4.83 2.05606
4.84 2.06142
4.85 2.06678
4.86 2.07214
4.87 2.07751
4.88 2.08287
4.89 2.08823
4.9 2.09359
4.91 2.09895
4.92 2.10432
4.93 2.10968
4.94 2.11504
4.95 2.1204
4.96 2.12577
4.97 2.13113
4.98 2.13649
4.99 2.14185
5 2.14722
5.01 2.15258
5.02 2.15795
5.03 2.16331
5.04 2.16868
5.05 2.17404
5.06 2.17941
5.07 2.18477
5.08 2.19014
5.09 2.19551
5.1 2.20088
5.11 2.20624
5.12 2.21161
5.13 2.21698
5.14 2.22236
5.15 2.22773
5.16 2.2331
5.17 2.23848
5.18 2.24385
5.19 2.24923
5.2 2.25461
5.21 2.25999
5.22 2.26537
5.23 2.27076
5.24 2.27614
5.25 2.28153
5.26 2.28692
5.27 2.29231
5.28 2.29771
5.29 2.3031
5.3 2.3085
5.31 2.3139
5.32 2.31931
5.33 2.32472
5.34 2.33013
5.35 2.33554
5.36 2.34096
5.37 2.34638
5.38 2.3518
5.39 2.35723
5.4 2.36266
5.41 2.36809
5.42 2.37353
5.43 2.37898
5.44 2.38443
5.45 2.38988
5.46 2.39534
5.47 2.4008
5.48 2.40627
5.49 2.41174
5.5 2.41722
5.51 2.42271
5.52 2.4282
5.53 2.43369
5.54 2.4392
5.55 2.44471
5.56 2.45022
5.57 2.45575
5.58 2.46128
5.59 2.46682
5.6 2.47236
5.61 2.47791
5.62 2.48348
5.63 2.48904
5.64 2.49462
5.65 2.50021
5.66 2.5058
5.67 2.51141
5.68 2.51702
5.69 2.52264
5.7 2.52828
5.71 2.53392
5.72 2.53957
5.73 2.54524
5.74 2.55091
5.75 2.5566
5.76 2.56229
5.77 2.568
5.78 2.57372
5.79 2.57945
5.8 2.5852
5.81 2.59095
5.82 2.59672
5.83 2.6025
5.84 2.6083
5.85 2.61411
5.86 2.61993
5.87 2.62576
5.88 2.63162
5.89 2.63748
5.9 2.64336
5.91 2.64926
5.92 2.65517
5.93 2.66109
5.94 2.66703
5.95 2.67299
5.96 2.67896
5.97 2.68495
5.98 2.69096
5.99 2.69699
6 2.70303
6.01 2.70909
6.02 2.71517
6.03 2.72126
6.04 2.72738
6.05 2.73351
6.06 2.73966
6.07 2.74583
6.08 2.75202
6.09 2.75823
6.1 2.76446
6.11 2.77071
6.12 2.77699
6.13 2.78328
6.14 2.78959
6.15 2.79593
6.16 2.80228
6.17 2.80866
6.18 2.81506
6.19 2.82148
6.2 2.82793
6.21 2.83439
6.22 2.84088
6.23 2.8474
6.24 2.85393
6.25 2.86049
6.26 2.86708
6.27 2.87369
6.28 2.88032
6.29 2.88697
6.3 2.89366
6.31 2.90036
6.32 2.90709
6.33 2.91385
6.34 2.92063
6.35 2.92744
6.36 2.93428
6.37 2.94113
6.38 2.94802
6.39 2.95493
6.4 2.96187
6.41 2.96884
6.42 2.97583
6.43 2.98285
6.44 2.98989
6.45 2.99697
6.46 3.00407
6.47 3.01119
6.48 3.01835
6.49 3.02553
6.5 3.03274
6.51 3.03998
6.52 3.04724
6.53 3.05454
6.54 3.06186
6.55 3.06921
6.56 3.07658
6.57 3.08399
6.58 3.09142
6.59 3.09888
6.6 3.10637
6.61 3.11389
6.62 3.12144
6.63 3.12901
6.64 3.13661
6.65 3.14424
6.66 3.1519
6.67 3.15958
6.68 3.1673
6.69 3.17504
6.7 3.1828
6.71 3.1906
6.72 3.19842
6.73 3.20627
6.74 3.21415
6.75 3.22206
6.76 3.22999
6.77 3.23794
6.78 3.24593
6.79 3.25394
6.8 3.26197
6.81 3.27004
6.82 3.27812
6.83 3.28624
6.84 3.29438
6.85 3.30254
6.86 3.31073
6.87 3.31894
6.88 3.32717
6.89 3.33543
6.9 3.34372
6.91 3.35202
6.92 3.36035
6.93 3.3687
6.94 3.37707
6.95 3.38547
6.96 3.39388
6.97 3.40232
6.98 3.41078
6.99 3.41925
7 3.42775
7.01 3.43626
7.02 3.4448
7.03 3.45335
7.04 3.46192
7.05 3.4705
7.06 3.47911
7.07 3.48772
7.08 3.49636
7.09 3.50501
7.1 3.51367
7.11 3.52235
7.12 3.53104
7.13 3.53974
7.14 3.54846
7.15 3.55718
7.16 3.56592
7.17 3.57467
7.18 3.58343
7.19 3.59219
7.2 3.60097
7.21 3.60975
7.22 3.61854
7.23 3.62733
7.24 3.63613
7.25 3.64494
7.26 3.65375
7.27 3.66256
7.28 3.67138
7.29 3.6802
7.3 3.68902
7.31 3.69783
7.32 3.70665
7.33 3.71547
7.34 3.72429
7.35 3.7331
7.36 3.74191
7.37 3.75072
7.38 3.75952
7.39 3.76831
7.4 3.7771
7.41 3.78588
7.42 3.79466
7.43 3.80342
7.44 3.81217
7.45 3.82092
7.46 3.82965
7.47 3.83837
7.48 3.84707
7.49 3.85576
7.5 3.86444
7.51 3.8731
7.52 3.88174
7.53 3.89037
7.54 3.89897
7.55 3.90756
7.56 3.91613
7.57 3.92467
7.58 3.93319
7.59 3.94169
7.6 3.95017
7.61 3.95862
7.62 3.96704
7.63 3.97544
7.64 3.98381
7.65 3.99215
7.66 4.00046
7.67 4.00874
7.68 4.01699
7.69 4.02521
7.7 4.03339
7.71 4.04154
7.72 4.04965
7.73 4.05773
7.74 4.06577
7.75 4.07377
7.76 4.08173
7.77 4.08965
7.78 4.09754
7.79 4.10538
7.8 4.11317
7.81 4.12093
7.82 4.12864
7.83 4.1363
7.84 4.14391
7.85 4.15148
7.86 4.15901
7.87 4.16648
7.88 4.1739
7.89 4.18127
7.9 4.18859
7.91 4.19586
7.92 4.20307
7.93 4.21023
7.94 4.21734
7.95 4.22438
7.96 4.23138
7.97 4.23831
7.98 4.24519
7.99 4.25201
8 4.25876
8.01 4.26546
8.02 4.2721
8.03 4.27867
8.04 4.28519
8.05 4.29164
8.06 4.29802
8.07 4.30435
8.08 4.31061
8.09 4.3168
8.1 4.32293
8.11 4.32899
8.12 4.33498
8.13 4.34091
8.14 4.34677
8.15 4.35256
8.16 4.35828
8.17 4.36393
8.18 4.36952
8.19 4.37503
8.2 4.38048
8.21 4.38585
8.22 4.39116
8.23 4.39639
8.24 4.40155
8.25 4.40665
8.26 4.41167
8.27 4.41662
8.28 4.4215
8.29 4.4263
8.3 4.43104
8.31 4.4357
8.32 4.4403
8.33 4.44482
8.34 4.44927
8.35 4.45365
8.36 4.45795
8.37 4.46219
8.38 4.46635
8.39 4.47045
8.4 4.47447
8.41 4.47842
8.42 4.4823
8.43 4.48611
8.44 4.48985
8.45 4.49353
8.46 4.49713
8.47 4.50066
8.48 4.50413
8.49 4.50752
8.5 4.51085
8.51 4.51411
8.52 4.5173
8.53 4.52043
8.54 4.52348
8.55 4.52648
8.56 4.5294
8.57 4.53226
8.58 4.53506
8.59 4.53779
8.6 4.54046
8.61 4.54306
8.62 4.5456
8.63 4.54808
8.64 4.5505
8.65 4.55285
8.66 4.55514
8.67 4.55738
8.68 4.55955
8.69 4.56166
8.7 4.56372
8.71 4.56571
8.72 4.56765
8.73 4.56953
8.74 4.57135
8.75 4.57312
8.76 4.57483
8.77 4.57649
8.78 4.57809
8.79 4.57964
8.8 4.58114
8.81 4.58258
8.82 4.58397
8.83 4.58531
8.84 4.5866
8.85 4.58783
8.86 4.58902
8.87 4.59016
8.88 4.59125
8.89 4.59229
8.9 4.59328
8.91 4.59422
8.92 4.59512
8.93 4.59598
8.94 4.59678
8.95 4.59755
8.96 4.59827
8.97 4.59894
8.98 4.59957
8.99 4.60016
9 4.60071
9.01 4.60121
9.02 4.60167
9.03 4.6021
9.04 4.60248
9.05 4.60282
9.06 4.60313
9.07 4.60339
9.08 4.60362
9.09 4.60381
9.1 4.60397
9.11 4.60408
9.12 4.60416
9.13 4.60421
9.14 4.60422
9.15 4.60419
9.16 4.60413
9.17 4.60404
9.18 4.60392
9.19 4.60376
9.2 4.60357
9.21 4.60334
9.22 4.60309
9.23 4.6028
9.24 4.60249
9.25 4.60214
9.26 4.60176
9.27 4.60136
9.28 4.60092
9.29 4.60046
9.3 4.59997
9.31 4.59945
9.32 4.59891
9.33 4.59833
9.34 4.59773
9.35 4.59711
9.36 4.59646
9.37 4.59578
9.38 4.59508
9.39 4.59435
9.4 4.5936
9.41 4.59282
9.42 4.59202
9.43 4.5912
9.44 4.59035
9.45 4.58949
9.46 4.58859
9.47 4.58768
9.48 4.58675
9.49 4.58579
9.5 4.58481
9.51 4.58382
9.52 4.5828
9.53 4.58176
9.54 4.5807
9.55 4.57962
9.56 4.57852
9.57 4.5774
9.58 4.57627
9.59 4.57511
9.6 4.57394
9.61 4.57275
9.62 4.57154
9.63 4.57032
9.64 4.56907
9.65 4.56781
9.66 4.56653
9.67 4.56524
9.68 4.56393
9.69 4.5626
9.7 4.56126
9.71 4.5599
9.72 4.55853
9.73 4.55714
9.74 4.55574
9.75 4.55432
9.76 4.55289
9.77 4.55144
9.78 4.54998
9.79 4.54851
9.8 4.54702
9.81 4.54552
9.82 4.544
9.83 4.54247
9.84 4.54093
9.85 4.53938
9.86 4.53781
9.87 4.53623
9.88 4.53464
9.89 4.53304
9.9 4.53143
9.91 4.5298
9.92 4.52816
9.93 4.52651
9.94 4.52485
9.95 4.52318
9.96 4.5215
9.97 4.5198
9.98 4.5181
9.99 4.51639
10 4.51466
10.001 0
