0 -10
0.01 -8.32902
0.02 -8.32421
0.03 -8.31938
0.04 -8.31452
0.05 -8.30963
0.06 -8.30472
0.07 -8.29978
0.08 -8.29482
0.09 -8.28982
0.1 -8.28481
0.11 -8.27976
0.12 -8.27469
0.13 -8.26959
0.14 -8.26446
0.15 -8.25931
0.16 -8.25412
0.17 -8.24891
0.18 -8.24366
0.19 -8.23839
0.2 -8.23309
0.21 -8.22775
0.22 -8.22239
0.23 -8.21699
0.24 -8.21156
0.25 -8.2061
0.26 -8.20061
0.27 -8.19508
0.28 -8.18952
0.29 -8.18393
0.3 -8.1783
0.31 -8.17264
0.32 -8.16694
0.33 -8.1612
0.34 -8.15543
0.35 -8.14962
0.36 -8.14377
0.37 -8.13788
0.38 -8.13195
0.39 -8.12599
0.4 -8.11998
0.41 -8.11393
0.42 -8.10784
0.43 -8.10171
0.44 -8.09554
0.45 -8.08932
0.46 -8.08305
0.47 -8.07674
0.48 -8.07038
0.49 -8.06398
0.5 -8.05753
0.51 -8.05102
0.52 -8.04447
0.53 -8.03787
0.54 -8.03121
0.55 -8.02451
0.56 -8.01775
0.57 -8.01093
0.58 -8.00406
0.59 -7.99713
0.6 -7.99014
0.61 -7.98309
0.62 -7.97598
0.63 -7.96882
0.64 -7.96158
0.65 -7.95429
0.66 -7.94693
0.67 -7.9395
0.68 -7.93201
0.69 -7.92444
0.7 -7.91681
0.71 -7.9091
0.72 -7.90132
0.73 -7.89347
0.74 -7.88554
0.75 -7.87753
0.76 -7.86944
0.77 -7.86128
0.78 -7.85303
0.79 -7.8447
0.8 -7.83628
0.81 -7.82778
0.82 -7.81919
0.83 -7.81051
0.84 -7.80173
0.85 -7.79287
0.86 -7.78391
0.87 -7.77485
0.88 -7.7657
0.89 -7.75645
0.9 -7.74709
0.91 -7.73763
0.92 -7.72807
0.93 -7.7184
0.94 -7.70863
0.95 -7.69874
0.96 -7.68874
0.97 -7.67863
0.98 -7.66841
0.99 -7.65806
1 -7.64761
1.01 -7.63703
1.02 -7.62633
1.03 -7.61551
1.04 -7.60456
1.05 -7.59349
1.06 -7.58229
1.07 -7.57097
1.08 -7.55951
1.09 -7.54793
1.1 -7.53621
1.11 -7.52436
1.12 -7.51238
1.13 -7.50026
1.14 -7.488
1.15 -7.47561
1.16 -7.46308
1.17 -7.45041
1.18 -7.43761
1.19 -7.42466
1.2 -7.41158
1.21 -7.39835
1.22 -7.38499
1.23 -7.37149
1.24 -7.35785
1.25 -7.34406
1.26 -7.33014
1.27 -7.31609
1.28 -7.30189
1.29 -7.28756
1.3 -7.27309
1.31 -7.25849
1.32 -7.24376
1.33 -7.2289
1.34 -7.2139
1.35 -7.19879
1.36 -7.18354
1.37 -7.16818
1.38 -7.15269
1.39 -7.13709
1.4 -7.12137
1.41 -7.10554
1.42 -7.08961
1.43 -7.07357
1.44 -7.05743
1.45 -7.0412
1.46 -7.02488
1.47 -7.00846
1.48 -6.99197
1.49 -6.9754
1.5 -6.95875
1.51 -6.94204
1.52 -6.92527
1.53 -6.90844
1.54 -6.89156
1.55 -6.87463
1.56 -6.85767
1.57 -6.84068
1.58 -6.82365
1.59 -6.80661
1.6 -6.78956
1.61 -6.7725
1.62 -6.75544
1.63 -6.73839
1.64 -6.72135
1.65 -6.70434
1.66 -6.68735
1.67 -6.6704
1.68 -6.65349
1.69 -6.63663
1.7 -6.61982
1.71 -6.60308
1.72 -6.58641
1.73 -6.56982
1.74 -6.55331
1.75 -6.53689
1.76 -6.52057
1.77 -6.50436
1.78 -6.48825
1.79 -6.47226
1.8 -6.45639
1.81 -6.44065
1.82 -6.42505
1.83 -6.40958
1.84 -6.39426
1.85 -6.37909
1.86 -6.36407
1.87 -6.34921
1.88 -6.33452
1.89 -6.31999
1.9 -6.30563
1.91 -6.29145
1.92 -6.27745
1.93 -6.26363
1.94 -6.24999
1.95 -6.23654
1.96 -6.22328
1.97 -6.21021
1.98 -6.19734
1.99 -6.18466
2 -6.17217
2.01 -6.15989
2.02 -6.1478
2.03 -6.13591
2.04 -6.12422
2.05 -6.11274
2.06 -6.10145
2.07 -6.09036
2.08 -6.07947
2.09 -6.06878
2.1 -6.05829
2.11 -6.04799
2.12 -6.03789
2.13 -6.02799
2.14 -6.01828
2.15 -6.00876
2.16 -5.99944
2.17 -5.9903
2.18 -5.98135
2.19 -5.97258
2.2 -5.964
2.21 -5.95559
2.22 -5.94737
2.23 -5.93932
2.24 -5.93144
2.25 -5.92374
2.26 -5.91621
2.27 -5.90884
2.28 -5.90163
2.29 -5.89459
2.3 -5.8877
2.31 -5.88097
2.32 -5.8744
2.33 -5.86797
2.34 -5.86169
2.35 -5.85555
2.36 -5.84956
2.37 -5.84371
2.38 -5.83799
2.39 -5.83241
2.4 -5.82695
2.41 -5.82163
2.42 -5.81643
2.43 -5.81136
2.44 -5.8064
2.45 -5.80156
2.46 -5.79684
2.47 -5.79223
2.48 -5.78774
2.49 -5.78334
2.5 -5.77906
2.51 -5.77488
2.52 -5.7708
2.53 -5.76681
2.54 -5.76292
2.55 -5.75913
2.56 -5.75543
2.57 -5.75181
2.58 -5.74829
2.59 -5.74485
2.6 -5.74149
2.61 -5.73821
2.62 -5.73501
2.63 -5.73189
2.64 -5.72885
2.65 -5.72587
2.66 -5.72297
2.67 -5.72014
2.68 -5.71738
2.69 -5.71468
2.7 -5.71205
2.71 -5.70948
2.72 -5.70697
2.73 -5.70452
2.74 -5.70213
2.75 -5.6998
2.76 -5.69752
2.77 -5.6953
2.78 -5.69312
2.79 -5.691
2.8 -5.68893
2.81 -5.68691
2.82 -5.68494
2.83 -5.68301
2.84 -5.68113
2.85 -5.67929
2.86 -5.67749
2.87 -5.67574
2.88 -5.67402
2.89 -5.67235
2.9 -5.67071
2.91 -5.66911
2.92 -5.66755
2.93 -5.66602
2.94 -5.66453
2.95 -5.66307
2.96 -5.66164
2.97 -5.66025
2.98 -5.65889
2.99 -5.65756
3 -5.65625
3.01 -5.65498
3.02 -5.65373
3.03 -5.65252
3.04 -5.65132
3.05 -5.65016
3.06 -5.64902
3.07 -5.6479
3.08 -5.64681
3.09 -5.64574
3.1 -5.6447
3.11 -5.64367
3.12 -5.64267
3.13 -5.64169
3.14 -5.64073
3.15 -5.63979
3.16 -5.63887
3.17 -5.63797
3.18 -5.63709
3.19 -5.63622
3.2 -5.63537
3.21 -5.63454
3.22 -5.63373
3.23 -5.63293
3.24 -5.63215
3.25 -5.63138
3.26 -5.63063
3.27 -5.6299
3.28 -5.62918
3.29 -5.62847
3.3 -5.62777
3.31 -5.62709
3.32 -5.62642
3.33 -5.62577
3.34 -5.62512
3.35 -5.62449
3.36 -5.62387
3.37 -5.62326
3.38 -5.62267
3.39 -5.62208
3.4 -5.6215
3.41 -5.62094
3.42 -5.62038
3.43 -5.61983
3.44 -5.6193
3.45 -5.61877
3.46 -5.61825
3.47 -5.61774
3.48 -5.61724
3.49 -5.61675
3.5 -5.61626
3.51 -5.61579
3.52 -5.61532
3.53 -5.61486
3.54 -5.6144
3.55 -5.61396
3.56 -5.61352
3.57 -5.61308
3.58 -5.61266
3.59 -5.61224
3.6 -5.61182
3.61 -5.61142
3.62 -5.61102
3.63 -5.61062
3.64 -5.61023
3.65 -5.60985
3.66 -5.60947
3.67 -5.6091
3.68 -5.60873
3.69 -5.60837
3.7 -5.60801
3.71 -5.60766
3.72 -5.60731
3.73 -5.60697
3.74 -5.60663
3.75 -5.60629
3.76 -5.60596
3.77 -5.60564
3.78 -5.60531
3.79 -5.605
3.8 -5.60468
3.81 -5.60437
3.82 -5.60407
3.83 -5.60376
3.84 -5.60347
3.85 -5.60317
3.86 -5.60288
3.87 -5.60259
3.88 -5.6023
3.89 -5.60202
3.9 -5.60174
3.91 -5.60146
3.92 -5.60119
3.93 -5.60092
3.94 -5.60065
3.95 -5.60039
3.96 -5.60012
3.97 -5.59986
3.98 -5.59961
3.99 -5.59935
4 -5.5991
4.01 -5.59885
4.02 -5.5986
4.03 -5.59836
4.04 -5.59811
4.05 -5.59787
4.06 -5.59763
4.07 -5.5974
4.08 -5.59716
4.09 -5.59693
4.1 -5.5967
4.11 -5.59647
4.12 -5.59624
4.13 -5.59602
4.14 -5.59579
4.15 -5.59557
4.16 -5.59535
4.17 -5.59513
4.18 -5.59491
4.19 -5.5947
4.2 -5.59449
4.21 -5.59427
4.22 -5.59406
4.23 -5.59385
4.24 -5.59364
4.25 -5.59344
4.26 -5.59323
4.27 -5.59302
4.28 -5.59282
4.29 -5.59262
4.3 -5.59242
4.31 -5.59222
4.32 -5.59202
4.33 -5.59182
4.34 -5.59162
4.35 -5.59143
4.36 -5.59123
4.37 -5.59104
4.38 -5.59085
4.39 -5.59065
4.4 -5.59046
4.41 -5.59027
4.42 -5.59008
4.43 -5.58989
4.44 -5.5897
4.45 -5.58952
4.46 -5.58933
4.47 -5.58914
4.48 -5.58896
4.49 -5.58877
4.5 -5.58859
4.51 -5.5884
4.52 -5.58822
4.53 -5.58804
4.54 -5.58785
4.55 -5.58767
4.56 -5.58749
4.57 -5.58731
4.58 -5.58713
4.59 -5.58694
4.6 -5.58676
4.61 -5.58658
4.62 -5.5864
4.63 -5.58622
4.64 -5.58604
4.65 -5.58586
4.66 -5.58568
4.67 -5.5855
4.68 -5.58532
4.69 -5.58515
4.7 -5.58497
4.71 -5.58479
4.72 -5.58461
4.73 -5.58443
4.74 -5.58425
4.75 -5.58407
4.76 -5.58389
4.77 -5.58371
4.78 -5.58353
4.79 -5.58335
4.8 -5.58317
4.81 -5.58299
4.82 -5.5828
4.83 -5.58262
4.84 -5.58244
4.85 -5.58226
4.86 -5.58208
4.87 -5.58189
4.88 -5.58171
4.89 -5.58152
4.9 -5.58134
4.91 -5.58115
4.92 -5.58097
4.93 -5.58078
4.94 -5.5806
4.95 -5.58041
4.96 -5.58022
4.97 -5.58003
4.98 -5.57984
4.99 -5.57965
5 -5.57946
5.01 -5.57926
5.02 -5.57907
5.03 -5.57888
5.04 -5.57868
5.05 -5.57849
5.06 -5.57829
5.07 -5.57809
5.08 -5.57789
5.09 -5.57769
5.1 -5.57749
5.11 -5.57729
5.12 -5.57709
5.13 -5.57688
5.14 -5.57668
5.15 -5.57647
5.16 -5.57626
5.17 -5.57605
5.18 -5.57584
5.19 -5.57563
5.2 -5.57542
5.21 -5.5752
5.22 -5.57499
5.23 -5.57477
5.24 -5.57455
5.25 -5.57433
5.26 -5.57411
5.27 -5.57389
5.28 -5.57366
5.29 -5.57343
5.3 -5.57321
5.31 -5.57298
5.32 -5.57275
5.33 -5.57251
5.34 -5.57228
5.35 -5.57204
5.36 -5.57181
5.37 -5.57157
5.38 -5.57132
5.39 -5.57108
5.4 -5.57084
5.41 -5.57059
5.42 -5.57034
5.43 -5.57009
5.44 -5.56984
5.45 -5.56959
5.46 -5.56933
5.47 -5.56907
5.48 -5.56881
5.49 -5.56855
5.5 -5.56829
5.51 -5.56802
5.52 -5.56776
5.53 -5.56749
5.54 -5.56722
5.55 -5.56694
5.56 -5.56667
5.57 -5.56639
5.58 -5.56611
5.59 -5.56583
5.6 -5.56555
5.61 -5.56526
5.62 -5.56498
5.63 -5.56469
5.64 -5.5644
5.65 -5.5641
5.66 -5.56381
5.67 -5.56351
5.68 -5.56321
5.69 -5.56291
5.7 -5.56261
5.71 -5.5623
5.72 -5.562
5.73 -5.56169
5.74 -5.56138
5.75 -5.56106
5.76 -5.56075
5.77 -5.56043
5.78 -5.56011
5.79 -5.55979
5.8 -5.55947
5.81 -5.55915
5.82 -5.55882
5.83 -5.5585
5.84 -5.55817
5.85 -5.55784
5.86 -5.5575
5.87 -5.55717
5.88 -5.55683
5.89 -5.5565
5.9 -5.55616
5.91 -5.55582
5.92 -5.55548
5.93 -5.55513
5.94 -5.55479
5.95 -5.55444
5.96 -5.5541
5.97 -5.55375
5.98 -5.5534
5.99 -5.55305
6 -5.5527
6.01 -5.55235
6.02 -5.552
6.03 -5.55164
6.04 -5.55129
6.05 -5.55093
6.06 -5.55058
6.07 -5.55022
6.08 -5.54987
6.09 -5.54951
6.1 -5.54916
6.11 -5.5488
6.12 -5.54845
6.13 -5.54809
6.14 -5.54774
6.15 -5.54738
6.16 -5.54703
6.17 -5.54667
6.18 -5.54632
6.19 -5.54597
6.2 -5.54562
6.21 -5.54527
6.22 -5.54492
6.23 -5.54457
6.24 -5.54423
6.25 -5.54389
6.26 -5.54355
6.27 -5.54321
6.28 -5.54287
6.29 -5.54254
6.3 -5.5422
6.31 -5.54188
6.32 -5.54155
6.33 -5.54123
6.34 -5.54091
6.35 -5.5406
6.36 -5.54029
6.37 -5.53998
6.38 -5.53968
6.39 -5.53938
6.4 -5.53909
6.41 -5.5388
6.42 -5.53852
6.43 -5.53824
6.44 -5.53797
6.45 -5.53771
6.46 -5.53745
6.47 -5.5372
6.48 -5.53695
6.49 -5.53672
6.5 -5.53649
6.51 -5.53627
6.52 -5.53606
6.53 -5.53585
6.54 -5.53566
6.55 -5.53547
6.56 -5.5353
6.57 -5.53513
6.58 -5.53498
6.59 -5.53483
6.6 -5.5347
6.61 -5.53458
6.62 -5.53447
6.63 -5.53438
6.64 -5.53429
6.65 -5.53422
6.66 -5.53417
6.67 -5.53412
6.68 -5.5341
6.69 -5.53408
6.7 -5.53409
6.71 -5.53411
6.72 -5.53414
6.73 -5.5342
6.74 -5.53427
6.75 -5.53436
6.76 -5.53447
6.77 -5.53459
6.78 -5.53474
6.79 -5.53491
6.8 -5.5351
6.81 -5.53531
6.82 -5.53554
6.83 -5.5358
6.84 -5.53608
6.85 -5.53638
6.86 -5.53671
6.87 -5.53706
6.88 -5.53744
6.89 -5.53784
6.9 -5.53827
6.91 -5.53874
6.92 -5.53922
6.93 -5.53974
6.94 -5.54029
6.95 -5.54087
6.96 -5.54148
6.97 -5.54212
6.98 -5.5428
6.99 -5.54351
7 -5.54425
7.01 -5.54503
7.02 -5.54584
7.03 -5.5467
7.04 -5.54758
7.05 -5.54851
7.06 -5.54948
7.07 -5.55048
7.08 -5.55153
7.09 -5.55262
7.1 -5.55375
7.11 -5.55492
7.12 -5.55614
7.13 -5.5574
7.14 -5.55871
7.15 -5.56006
7.16 -5.56146
7.17 -5.56291
7.18 -5.5644
7.19 -5.56595
7.2 -5.56755
7.21 -5.5692
7.22 -5.5709
7.23 -5.57265
7.24 -5.57446
7.25 -5.57632
7.26 -5.57824
7.27 -5.58021
7.28 -5.58224
7.29 -5.58433
7.3 -5.58647
7.31 -5.58868
7.32 -5.59095
7.33 -5.59327
7.34 -5.59566
7.35 -5.59811
7.36 -5.60063
7.37 -5.6032
7.38 -5.60585
7.39 -5.60855
7.4 -5.61133
7.41 -5.61417
7.42 -5.61707
7.43 -5.62005
7.44 -5.62309
7.45 -5.6262
7.46 -5.62939
7.47 -5.63264
7.48 -5.63596
7.49 -5.63936
7.5 -5.64282
7.51 -5.64636
7.52 -5.64998
7.53 -5.65366
7.54 -5.65742
7.55 -5.66125
7.56 -5.66516
7.57 -5.66914
7.58 -5.67319
7.59 -5.67732
7.6 -5.68153
7.61 -5.68581
7.62 -5.69017
7.63 -5.6946
7.64 -5.69911
7.65 -5.7037
7.66 -5.70836
7.67 -5.7131
7.68 -5.71791
7.69 -5.7228
7.7 -5.72777
7.71 -5.73281
7.72 -5.73793
7.73 -5.74312
7.74 -5.74839
7.75 -5.75374
7.76 -5.75915
7.77 -5.76465
7.78 -5.77021
7.79 -5.77585
7.8 -5.78157
7.81 -5.78735
7.82 -5.79321
7.83 -5.79914
7.84 -5.80514
7.85 -5.81122
7.86 -5.81736
7.87 -5.82357
7.88 -5.82985
7.89 -5.83619
7.9 -5.84261
7.91 -5.84909
7.92 -5.85564
7.93 -5.86225
7.94 -5.86892
7.95 -5.87566
7.96 -5.88246
7.97 -5.88932
7.98 -5.89624
7.99 -5.90322
8 -5.91025
8.01 -5.91735
8.02 -5.9245
8.03 -5.9317
8.04 -5.93896
8.05 -5.94627
8.06 -5.95364
8.07 -5.96105
8.08 -5.96851
8.09 -5.97602
8.1 -5.98358
8.11 -5.99118
8.12 -5.99883
8.13 -6.00652
8.14 -6.01425
8.15 -6.02203
8.16 -6.02984
8.17 -6.03769
8.18 -6.04558
8.19 -6.0535
8.2 -6.06146
8.21 -6.06945
8.22 -6.07748
8.23 -6.08553
8.24 -6.09362
8.25 -6.10173
8.26 -6.10987
8.27 -6.11804
8.28 -6.12623
8.29 -6.13444
8.3 -6.14268
8.31 -6.15094
8.32 -6.15922
8.33 -6.16751
8.34 -6.17583
8.35 -6.18416
8.36 -6.1925
8.37 -6.20086
8.38 -6.20924
8.39 -6.21762
8.4 -6.22602
8.41 -6.23442
8.42 -6.24283
8.43 -6.25126
8.44 -6.25968
8.45 -6.26812
8.46 -6.27655
8.47 -6.28499
8.48 -6.29344
8.49 -6.30188
8.5 -6.31033
8.51 -6.31877
8.52 -6.32722
8.53 -6.33566
8.54 -6.3441
8.55 -6.35253
8.56 -6.36096
8.57 -6.36938
8.58 -6.3778
8.59 -6.38621
8.6 -6.39462
8.61 -6.40301
8.62 -6.41139
8.63 -6.41977
8.64 -6.42813
8.65 -6.43648
8.66 -6.44482
8.67 -6.45315
8.68 -6.46147
8.69 -6.46976
8.7 -6.47805
8.71 -6.48632
8.72 -6.49457
8.73 -6.50281
8.74 -6.51103
8.75 -6.51923
8.76 -6.52742
8.77 -6.53559
8.78 -6.54374
8.79 -6.55187
8.8 -6.55997
8.81 -6.56806
8.82 -6.57613
8.83 -6.58418
8.84 -6.59221
8.85 -6.60021
8.86 -6.6082
8.87 -6.61616
8.88 -6.6241
8.89 -6.63201
8.9 -6.63991
8.91 -6.64777
8.92 -6.65562
8.93 -6.66344
8.94 -6.67124
8.95 -6.67901
8.96 -6.68676
8.97 -6.69448
8.98 -6.70218
8.99 -6.70986
9 -6.7175
9.01 -6.72513
9.02 -6.73272
9.03 -6.74029
9.04 -6.74784
9.05 -6.75536
9.06 -6.76285
9.07 -6.77032
9.08 -6.77776
9.09 -6.78517
9.1 -6.79256
9.11 -6.79992
9.12 -6.80725
9.13 -6.81456
9.14 -6.82183
9.15 -6.82909
9.16 -6.83631
9.17 -6.84351
9.18 -6.85068
9.19 -6.85783
9.2 -6.86495
9.21 -6.87204
9.22 -6.8791
9.23 -6.88613
9.24 -6.89314
9.25 -6.90012
9.26 -6.90708
9.27 -6.91401
9.28 -6.92091
9.29 -6.92778
9.3 -6.93463
9.31 -6.94145
9.32 -6.94824
9.33 -6.955
9.34 -6.96174
9.35 -6.96845
9.36 -6.97514
9.37 -6.98179
9.38 -6.98843
9.39 -6.99503
9.4 -7.00161
9.41 -7.00816
9.42 -7.01468
9.43 -7.02118
9.44 -7.02765
9.45 -7.0341
9.46 -7.04052
9.47 -7.04691
9.48 -7.05327
9.49 -7.05962
9.5 -7.06593
9.51 -7.07222
9.52 -7.07848
9.53 -7.08472
9.54 -7.09093
9.55 -7.09711
9.56 -7.10327
9.57 -7.10941
9.58 -7.11551
9.59 -7.1216
9.6 -7.12766
9.61 -7.13369
9.62 -7.1397
9.63 -7.14568
9.64 -7.15164
9.65 -7.15757
9.66 -7.16348
9.67 -7.16936
9.68 -7.17522
9.69 -7.18105
9.7 -7.18686
9.71 -7.19265
9.72 -7.19841
9.73 -7.20415
9.74 -7.20986
9.75 -7.21555
9.76 -7.22121
9.77 -7.22686
9.78 -7.23247
9.79 -7.23807
9.8 -7.24364
9.81 -7.24918
9.82 -7.25471
9.83 -7.26021
9.84 -7.26568
9.85 -7.27114
9.86 -7.27657
9.87 -7.28198
9.88 -7.28736
9.89 -7.29272
9.9 -7.29806
9.91 -7.30338
9.92 -7.30868
9.93 -7.31395
9.94 -7.3192
9.95 -7.32443
9.96 -7.32963
9.97 -7.33481
9.98 -7.33998
9.99 -7.34512
10 -7.35023
10.001 -10
