0 5
0.01 4.23263
0.02 4.23326
0.03 4.23389
0.04 4.23452
0.05 4.23517
0.06 4.23581
0.07 4.23647
0.08 4.23713
0.09 4.2378
0.1 4.23847
0.11 4.23915
0.12 4.23984
0.13 4.24054
0.14 4.24124
0.15 4.24195
0.16 4.24267
0.17 4.2434
0.18 4.24413
0.19 4.24487
0.2 4.24562
0.21 4.24638
0.22 4.24715
0.23 4.24793
0.24 4.24871
0.25 4.24951
0.26 4.25031
0.27 4.25112
0.28 4.25194
0.29 4.25278
0.3 4.25362
0.31 4.25447
0.32 4.25533
0.33 4.25621
0.34 4.25709
0.35 4.25799
0.36 4.25889
0.37 4.25981
0.38 4.26074
0.39 4.26168
0.4 4.26263
0.41 4.2636
0.42 4.26457
0.43 4.26556
0.44 4.26657
0.45 4.26758
0.46 4.26861
0.47 4.26965
0.48 4.27071
0.49 4.27178
0.5 4.27286
0.51 4.27396
0.52 4.27507
0.53 4.2762
0.54 4.27734
0.55 4.2785
0.56 4.27967
0.57 4.28086
0.58 4.28206
0.59 4.28328
0.6 4.28452
0.61 4.28577
0.62 4.28704
0.63 4.28833
0.64 4.28963
0.65 4.29095
0.66 4.29229
0.67 4.29364
0.68 4.29502
0.69 4.29641
0.7 4.29782
0.71 4.29925
0.72 4.3007
0.73 4.30217
0.74 4.30365
0.75 4.30516
0.76 4.30668
0.77 4.30823
0.78 4.30979
0.79 4.31138
0.8 4.31299
0.81 4.31461
0.82 4.31626
0.83 4.31793
0.84 4.31962
0.85 4.32133
0.86 4.32306
0.87 4.32482
0.88 4.32659
0.89 4.32839
0.9 4.33021
0.91 4.33205
0.92 4.33392
0.93 4.33581
0.94 4.33772
0.95 4.33965
0.96 4.34161
0.97 4.34359
0.98 4.34559
0.99 4.34762
1 4.34967
1.01 4.35175
1.02 4.35385
1.03 4.35597
1.04 4.35812
1.05 4.36029
1.06 4.36249
1.07 4.36471
1.08 4.36696
1.09 4.36924
1.1 4.37153
1.11 4.37386
1.12 4.37621
1.13 4.37858
1.14 4.38098
1.15 4.38341
1.16 4.38587
1.17 4.38835
1.18 4.39085
1.19 4.39339
1.2 4.39595
1.21 4.39854
1.22 4.40116
1.23 4.4038
1.24 4.40647
1.25 4.40917
1.26 4.4119
1.27 4.41466
1.28 4.41745
1.29 4.42026
1.3 4.42311
1.31 4.42598
1.32 4.42889
1.33 4.43182
1.34 4.43479
1.35 4.43779
1.36 4.44082
1.37 4.44388
1.38 4.44697
1.39 4.4501
1.4 4.45326
1.41 4.45645
1.42 4.45967
1.43 4.46294
1.44 4.46623
1.45 4.46956
1.46 4.47293
1.47 4.47633
1.48 4.47977
1.49 4.48324
1.5 4.48676
1.51 4.49031
1.52 4.4939
1.53 4.49753
1.54 4.50121
1.55 4.50492
1.56 4.50867
1.57 4.51247
1.58 4.51631
1.59 4.52019
1.6 4.52412
1.61 4.52809
1.62 4.53211
1.63 4.53618
1.64 4.54029
1.65 4.54445
1.66 4.54866
1.67 4.55292
1.68 4.55723
1.69 4.56159
1.7 4.566
1.71 4.57047
1.72 4.57499
1.73 4.57957
1.74 4.58419
1.75 4.58888
1.76 4.59362
1.77 4.59843
1.78 4.60328
1.79 4.6082
1.8 4.61318
1.81 4.61822
1.82 4.62332
1.83 4.62849
1.84 4.63372
1.85 4.63901
1.86 4.64436
1.87 4.64978
1.88 4.65527
1.89 4.66082
1.9 4.66644
1.91 4.67213
1.92 4.67788
1.93 4.6837
1.94 4.68959
1.95 4.69555
1.96 4.70158
1.97 4.70767
1.98 4.71384
1.99 4.72008
2 4.72638
2.01 4.73276
2.02 4.7392
2.03 4.74571
2.04 4.75229
2.05 4.75894
2.06 4.76566
2.07 4.77244
2.08 4.77929
2.09 4.78621
2.1 4.79319
2.11 4.80023
2.12 4.80734
2.13 4.81451
2.14 4.82174
2.15 4.82904
2.16 4.83639
2.17 4.84379
2.18 4.85125
2.19 4.85877
2.2 4.86634
2.21 4.87396
2.22 4.88162
2.23 4.88934
2.24 4.8971
2.25 4.9049
2.26 4.91274
2.27 4.92062
2.28 4.92853
2.29 4.93648
2.3 4.94445
2.31 4.95246
2.32 4.96049
2.33 4.96855
2.34 4.97662
2.35 4.98471
2.36 4.99282
2.37 5.00094
2.38 5.00907
2.39 5.01721
2.4 5.02535
2.41 5.03349
2.42 5.04163
2.43 5.04977
2.44 5.05789
2.45 5.06601
2.46 5.07412
2.47 5.08221
2.48 5.09029
2.49 5.09834
2.5 5.10638
2.51 5.11438
2.52 5.12236
2.53 5.13031
2.54 5.13823
2.55 5.14611
2.56 5.15396
2.57 5.16177
2.58 5.16954
2.59 5.17727
2.6 5.18495
2.61 5.19259
2.62 5.20017
2.63 5.20771
2.64 5.2152
2.65 5.22264
2.66 5.23002
2.67 5.23735
2.68 5.24463
2.69 5.25184
2.7 5.259
2.71 5.2661
2.72 5.27314
2.73 5.28012
2.74 5.28704
2.75 5.29389
2.76 5.30069
2.77 5.30742
2.78 5.31408
2.79 5.32069
2.8 5.32722
2.81 5.3337
2.82 5.34011
2.83 5.34645
2.84 5.35274
2.85 5.35895
2.86 5.3651
2.87 5.37119
2.88 5.37721
2.89 5.38317
2.9 5.38906
2.91 5.39489
2.92 5.40066
2.93 5.40636
2.94 5.412
2.95 5.41758
2.96 5.42309
2.97 5.42854
2.98 5.43393
2.99 5.43926
3 5.44453
3.01 5.44974
3.02 5.45489
3.03 5.45998
3.04 5.46501
3.05 5.46999
3.06 5.47491
3.07 5.47977
3.08 5.48457
3.09 5.48932
3.1 5.49401
3.11 5.49865
3.12 5.50324
3.13 5.50777
3.14 5.51225
3.15 5.51668
3.16 5.52106
3.17 5.52539
3.18 5.52967
3.19 5.5339
3.2 5.53808
3.21 5.54221
3.22 5.5463
3.23 5.55034
3.24 5.55433
3.25 5.55828
3.26 5.56218
3.27 5.56604
3.28 5.56985
3.29 5.57363
3.3 5.57736
3.31 5.58104
3.32 5.58469
3.33 5.5883
3.34 5.59187
3.35 5.5954
3.36 5.59889
3.37 5.60234
3.38 5.60575
3.39 5.60913
3.4 5.61247
3.41 5.61577
3.42 5.61904
3.43 5.62228
3.44 5.62548
3.45 5.62864
3.46 5.63178
3.47 5.63488
3.48 5.63795
3.49 5.64098
3.5 5.64399
3.51 5.64696
3.52 5.64991
3.53 5.65282
3.54 5.65571
3.55 5.65856
3.56 5.66139
3.57 5.66419
3.58 5.66696
3.59 5.66971
3.6 5.67243
3.61 5.67512
3.62 5.67779
3.63 5.68043
3.64 5.68304
3.65 5.68564
3.66 5.6882
3.67 5.69075
3.68 5.69327
3.69 5.69576
3.7 5.69824
3.71 5.70069
3.72 5.70312
3.73 5.70552
3.74 5.70791
3.75 5.71028
3.76 5.71262
3.77 5.71494
3.78 5.71725
3.79 5.71953
3.8 5.7218
3.81 5.72404
3.82 5.72627
3.83 5.72848
3.84 5.73067
3.85 5.73284
3.86 5.735
3.87 5.73713
3.88 5.73925
3.89 5.74136
3.9 5.74345
3.91 5.74552
3.92 5.74757
3.93 5.74961
3.94 5.75163
3.95 5.75364
3.96 5.75564
3.97 5.75762
3.98 5.75958
3.99 5.76153
4 5.76347
4.01 5.76539
4.02 5.7673
4.03 5.76919
4.04 5.77107
4.05 5.77294
4.06 5.7748
4.07 5.77665
4.08 5.77848
4.09 5.7803
4.1 5.7821
4.11 5.7839
4.12 5.78568
4.13 5.78746
4.14 5.78922
4.15 5.79097
4.16 5.79271
4.17 5.79444
4.18 5.79616
4.19 5.79787
4.2 5.79957
4.21 5.80126
4.22 5.80294
4.23 5.80461
4.24 5.80627
4.25 5.80792
4.26 5.80956
4.27 5.81119
4.28 5.81282
4.29 5.81443
4.3 5.81604
4.31 5.81764
4.32 5.81923
4.33 5.82081
4.34 5.82238
4.35 5.82395
4.36 5.82551
4.37 5.82706
4.38 5.8286
4.39 5.83014
4.4 5.83167
4.41 5.83319
4.42 5.83471
4.43 5.83622
4.44 5.83772
4.45 5.83921
4.46 5.8407
4.47 5.84218
4.48 5.84366
4.49 5.84513
4.5 5.84659
4.51 5.84805
4.52 5.8495
4.53 5.85095
4.54 5.85239
4.55 5.85382
4.56 5.85525
4.57 5.85668
4.58 5.8581
4.59 5.85951
4.6 5.86092
4.61 5.86233
4.62 5.86372
4.63 5.86512
4.64 5.86651
4.65 5.86789
4.66 5.86927
4.67 5.87065
4.68 5.87202
4.69 5.87339
4.7 5.87475
4.71 5.87611
4.72 5.87747
4.73 5.87882
4.74 5.88017
4.75 5.88151
4.76 5.88285
4.77 5.88419
4.78 5.88552
4.79 5.88685
4.8 5.88817
4.81 5.8895
4.82 5.89082
4.83 5.89213
4.84 5.89344
4.85 5.89475
4.86 5.89606
4.87 5.89736
4.88 5.89866
4.89 5.89996
4.9 5.90126
4.91 5.90255
4.92 5.90384
4.93 5.90512
4.94 5.90641
4.95 5.90769
4.96 5.90897
4.97 5.91024
4.98 5.91152
4.99 5.91279
5 5.91406
5.01 5.91533
5.02 5.91659
5.03 5.91786
5.04 5.91912
5.05 5.92038
5.06 5.92163
5.07 5.92289
5.08 5.92414
5.09 5.9254
5.1 5.92665
5.11 5.92789
5.12 5.92914
5.13 5.93038
5.14 5.93163
5.15 5.93287
5.16 5.93411
5.17 5.93535
5.18 5.93659
5.19 5.93782
5.2 5.93906
5.21 5.94029
5.22 5.94152
5.23 5.94275
5.24 5.94398
5.25 5.94521
5.26 5.94644
5.27 5.94766
5.28 5.94889
5.29 5.95011
5.3 5.95134
5.31 5.95256
5.32 5.95378
5.33 5.955
5.34 5.95622
5.35 5.95744
5.36 5.95866
5.37 5.95988
5.38 5.96109
5.39 5.96231
5.4 5.96353
5.41 5.96474
5.42 5.96595
5.43 5.96717
5.44 5.96838
5.45 5.9696
5.46 5.97081
5.47 5.97202
5.48 5.97323
5.49 5.97444
5.5 5.97566
5.51 5.97687
5.52 5.97808
5.53 5.97929
5.54 5.9805
5.55 5.98171
5.56 5.98292
5.57 5.98413
5.58 5.98534
5.59 5.98655
5.6 5.98776
5.61 5.98897
5.62 5.99018
5.63 5.99139
5.64 5.9926
5.65 5.99381
5.66 5.99502
5.67 5.99623
5.68 5.99745
5.69 5.99866
5.7 5.99987
5.71 6.00108
5.72 6.00229
5.73 6.00351
5.74 6.00472
5.75 6.00594
5.76 6.00715
5.77 6.00837
5.78 6.00958
5.79 6.0108
5.8 6.01202
5.81 6.01323
5.82 6.01445
5.83 6.01567
5.84 6.01689
5.85 6.01811
5.86 6.01933
5.87 6.02056
5.88 6.02178
5.89 6.02301
5.9 6.02423
5.91 6.02546
5.92 6.02669
5.93 6.02791
5.94 6.02914
5.95 6.03038
5.96 6.03161
5.97 6.03284
5.98 6.03408
5.99 6.03531
6 6.03655
6.01 6.03779
6.02 6.03903
6.03 6.04027
6.04 6.04152
6.05 6.04276
6.06 6.04401
6.07 6.04526
6.08 6.04651
6.09 6.04776
6.1 6.04901
6.11 6.05027
6.12 6.05152
6.13 6.05278
6.14 6.05404
6.15 6.05531
6.16 6.05657
6.17 6.05784
6.18 6.05911
6.19 6.06038
6.2 6.06166
6.21 6.06293
6.22 6.06421
6.23 6.06549
6.24 6.06678
6.25 6.06806
6.26 6.06935
6.27 6.07064
6.28 6.07194
6.29 6.07324
6.3 6.07454
6.31 6.07584
6.32 6.07714
6.33 6.07845
6.34 6.07977
6.35 6.08108
6.36 6.0824
6.37 6.08372
6.38 6.08505
6.39 6.08637
6.4 6.08771
6.41 6.08904
6.42 6.09038
6.43 6.09172
6.44 6.09307
6.45 6.09442
6.46 6.09577
6.47 6.09713
6.48 6.09849
6.49 6.09986
6.5 6.10123
6.51 6.10261
6.52 6.10399
6.53 6.10537
6.54 6.10676
6.55 6.10815
6.56 6.10955
6.57 6.11095
6.58 6.11236
6.59 6.11377
6.6 6.11519
6.61 6.11661
6.62 6.11803
6.63 6.11947
6.64 6.1209
6.65 6.12235
6.66 6.1238
6.67 6.12525
6.68 6.12671
6.69 6.12818
6.7 6.12965
6.71 6.13113
6.72 6.13261
6.73 6.1341
6.74 6.13559
6.75 6.1371
6.76 6.1386
6.77 6.14012
6.78 6.14164
6.79 6.14317
6.8 6.1447
6.81 6.14624
6.82 6.14779
6.83 6.14935
6.84 6.15091
6.85 6.15248
6.86 6.15406
6.87 6.15564
6.88 6.15723
6.89 6.15883
6.9 6.16043
6.91 6.16205
6.92 6.16367
6.93 6.1653
6.94 6.16693
6.95 6.16857
6.96 6.17023
6.97 6.17188
6.98 6.17355
6.99 6.17523
7 6.17691
7.01 6.1786
7.02 6.1803
7.03 6.182
7.04 6.18372
7.05 6.18544
7.06 6.18717
7.07 6.18891
7.08 6.19066
7.09 6.19241
7.1 6.19417
7.11 6.19594
7.12 6.19772
7.13 6.1995
7.14 6.2013
7.15 6.2031
7.16 6.2049
7.17 6.20672
7.18 6.20854
7.19 6.21037
7.2 6.21221
7.21 6.21405
7.22 6.2159
7.23 6.21776
7.24 6.21962
7.25 6.22149
7.26 6.22337
7.27 6.22525
7.28 6.22714
7.29 6.22903
7.3 6.23093
7.31 6.23283
7.32 6.23473
7.33 6.23664
7.34 6.23856
7.35 6.24048
7.36 6.2424
7.37 6.24432
7.38 6.24624
7.39 6.24817
7.4 6.2501
7.41 6.25203
7.42 6.25395
7.43 6.25588
7.44 6.25781
7.45 6.25973
7.46 6.26165
7.47 6.26357
7.48 6.26549
7.49 6.2674
7.5 6.26931
7.51 6.27121
7.52 6.2731
7.53 6.27499
7.54 6.27687
7.55 6.27874
7.56 6.28059
7.57 6.28244
7.58 6.28428
7.59 6.2861
7.6 6.2879
7.61 6.28969
7.62 6.29147
7.63 6.29323
7.64 6.29496
7.65 6.29668
7.66 6.29838
7.67 6.30005
7.68 6.3017
7.69 6.30332
7.7 6.30492
7.71 6.30649
7.72 6.30802
7.73 6.30953
7.74 6.311
7.75 6.31244
7.76 6.31384
7.77 6.3152
7.78 6.31653
7.79 6.31781
7.8 6.31905
7.81 6.32024
7.82 6.32139
7.83 6.32248
7.84 6.32353
7.85 6.32452
7.86 6.32546
7.87 6.32634
7.88 6.32717
7.89 6.32793
7.9 6.32863
7.91 6.32926
7.92 6.32983
7.93 6.33033
7.94 6.33076
7.95 6.33111
7.96 6.33139
7.97 6.3316
7.98 6.33172
7.99 6.33176
8 6.33172
8.01 6.33159
8.02 6.33137
8.03 6.33107
8.04 6.33067
8.05 6.33017
8.06 6.32958
8.07 6.3289
8.08 6.32811
8.09 6.32722
8.1 6.32622
8.11 6.32512
8.12 6.32392
8.13 6.3226
8.14 6.32117
8.15 6.31962
8.16 6.31797
8.17 6.31619
8.18 6.3143
8.19 6.31229
8.2 6.31016
8.21 6.3079
8.22 6.30553
8.23 6.30303
8.24 6.3004
8.25 6.29765
8.26 6.29477
8.27 6.29176
8.28 6.28862
8.29 6.28535
8.3 6.28196
8.31 6.27843
8.32 6.27477
8.33 6.27099
8.34 6.26707
8.35 6.26302
8.36 6.25884
8.37 6.25454
8.38 6.2501
8.39 6.24553
8.4 6.24084
8.41 6.23602
8.42 6.23107
8.43 6.226
8.44 6.2208
8.45 6.21548
8.46 6.21004
8.47 6.20447
8.48 6.19879
8.49 6.193
8.5 6.18709
8.51 6.18106
8.52 6.17493
8.53 6.16869
8.54 6.16234
8.55 6.15589
8.56 6.14933
8.57 6.14268
8.58 6.13593
8.59 6.12909
8.6 6.12216
8.61 6.11514
8.62 6.10803
8.63 6.10085
8.64 6.09358
8.65 6.08624
8.66 6.07883
8.67 6.07134
8.68 6.06379
8.69 6.05618
8.7 6.04851
8.71 6.04078
8.72 6.033
8.73 6.02516
8.74 6.01728
8.75 6.00936
8.76 6.00139
8.77 5.99339
8.78 5.98536
8.79 5.97729
8.8 5.96919
8.81 5.96107
8.82 5.95293
8.83 5.94477
8.84 5.93659
8.85 5.9284
8.86 5.9202
8.87 5.912
8.88 5.90379
8.89 5.89557
8.9 5.88736
8.91 5.87915
8.92 5.87095
8.93 5.86276
8.94 5.85457
8.95 5.8464
8.96 5.83825
8.97 5.83011
8.98 5.82199
8.99 5.8139
9 5.80582
9.01 5.79778
9.02 5.78976
9.03 5.78177
9.04 5.77381
9.05 5.76588
9.06 5.75799
9.07 5.75013
9.08 5.74231
9.09 5.73453
9.1 5.72679
9.11 5.71909
9.12 5.71143
9.13 5.70382
9.14 5.69624
9.15 5.68872
9.16 5.68124
9.17 5.6738
9.18 5.66642
9.19 5.65908
9.2 5.65179
9.21 5.64456
9.22 5.63737
9.23 5.63023
9.24 5.62315
9.25 5.61612
9.26 5.60914
9.27 5.60221
9.28 5.59534
9.29 5.58852
9.3 5.58175
9.31 5.57504
9.32 5.56838
9.33 5.56178
9.34 5.55523
9.35 5.54873
9.36 5.5423
9.37 5.53591
9.38 5.52958
9.39 5.52331
9.4 5.51709
9.41 5.51092
9.42 5.50481
9.43 5.49875
9.44 5.49275
9.45 5.4868
9.46 5.48091
9.47 5.47507
9.48 5.46928
9.49 5.46355
9.5 5.45787
9.51 5.45224
9.52 5.44667
9.53 5.44115
9.54 5.43568
9.55 5.43026
9.56 5.42489
9.57 5.41958
9.58 5.41431
9.59 5.4091
9.6 5.40393
9.61 5.39882
9.62 5.39375
9.63 5.38874
9.64 5.38377
9.65 5.37885
9.66 5.37398
9.67 5.36915
9.68 5.36438
9.69 5.35964
9.7 5.35496
9.71 5.35032
9.72 5.34573
9.73 5.34118
9.74 5.33667
9.75 5.33221
9.76 5.3278
9.77 5.32342
9.78 5.31909
9.79 5.31481
9.8 5.31056
9.81 5.30635
9.82 5.30219
9.83 5.29807
9.84 5.29398
9.85 5.28994
9.86 5.28594
9.87 5.28197
9.88 5.27805
9.89 5.27416
9.9 5.27031
9.91 5.26649
9.92 5.26271
9.93 5.25897
9.94 5.25527
9.95 5.2516
9.96 5.24797
9.97 5.24437
9.98 5.2408
9.99 5.23727
10 5.23377
10.001 5
