0 0
0.01 0.269775
0.02 0.268185
0.03 0.266586
0.04 0.264979
0.05 0.263365
0.06 0.261742
0.07 0.260111
0.08 0.258472
0.09 0.256826
0.1 0.255171
0.11 0.253509
0.12 0.251838
0.13 0.250159
0.14 0.248473
0.15 0.246778
0.16 0.245076
0.17 0.243366
0.18 0.241648
0.19 0.239922
0.2 0.238189
0.21 0.236447
0.22 0.234698
0.23 0.232941
0.24 0.231177
0.25 0.229405
0.26 0.227626
0.27 0.225839
0.28 0.224044
0.29 0.222243
0.3 0.220434
0.31 0.218617
0.32 0.216794
0.33 0.214963
0.34 0.213126
0.35 0.211281
0.36 0.20943
0.37 0.207572
0.38 0.205707
0.39 0.203836
0.4 0.201958
0.41 0.200074
0.42 0.198184
0.43 0.196288
0.44 0.194385
0.45 0.192477
0.46 0.190563
0.47 0.188644
0.48 0.186719
0.49 0.184788
0.5 0.182853
0.51 0.180913
0.52 0.178968
0.53 0.177018
0.54 0.175064
0.55 0.173106
0.56 0.171144
0.57 0.169178
0.58 0.167208
0.59 0.165235
0.6 0.163259
0.61 0.16128
0.62 0.159298
0.63 0.157314
0.64 0.155327
0.65 0.153339
0.66 0.151349
0.67 0.149358
0.68 0.147366
0.69 0.145373
0.7 0.143379
0.71 0.141386
0.72 0.139392
0.73 0.137399
0.74 0.135407
0.75 0.133417
0.76 0.131427
0.77 0.12944
0.78 0.127456
0.79 0.125474
0.8 0.123495
0.81 0.121519
0.82 0.119548
0.83 0.117581
0.84 0.115619
0.85 0.113663
0.86 0.111712
0.87 0.109767
0.88 0.107829
0.89 0.105898
0.9 0.103975
0.91 0.102061
0.92 0.100155
0.93 0.0982582
0.94 0.0963715
0.95 0.0944951
0.96 0.0926298
0.97 0.0907759
0.98 0.0889343
0.99 0.0871053
1 0.0852897
1.01 0.083488
1.02 0.0817009
1.03 0.079929
1.04 0.078173
1.05 0.0764335
1.06 0.0747111
1.07 0.0730066
1.08 0.0713206
1.09 0.0696538
1.1 0.0680069
1.11 0.0663806
1.12 0.0647756
1.13 0.0631927
1.14 0.0616326
1.15 0.0600959
1.16 0.0585836
1.17 0.0570962
1.18 0.0556346
1.19 0.0541995
1.2 0.0527917
1.21 0.051412
1.22 0.0500612
1.23 0.04874
1.24 0.0474492
1.25 0.0461897
1.26 0.0449621
1.27 0.0437674
1.28 0.0426064
1.29 0.0414798
1.3 0.0403884
1.31 0.0393332
1.32 0.0383148
1.33 0.0373341
1.34 0.036392
1.35 0.0354892
1.36 0.0346265
1.37 0.0338049
1.38 0.033025
1.39 0.0322878
1.4 0.031594
1.41 0.0309444
1.42 0.0303398
1.43 0.0297812
1.44 0.0292691
1.45 0.0288045
1.46 0.0283882
1.47 0.0280208
1.48 0.0277033
1.49 0.0274363
1.5 0.0272207
1.51 0.0270571
1.52 0.0269464
1.53 0.0268892
1.54 0.0268863
1.55 0.0269384
1.56 0.0270463
1.57 0.0272104
1.58 0.0274317
1.59 0.0277107
1.6 0.028048
1.61 0.0284443
1.62 0.0289002
1.63 0.0294164
1.64 0.0299933
1.65 0.0306315
1.66 0.0313316
1.67 0.032094
1.68 0.0329194
1.69 0.0338081
1.7 0.0347605
1.71 0.0357772
1.72 0.0368585
1.73 0.0380047
1.74 0.0392162
1.75 0.0404934
1.76 0.0418365
1.77 0.0432457
1.78 0.0447213
1.79 0.0462635
1.8 0.0478723
1.81 0.0495481
1.82 0.0512907
1.83 0.0531003
1.84 0.0549769
1.85 0.0569204
1.86 0.0589309
1.87 0.0610082
1.88 0.0631521
1.89 0.0653625
1.9 0.0676392
1.91 0.0699818
1.92 0.0723902
1.93 0.074864
1.94 0.0774027
1.95 0.080006
1.96 0.0826734
1.97 0.0854044
1.98 0.0881984
1.99 0.0910549
2 0.0939732
2.01 0.0969527
2.02 0.0999926
2.03 0.103092
2.04 0.106251
2.05 0.109467
2.06 0.112741
2.07 0.116072
2.08 0.119457
2.09 0.122898
2.1 0.126391
2.11 0.129937
2.12 0.133535
2.13 0.137183
2.14 0.14088
2.15 0.144626
2.16 0.148418
2.17 0.152257
2.18 0.15614
2.19 0.160067
2.2 0.164036
2.21 0.168046
2.22 0.172097
2.23 0.176186
2.24 0.180312
2.25 0.184476
2.26 0.188674
2.27 0.192906
2.28 0.197172
2.29 0.201469
2.3 0.205796
2.31 0.210153
2.32 0.214538
2.33 0.21895
2.34 0.223388
2.35 0.227851
2.36 0.232338
2.37 0.236848
2.38 0.241379
2.39 0.245932
2.4 0.250504
2.41 0.255096
2.42 0.259706
2.43 0.264332
2.44 0.268976
2.45 0.273635
2.46 0.278308
2.47 0.282996
2.48 0.287697
2.49 0.292411
2.5 0.297137
2.51 0.301874
2.52 0.306623
2.53 0.311381
2.54 0.316149
2.55 0.320926
2.56 0.325712
2.57 0.330506
2.58 0.335308
2.59 0.340117
2.6 0.344933
2.61 0.349756
2.62 0.354585
2.63 0.35942
2.64 0.364261
2.65 0.369107
2.66 0.373957
2.67 0.378813
2.68 0.383673
2.69 0.388537
2.7 0.393406
2.71 0.398278
2.72 0.403154
2.73 0.408033
2.74 0.412916
2.75 0.417801
2.76 0.42269
2.77 0.427581
2.78 0.432475
2.79 0.437371
2.8 0.442269
2.81 0.44717
2.82 0.452073
2.83 0.456977
2.84 0.461883
2.85 0.466791
2.86 0.471699
2.87 0.47661
2.88 0.481521
2.89 0.486433
2.9 0.491346
2.91 0.49626
2.92 0.501174
2.93 0.506089
2.94 0.511004
2.95 0.515918
2.96 0.520833
2.97 0.525748
2.98 0.530661
2.99 0.535575
3 0.540487
3.01 0.545399
3.02 0.550309
3.03 0.555218
3.04 0.560126
3.05 0.565032
3.06 0.569936
3.07 0.574838
3.08 0.579738
3.09 0.584635
3.1 0.58953
3.11 0.594422
3.12 0.599311
3.13 0.604196
3.14 0.609079
3.15 0.613957
3.16 0.618832
3.17 0.623703
3.18 0.62857
3.19 0.633433
3.2 0.63829
3.21 0.643144
3.22 0.647992
3.23 0.652835
3.24 0.657673
3.25 0.662505
3.26 0.667332
3.27 0.672153
3.28 0.676968
3.29 0.681777
3.3 0.68658
3.31 0.691376
3.32 0.696165
3.33 0.700948
3.34 0.705724
3.35 0.710492
3.36 0.715254
3.37 0.720008
3.38 0.724755
3.39 0.729494
3.4 0.734226
3.41 0.73895
3.42 0.743666
3.43 0.748374
3.44 0.753073
3.45 0.757765
3.46 0.762448
3.47 0.767123
3.48 0.77179
3.49 0.776448
3.5 0.781097
3.51 0.785738
3.52 0.790371
3.53 0.794994
3.54 0.799609
3.55 0.804215
3.56 0.808812
3.57 0.813401
3.58 0.81798
3.59 0.822551
3.6 0.827113
3.61 0.831666
3.62 0.83621
3.63 0.840745
3.64 0.845271
3.65 0.849789
3.66 0.854297
3.67 0.858797
3.68 0.863289
3.69 0.867771
3.7 0.872245
3.71 0.87671
3.72 0.881166
3.73 0.885614
3.74 0.890054
3.75 0.894485
3.76 0.898908
3.77 0.903322
3.78 0.907729
3.79 0.912127
3.8 0.916517
3.81 0.920899
3.82 0.925273
3.83 0.929639
3.84 0.933998
3.85 0.938349
3.86 0.942693
3.87 0.947029
3.88 0.951358
3.89 0.955679
3.9 0.959994
3.91 0.964301
3.92 0.968602
3.93 0.972896
3.94 0.977183
3.95 0.981464
3.96 0.985738
3.97 0.990006
3.98 0.994268
3.99 0.998523
4 1.00277
4.01 1.00702
4.02 1.01126
4.03 1.01549
4.04 1.01972
4.05 1.02394
4.06 1.02815
4.07 1.03237
4.08 1.03657
4.09 1.04078
4.1 1.04497
4.11 1.04917
4.12 1.05336
4.13 1.05754
4.14 1.06172
4.15 1.0659
4.16 1.07007
4.17 1.07424
4.18 1.07841
4.19 1.08257
4.2 1.08673
4.21 1.09088
4.22 1.09504
4.23 1.09919
4.24 1.10334
4.25 1.10748
4.26 1.11163
4.27 1.11577
4.28 1.1199
4.29 1.12404
4.3 1.12818
4.31 1.13231
4.32 1.13644
4.33 1.14057
4.34 1.1447
4.35 1.14883
4.36 1.15296
4.37 1.15708
4.38 1.16121
4.39 1.16533
4.4 1.16946
4.41 1.17358
4.42 1.17771
4.43 1.18183
4.44 1.18596
4.45 1.19008
4.46 1.1942
4.47 1.19833
4.48 1.20246
4.49 1.20658
4.5 1.21071
4.51 1.21484
4.52 1.21897
4.53 1.2231
4.54 1.22723
4.55 1.23137
4.56 1.2355
4.57 1.23964
4.58 1.24378
4.59 1.24792
4.6 1.25206
4.61 1.25621
4.62 1.26035
4.63 1.2645
4.64 1.26866
4.65 1.27281
4.66 1.27697
4.67 1.28113
4.68 1.28529
4.69 1.28946
4.7 1.29363
4.71 1.2978
4.72 1.30198
4.73 1.30616
4.74 1.31035
4.75 1.31453
4.76 1.31873
4.77 1.32292
4.78 1.32712
4.79 1.33132
4.8 1.33553
4.81 1.33974
4.82 1.34396
4.83 1.34818
4.84 1.35241
4.85 1.35664
4.86 1.36087
4.87 1.36511
4.88 1.36935
4.89 1.3736
4.9 1.37786
4.91 1.38212
4.92 1.38638
4.93 1.39065
4.94 1.39493
4.95 1.39921
4.96 1.4035
4.97 1.40779
4.98 1.41209
4.99 1.41639
5 1.4207
5.01 1.42501
5.02 1.42934
5.03 1.43366
5.04 1.438
5.05 1.44234
5.06 1.44668
5.07 1.45103
5.08 1.45539
5.09 1.45976
5.1 1.46413
5.11 1.46851
5.12 1.47289
5.13 1.47728
5.14 1.48168
5.15 1.48608
5.16 1.4905
5.17 1.49491
5.18 1.49934
5.19 1.50377
5.2 1.50821
5.21 1.51266
5.22 1.51711
5.23 1.52157
5.24 1.52604
5.25 1.53051
5.26 1.53499
5.27 1.53948
5.28 1.54398
5.29 1.54848
5.3 1.55299
5.31 1.55751
5.32 1.56204
5.33 1.56657
5.34 1.57111
5.35 1.57566
5.36 1.58022
5.37 1.58478
5.38 1.58936
5.39 1.59394
5.4 1.59852
5.41 1.60312
5.42 1.60772
5.43 1.61233
5.44 1.61695
5.45 1.62158
5.46 1.62621
5.47 1.63086
5.48 1.63551
5.49 1.64017
5.5 1.64483
5.51 1.64951
5.52 1.65419
5.53 1.65888
5.54 1.66358
5.55 1.66829
5.56 1.673
5.57 1.67773
5.58 1.68246
5.59 1.6872
5.6 1.69195
5.61 1.6967
5.62 1.70147
5.63 1.70624
5.64 1.71102
5.65 1.71581
5.66 1.72061
5.67 1.72542
5.68 1.73023
5.69 1.73506
5.7 1.73989
5.71 1.74473
5.72 1.74958
5.73 1.75444
5.74 1.7593
5.75 1.76418
5.76 1.76906
5.77 1.77396
5.78 1.77886
5.79 1.78377
5.8 1.78868
5.81 1.79361
5.82 1.79855
5.83 1.80349
5.84 1.80845
5.85 1.81341
5.86 1.81838
5.87 1.82336
5.88 1.82835
5.89 1.83335
5.9 1.83835
5.91 1.84337
5.92 1.84839
5.93 1.85343
5.94 1.85847
5.95 1.86353
5.96 1.86859
5.97 1.87366
5.98 1.87874
5.99 1.88383
6 1.88893
6.01 1.89404
6.02 1.89916
6.03 1.90428
6.04 1.90942
6.05 1.91457
6.06 1.91973
6.07 1.92489
6.08 1.93007
6.09 1.93526
6.1 1.94045
6.11 1.94566
6.12 1.95088
6.13 1.95611
6.14 1.96134
6.15 1.96659
6.16 1.97185
6.17 1.97712
6.18 1.9824
6.19 1.98769
6.2 1.99299
6.21 1.99831
6.22 2.00363
6.23 2.00897
6.24 2.01431
6.25 2.01967
6.26 2.02504
6.27 2.03042
6.28 2.03582
6.29 2.04122
6.3 2.04664
6.31 2.05207
6.32 2.05751
6.33 2.06296
6.34 2.06843
6.35 2.07391
6.36 2.0794
6.37 2.08491
6.38 2.09043
6.39 2.09596
6.4 2.10151
6.41 2.10707
6.42 2.11265
6.43 2.11824
6.44 2.12384
6.45 2.12946
6.46 2.1351
6.47 2.14075
6.48 2.14641
6.49 2.15209
6.5 2.15779
6.51 2.1635
6.52 2.16923
6.53 2.17498
6.54 2.18074
6.55 2.18652
6.56 2.19232
6.57 2.19814
6.58 2.20397
6.59 2.20983
6.6 2.2157
6.61 2.22159
6.62 2.2275
6.63 2.23343
6.64 2.23938
6.65 2.24535
6.66 2.25134
6.67 2.25736
6.68 2.26339
6.69 2.26945
6.7 2.27553
6.71 2.28163
6.72 2.28776
6.73 2.29391
6.74 2.30008
6.75 2.30628
6.76 2.3125
6.77 2.31875
6.78 2.32502
6.79 2.33132
6.8 2.33765
6.81 2.34401
6.82 2.35039
6.83 2.3568
6.84 2.36324
6.85 2.36971
6.86 2.3762
6.87 2.38273
6.88 2.38929
6.89 2.39588
6.9 2.4025
6.91 2.40916
6.92 2.41585
6.93 2.42257
6.94 2.42932
6.95 2.43611
6.96 2.44294
6.97 2.4498
6.98 2.4567
6.99 2.46363
7 2.4706
7.01 2.47761
7.02 2.48466
7.03 2.49175
7.04 2.49888
7.05 2.50605
7.06 2.51326
7.07 2.52051
7.08 2.52781
7.09 2.53515
7.1 2.54253
7.11 2.54995
7.12 2.55743
7.13 2.56494
7.14 2.57251
7.15 2.58012
7.16 2.58777
7.17 2.59548
7.18 2.60323
7.19 2.61104
7.2 2.61889
7.21 2.6268
7.22 2.63475
7.23 2.64276
7.24 2.65082
7.25 2.65893
7.26 2.6671
7.27 2.67532
7.28 2.68359
7.29 2.69192
7.3 2.70031
7.31 2.70875
7.32 2.71725
7.33 2.7258
7.34 2.73441
7.35 2.74308
7.36 2.75181
7.37 2.7606
7.38 2.76944
7.39 2.77835
7.4 2.78731
7.41 2.79634
7.42 2.80542
7.43 2.81457
7.44 2.82378
7.45 2.83305
7.46 2.84238
7.47 2.85177
7.48 2.86122
7.49 2.87074
7.5 2.88031
7.51 2.88995
7.52 2.89965
7.53 2.90941
7.54 2.91924
7.55 2.92912
7.56 2.93907
7.57 2.94908
7.58 2.95915
7.59 2.96928
7.6 2.97947
7.61 2.98972
7.62 3.00003
7.63 3.0104
7.64 3.02083
7.65 3.03132
7.66 3.04187
7.67 3.05247
7.68 3.06313
7.69 3.07385
7.7 3.08462
7.71 3.09545
7.72 3.10633
7.73 3.11727
7.74 3.12825
7.75 3.13929
7.76 3.15038
7.77 3.16152
7.78 3.1727
7.79 3.18394
7.8 3.19522
7.81 3.20654
7.82 3.21791
7.83 3.22932
7.84 3.24077
7.85 3.25226
7.86 3.26379
7.87 3.27535
7.88 3.28695
7.89 3.29859
7.9 3.31026
7.91 3.32195
7.92 3.33368
7.93 3.34544
7.94 3.35722
7.95 3.36902
7.96 3.38085
7.97 3.3927
7.98 3.40457
7.99 3.41645
8 3.42835
8.01 3.44027
8.02 3.4522
8.03 3.46413
8.04 3.47608
8.05 3.48803
8.06 3.49998
8.07 3.51194
8.08 3.5239
8.09 3.53586
8.1 3.54781
8.11 3.55976
8.12 3.5717
8.13 3.58363
8.14 3.59555
8.15 3.60746
8.16 3.61935
8.17 3.63122
8.18 3.64308
8.19 3.65491
8.2 3.66673
8.21 3.67851
8.22 3.69027
8.23 3.702
8.24 3.7137
8.25 3.72537
8.26 3.737
8.27 3.7486
8.28 3.76015
8.29 3.77167
8.3 3.78314
8.31 3.79457
8.32 3.80596
8.33 3.81729
8.34 3.82857
8.35 3.83981
8.36 3.85098
8.37 3.86211
8.38 3.87317
8.39 3.88417
8.4 3.89512
8.41 3.906
8.42 3.91681
8.43 3.92756
8.44 3.93824
8.45 3.94884
8.46 3.95938
8.47 3.96984
8.48 3.98022
8.49 3.99053
8.5 4.00076
8.51 4.0109
8.52 4.02097
8.53 4.03094
8.54 4.04083
8.55 4.05064
8.56 4.06035
8.57 4.06997
8.58 4.0795
8.59 4.08893
8.6 4.09827
8.61 4.10751
8.62 4.11665
8.63 4.12569
8.64 4.13463
8.65 4.14347
8.66 4.1522
8.67 4.16082
8.68 4.16934
8.69 4.17775
8.7 4.18604
8.71 4.19423
8.72 4.20231
8.73 4.21027
8.74 4.21812
8.75 4.22586
8.76 4.23348
8.77 4.24098
8.78 4.24837
8.79 4.25564
8.8 4.26279
8.81 4.26982
8.82 4.27673
8.83 4.28352
8.84 4.2902
8.85 4.29675
8.86 4.30318
8.87 4.30949
8.88 4.31567
8.89 4.32174
8.9 4.32768
8.91 4.33351
8.92 4.33921
8.93 4.34479
8.94 4.35025
8.95 4.35558
8.96 4.3608
8.97 4.36589
8.98 4.37087
8.99 4.37573
9 4.38046
9.01 4.38508
9.02 4.38958
9.03 4.39396
9.04 4.39823
9.05 4.40237
9.06 4.40641
9.07 4.41032
9.08 4.41413
9.09 4.41782
9.1 4.42139
9.11 4.42486
9.12 4.42821
9.13 4.43146
9.14 4.43459
9.15 4.43762
9.16 4.44054
9.17 4.44336
9.18 4.44607
9.19 4.44867
9.2 4.45118
9.21 4.45358
9.22 4.45588
9.23 4.45808
9.24 4.46018
9.25 4.46219
9.26 4.4641
9.27 4.46591
9.28 4.46763
9.29 4.46926
9.3 4.47079
9.31 4.47224
9.32 4.47359
9.33 4.47486
9.34 4.47604
9.35 4.47714
9.36 4.47815
9.37 4.47908
9.38 4.47992
9.39 4.48069
9.4 4.48137
9.41 4.48198
9.42 4.48251
9.43 4.48296
9.44 4.48333
9.45 4.48364
9.46 4.48386
9.47 4.48402
9.48 4.48411
9.49 4.48412
9.5 4.48407
9.51 4.48395
9.52 4.48377
9.53 4.48352
9.54 4.4832
9.55 4.48282
9.56 4.48238
9.57 4.48188
9.58 4.48132
9.59 4.48069
9.6 4.48002
9.61 4.47928
9.62 4.47848
9.63 4.47764
9.64 4.47673
9.65 4.47578
9.66 4.47477
9.67 4.47371
9.68 4.4726
9.69 4.47144
9.7 4.47023
9.71 4.46897
9.72 4.46767
9.73 4.46632
9.74 4.46492
9.75 4.46348
9.76 4.46199
9.77 4.46047
9.78 4.4589
9.79 4.45728
9.8 4.45563
9.81 4.45394
9.82 4.45221
9.83 4.45044
9.84 4.44863
9.85 4.44679
9.86 4.44491
9.87 4.44299
9.88 4.44104
9.89 4.43905
9.9 4.43703
9.91 4.43498
9.92 4.43289
9.93 4.43078
9.94 4.42863
9.95 4.42645
9.96 4.42424
9.97 4.422
9.98 4.41974
9.99 4.41744
10 4.41512
10.001 0
