0 -10
0.01 -8.44284
0.02 -8.43818
0.03 -8.43351
0.04 -8.42882
0.05 -8.42411
0.06 -8.41938
0.07 -8.41463
0.08 -8.40986
0.09 -8.40508
0.1 -8.40028
0.11 -8.39545
0.12 -8.39061
0.13 -8.38575
0.14 -8.38087
0.15 -8.37598
0.16 -8.37106
0.17 -8.36613
0.18 -8.36117
0.19 -8.3562
0.2 -8.35121
0.21 -8.3462
0.22 -8.34118
0.23 -8.33613
0.24 -8.33107
0.25 -8.32599
0.26 -8.32089
0.27 -8.31577
0.28 -8.31063
0.29 -8.30547
0.3 -8.3003
0.31 -8.29511
0.32 -8.2899
0.33 -8.28467
0.34 -8.27942
0.35 -8.27416
0.36 -8.26888
0.37 -8.26358
0.38 -8.25826
0.39 -8.25292
0.4 -8.24757
0.41 -8.2422
0.42 -8.23681
0.43 -8.2314
0.44 -8.22597
0.45 -8.22053
0.46 -8.21507
0.47 -8.20959
0.48 -8.20409
0.49 -8.19858
0.5 -8.19304
0.51 -8.18749
0.52 -8.18193
0.53 -8.17634
0.54 -8.17074
0.55 -8.16512
0.56 -8.15948
0.57 -8.15382
0.58 -8.14815
0.59 -8.14246
0.6 -8.13675
0.61 -8.13102
0.62 -8.12528
0.63 -8.11952
0.64 -8.11374
0.65 -8.10794
0.66 -8.10213
0.67 -8.09629
0.68 -8.09044
0.69 -8.08457
0.7 -8.07869
0.71 -8.07278
0.72 -8.06686
0.73 -8.06092
0.74 -8.05496
0.75 -8.04899
0.76 -8.04299
0.77 -8.03698
0.78 -8.03095
0.79 -8.02489
0.8 -8.01882
0.81 -8.01274
0.82 -8.00663
0.83 -8.0005
0.84 -7.99436
0.85 -7.98819
0.86 -7.982
0.87 -7.9758
0.88 -7.96957
0.89 -7.96333
0.9 -7.95706
0.91 -7.95077
0.92 -7.94447
0.93 -7.93814
0.94 -7.93178
0.95 -7.92541
0.96 -7.91902
0.97 -7.9126
0.98 -7.90616
0.99 -7.89969
1 -7.8932
1.01 -7.88669
1.02 -7.88016
1.03 -7.87359
1.04 -7.86701
1.05 -7.8604
1.06 -7.85376
1.07 -7.84709
1.08 -7.8404
1.09 -7.83368
1.1 -7.82693
1.11 -7.82015
1.12 -7.81335
1.13 -7.80651
1.14 -7.79964
1.15 -7.79274
1.16 -7.78581
1.17 -7.77884
1.18 -7.77184
1.19 -7.76481
1.2 -7.75774
1.21 -7.75064
1.22 -7.7435
1.23 -7.73632
1.24 -7.7291
1.25 -7.72184
1.26 -7.71454
1.27 -7.7072
1.28 -7.69982
1.29 -7.69239
1.3 -7.68492
1.31 -7.6774
1.32 -7.66984
1.33 -7.66223
1.34 -7.65457
1.35 -7.64686
1.36 -7.6391
1.37 -7.63128
1.38 -7.62341
1.39 -7.61549
1.4 -7.60751
1.41 -7.59947
1.42 -7.59137
1.43 -7.58321
1.44 -7.57499
1.45 -7.56671
1.46 -7.55836
1.47 -7.54995
1.48 -7.54146
1.49 -7.53291
1.5 -7.52429
1.51 -7.5156
1.52 -7.50683
1.53 -7.49799
1.54 -7.48907
1.55 -7.48007
1.56 -7.47099
1.57 -7.46183
1.58 -7.45259
1.59 -7.44327
1.6 -7.43385
1.61 -7.42436
1.62 -7.41477
1.63 -7.40509
1.64 -7.39532
1.65 -7.38546
1.66 -7.37551
1.67 -7.36545
1.68 -7.35531
1.69 -7.34506
1.7 -7.33471
1.71 -7.32426
1.72 -7.31371
1.73 -7.30306
1.74 -7.2923
1.75 -7.28144
1.76 -7.27047
1.77 -7.2594
1.78 -7.24822
1.79 -7.23693
1.8 -7.22553
1.81 -7.21402
1.82 -7.2024
1.83 -7.19067
1.84 -7.17883
1.85 -7.16688
1.86 -7.15482
1.87 -7.14264
1.88 -7.13036
1.89 -7.11797
1.9 -7.10547
1.91 -7.09286
1.92 -7.08014
1.93 -7.06732
1.94 -7.05439
1.95 -7.04135
1.96 -7.02821
1.97 -7.01497
1.98 -7.00163
1.99 -6.9882
2 -6.97466
2.01 -6.96103
2.02 -6.94731
2.03 -6.93351
2.04 -6.91961
2.05 -6.90564
2.06 -6.89158
2.07 -6.87744
2.08 -6.86324
2.09 -6.84896
2.1 -6.83462
2.11 -6.82021
2.12 -6.80575
2.13 -6.79123
2.14 -6.77667
2.15 -6.76206
2.16 -6.74741
2.17 -6.73272
2.18 -6.71801
2.19 -6.70327
2.2 -6.68851
2.21 -6.67374
2.22 -6.65896
2.23 -6.64417
2.24 -6.62939
2.25 -6.61462
2.26 -6.59986
2.27 -6.58512
2.28 -6.5704
2.29 -6.55572
2.3 -6.54107
2.31 -6.52647
2.32 -6.51191
2.33 -6.49741
2.34 -6.48297
2.35 -6.4686
2.36 -6.4543
2.37 -6.44008
2.38 -6.42594
2.39 -6.41189
2.4 -6.39793
2.41 -6.38407
2.42 -6.37032
2.43 -6.35667
2.44 -6.34314
2.45 -6.32973
2.46 -6.31644
2.47 -6.30328
2.48 -6.29024
2.49 -6.27735
2.5 -6.26459
2.51 -6.25198
2.52 -6.23951
2.53 -6.22719
2.54 -6.21503
2.55 -6.20302
2.56 -6.19116
2.57 -6.17947
2.58 -6.16794
2.59 -6.15657
2.6 -6.14537
2.61 -6.13434
2.62 -6.12347
2.63 -6.11277
2.64 -6.10225
2.65 -6.09189
2.66 -6.08171
2.67 -6.0717
2.68 -6.06186
2.69 -6.05219
2.7 -6.0427
2.71 -6.03338
2.72 -6.02423
2.73 -6.01525
2.74 -6.00644
2.75 -5.9978
2.76 -5.98932
2.77 -5.98102
2.78 -5.97288
2.79 -5.9649
2.8 -5.95709
2.81 -5.94944
2.82 -5.94195
2.83 -5.93462
2.84 -5.92744
2.85 -5.92042
2.86 -5.91354
2.87 -5.90682
2.88 -5.90025
2.89 -5.89383
2.9 -5.88754
2.91 -5.8814
2.92 -5.8754
2.93 -5.86954
2.94 -5.86381
2.95 -5.85822
2.96 -5.85275
2.97 -5.84742
2.98 -5.84221
2.99 -5.83712
3 -5.83215
3.01 -5.82731
3.02 -5.82258
3.03 -5.81796
3.04 -5.81346
3.05 -5.80907
3.06 -5.80478
3.07 -5.8006
3.08 -5.79652
3.09 -5.79255
3.1 -5.78867
3.11 -5.78489
3.12 -5.7812
3.13 -5.77761
3.14 -5.7741
3.15 -5.77069
3.16 -5.76736
3.17 -5.76411
3.18 -5.76095
3.19 -5.75787
3.2 -5.75486
3.21 -5.75193
3.22 -5.74908
3.23 -5.7463
3.24 -5.74359
3.25 -5.74095
3.26 -5.73838
3.27 -5.73588
3.28 -5.73344
3.29 -5.73106
3.3 -5.72874
3.31 -5.72649
3.32 -5.72429
3.33 -5.72215
3.34 -5.72006
3.35 -5.71803
3.36 -5.71605
3.37 -5.71412
3.38 -5.71225
3.39 -5.71042
3.4 -5.70864
3.41 -5.7069
3.42 -5.70521
3.43 -5.70356
3.44 -5.70196
3.45 -5.7004
3.46 -5.69888
3.47 -5.6974
3.48 -5.69595
3.49 -5.69455
3.5 -5.69318
3.51 -5.69184
3.52 -5.69055
3.53 -5.68928
3.54 -5.68805
3.55 -5.68685
3.56 -5.68568
3.57 -5.68454
3.58 -5.68343
3.59 -5.68234
3.6 -5.68129
3.61 -5.68026
3.62 -5.67926
3.63 -5.67829
3.64 -5.67734
3.65 -5.67642
3.66 -5.67551
3.67 -5.67464
3.68 -5.67378
3.69 -5.67295
3.7 -5.67213
3.71 -5.67134
3.72 -5.67057
3.73 -5.66982
3.74 -5.66908
3.75 -5.66837
3.76 -5.66767
3.77 -5.66699
3.78 -5.66633
3.79 -5.66568
3.8 -5.66506
3.81 -5.66444
3.82 -5.66384
3.83 -5.66326
3.84 -5.66269
3.85 -5.66213
3.86 -5.66159
3.87 -5.66106
3.88 -5.66055
3.89 -5.66005
3.9 -5.65956
3.91 -5.65908
3.92 -5.65861
3.93 -5.65816
3.94 -5.65771
3.95 -5.65728
3.96 -5.65685
3.97 -5.65644
3.98 -5.65604
3.99 -5.65564
4 -5.65526
4.01 -5.65488
4.02 -5.65451
4.03 -5.65415
4.04 -5.6538
4.05 -5.65346
4.06 -5.65312
4.07 -5.6528
4.08 -5.65248
4.09 -5.65217
4.1 -5.65186
4.11 -5.65156
4.12 -5.65127
4.13 -5.65098
4.14 -5.6507
4.15 -5.65043
4.16 -5.65016
4.17 -5.6499
4.18 -5.64964
4.19 -5.64939
4.2 -5.64915
4.21 -5.64891
4.22 -5.64867
4.23 -5.64844
4.24 -5.64821
4.25 -5.64799
4.26 -5.64777
4.27 -5.64756
4.28 -5.64735
4.29 -5.64715
4.3 -5.64695
4.31 -5.64675
4.32 -5.64656
4.33 -5.64637
4.34 -5.64618
4.35 -5.646
4.36 -5.64582
4.37 -5.64564
4.38 -5.64547
4.39 -5.6453
4.4 -5.64513
4.41 -5.64497
4.42 -5.64481
4.43 -5.64465
4.44 -5.64449
4.45 -5.64434
4.46 -5.64419
4.47 -5.64404
4.48 -5.64389
4.49 -5.64375
4.5 -5.64361
4.51 -5.64347
4.52 -5.64333
4.53 -5.64319
4.54 -5.64306
4.55 -5.64293
4.56 -5.6428
4.57 -5.64267
4.58 -5.64254
4.59 -5.64242
4.6 -5.6423
4.61 -5.64218
4.62 -5.64206
4.63 -5.64194
4.64 -5.64182
4.65 -5.64171
4.66 -5.64159
4.67 -5.64148
4.68 -5.64137
4.69 -5.64126
4.7 -5.64115
4.71 -5.64104
4.72 -5.64093
4.73 -5.64083
4.74 -5.64073
4.75 -5.64062
4.76 -5.64052
4.77 -5.64042
4.78 -5.64032
4.79 -5.64022
4.8 -5.64012
4.81 -5.64003
4.82 -5.63993
4.83 -5.63983
4.84 -5.63974
4.85 -5.63965
4.86 -5.63955
4.87 -5.63946
4.88 -5.63937
4.89 -5.63928
4.9 -5.63919
4.91 -5.6391
4.92 -5.63901
4.93 -5.63893
4.94 -5.63884
4.95 -5.63875
4.96 -5.63867
4.97 -5.63858
4.98 -5.6385
4.99 -5.63841
5 -5.63833
5.01 -5.63825
5.02 -5.63816
5.03 -5.63808
5.04 -5.638
5.05 -5.63792
5.06 -5.63784
5.07 -5.63776
5.08 -5.63768
5.09 -5.6376
5.1 -5.63753
5.11 -5.63745
5.12 -5.63737
5.13 -5.63729
5.14 -5.63722
5.15 -5.63714
5.16 -5.63707
5.17 -5.63699
5.18 -5.63692
5.19 -5.63684
5.2 -5.63677
5.21 -5.63669
5.22 -5.63662
5.23 -5.63655
5.24 -5.63647
5.25 -5.6364
5.26 -5.63633
5.27 -5.63626
5.28 -5.63619
5.29 -5.63612
5.3 -5.63605
5.31 -5.63598
5.32 -5.63591
5.33 -5.63584
5.34 -5.63577
5.35 -5.6357
5.36 -5.63563
5.37 -5.63556
5.38 -5.63549
5.39 -5.63542
5.4 -5.63536
5.41 -5.63529
5.42 -5.63522
5.43 -5.63515
5.44 -5.63509
5.45 -5.63502
5.46 -5.63495
5.47 -5.63488
5.48 -5.63482
5.49 -5.63475
5.5 -5.63469
5.51 -5.63462
5.52 -5.63455
5.53 -5.63449
5.54 -5.63442
5.55 -5.63436
5.56 -5.63429
5.57 -5.63423
5.58 -5.63416
5.59 -5.6341
5.6 -5.63403
5.61 -5.63396
5.62 -5.6339
5.63 -5.63383
5.64 -5.63377
5.65 -5.6337
5.66 -5.63364
5.67 -5.63357
5.68 -5.63351
5.69 -5.63344
5.7 -5.63338
5.71 -5.63331
5.72 -5.63325
5.73 -5.63318
5.74 -5.63311
5.75 -5.63305
5.76 -5.63298
5.77 -5.63291
5.78 -5.63285
5.79 -5.63278
5.8 -5.63271
5.81 -5.63265
5.82 -5.63258
5.83 -5.63251
5.84 -5.63244
5.85 -5.63237
5.86 -5.6323
5.87 -5.63223
5.88 -5.63216
5.89 -5.63209
5.9 -5.63202
5.91 -5.63195
5.92 -5.63188
5.93 -5.6318
5.94 -5.63173
5.95 -5.63166
5.96 -5.63158
5.97 -5.63151
5.98 -5.63143
5.99 -5.63135
6 -5.63128
6.01 -5.6312
6.02 -5.63112
6.03 -5.63104
6.04 -5.63096
6.05 -5.63087
6.06 -5.63079
6.07 -5.63071
6.08 -5.63062
6.09 -5.63054
6.1 -5.63045
6.11 -5.63036
6.12 -5.63027
6.13 -5.63018
6.14 -5.63009
6.15 -5.63
6.16 -5.6299
6.17 -5.62981
6.18 -5.62971
6.19 -5.62961
6.2 -5.62951
6.21 -5.62941
6.22 -5.62931
6.23 -5.6292
6.24 -5.62909
6.25 -5.62899
6.26 -5.62888
6.27 -5.62876
6.28 -5.62865
6.29 -5.62853
6.3 -5.62842
6.31 -5.6283
6.32 -5.62817
6.33 -5.62805
6.34 -5.62792
6.35 -5.6278
6.36 -5.62766
6.37 -5.62753
6.38 -5.6274
6.39 -5.62726
6.4 -5.62712
6.41 -5.62697
6.42 -5.62683
6.43 -5.62668
6.44 -5.62653
6.45 -5.62638
6.46 -5.62622
6.47 -5.62606
6.48 -5.6259
6.49 -5.62573
6.5 -5.62556
6.51 -5.62539
6.52 -5.62522
6.53 -5.62504
6.54 -5.62486
6.55 -5.62467
6.56 -5.62448
6.57 -5.62429
6.58 -5.6241
6.59 -5.6239
6.6 -5.62369
6.61 -5.62349
6.62 -5.62328
6.63 -5.62306
6.64 -5.62285
6.65 -5.62262
6.66 -5.6224
6.67 -5.62217
6.68 -5.62193
6.69 -5.62169
6.7 -5.62145
6.71 -5.62121
6.72 -5.62095
6.73 -5.6207
6.74 -5.62044
6.75 -5.62017
6.76 -5.6199
6.77 -5.61963
6.78 -5.61935
6.79 -5.61907
6.8 -5.61878
6.81 -5.61849
6.82 -5.61819
6.83 -5.61789
6.84 -5.61758
6.85 -5.61727
6.86 -5.61695
6.87 -5.61663
6.88 -5.6163
6.89 -5.61597
6.9 -5.61564
6.91 -5.61529
6.92 -5.61495
6.93 -5.6146
6.94 -5.61424
6.95 -5.61388
6.96 -5.61351
6.97 -5.61314
6.98 -5.61276
6.99 -5.61238
7 -5.61199
7.01 -5.6116
7.02 -5.61121
7.03 -5.61081
7.04 -5.6104
7.05 -5.60999
7.06 -5.60958
7.07 -5.60916
7.08 -5.60873
7.09 -5.6083
7.1 -5.60787
7.11 -5.60744
7.12 -5.607
7.13 -5.60655
7.14 -5.6061
7.15 -5.60565
7.16 -5.6052
7.17 -5.60474
7.18 -5.60428
7.19 -5.60381
7.2 -5.60334
7.21 -5.60288
7.22 -5.6024
7.23 -5.60193
7.24 -5.60145
7.25 -5.60098
7.26 -5.6005
7.27 -5.60002
7.28 -5.59954
7.29 -5.59906
7.3 -5.59858
7.31 -5.5981
7.32 -5.59762
7.33 -5.59714
7.34 -5.59666
7.35 -5.59619
7.36 -5.59572
7.37 -5.59525
7.38 -5.59478
7.39 -5.59432
7.4 -5.59386
7.41 -5.59341
7.42 -5.59296
7.43 -5.59252
7.44 -5.59208
7.45 -5.59166
7.46 -5.59124
7.47 -5.59083
7.48 -5.59043
7.49 -5.59003
7.5 -5.58965
7.51 -5.58929
7.52 -5.58893
7.53 -5.58859
7.54 -5.58826
7.55 -5.58794
7.56 -5.58764
7.57 -5.58736
7.58 -5.5871
7.59 -5.58686
7.6 -5.58663
7.61 -5.58643
7.62 -5.58624
7.63 -5.58609
7.64 -5.58595
7.65 -5.58584
7.66 -5.58576
7.67 -5.58571
7.68 -5.58568
7.69 -5.58568
7.7 -5.58572
7.71 -5.58579
7.72 -5.58589
7.73 -5.58603
7.74 -5.58621
7.75 -5.58643
7.76 -5.58668
7.77 -5.58698
7.78 -5.58732
7.79 -5.58771
7.8 -5.58814
7.81 -5.58862
7.82 -5.58915
7.83 -5.58973
7.84 -5.59037
7.85 -5.59106
7.86 -5.5918
7.87 -5.59261
7.88 -5.59347
7.89 -5.5944
7.9 -5.59539
7.91 -5.59644
7.92 -5.59757
7.93 -5.59876
7.94 -5.60002
7.95 -5.60136
7.96 -5.60277
7.97 -5.60426
7.98 -5.60582
7.99 -5.60747
8 -5.6092
8.01 -5.61101
8.02 -5.61291
8.03 -5.6149
8.04 -5.61698
8.05 -5.61914
8.06 -5.62141
8.07 -5.62376
8.08 -5.62622
8.09 -5.62877
8.1 -5.63143
8.11 -5.63419
8.12 -5.63705
8.13 -5.64002
8.14 -5.64309
8.15 -5.64628
8.16 -5.64957
8.17 -5.65298
8.18 -5.6565
8.19 -5.66014
8.2 -5.66389
8.21 -5.66776
8.22 -5.67175
8.23 -5.67586
8.24 -5.6801
8.25 -5.68445
8.26 -5.68893
8.27 -5.69353
8.28 -5.69826
8.29 -5.70312
8.3 -5.7081
8.31 -5.71321
8.32 -5.71845
8.33 -5.72382
8.34 -5.72931
8.35 -5.73494
8.36 -5.74069
8.37 -5.74658
8.38 -5.7526
8.39 -5.75874
8.4 -5.76502
8.41 -5.77142
8.42 -5.77796
8.43 -5.78462
8.44 -5.79141
8.45 -5.79833
8.46 -5.80538
8.47 -5.81255
8.48 -5.81985
8.49 -5.82728
8.5 -5.83482
8.51 -5.84249
8.52 -5.85028
8.53 -5.85819
8.54 -5.86622
8.55 -5.87437
8.56 -5.88263
8.57 -5.89101
8.58 -5.89949
8.59 -5.90809
8.6 -5.9168
8.61 -5.92561
8.62 -5.93453
8.63 -5.94355
8.64 -5.95267
8.65 -5.96189
8.66 -5.97121
8.67 -5.98062
8.68 -5.99012
8.69 -5.99972
8.7 -6.0094
8.71 -6.01916
8.72 -6.02901
8.73 -6.03894
8.74 -6.04894
8.75 -6.05902
8.76 -6.06918
8.77 -6.0794
8.78 -6.08969
8.79 -6.10005
8.8 -6.11047
8.81 -6.12095
8.82 -6.13149
8.83 -6.14208
8.84 -6.15273
8.85 -6.16343
8.86 -6.17417
8.87 -6.18496
8.88 -6.1958
8.89 -6.20667
8.9 -6.21759
8.91 -6.22854
8.92 -6.23952
8.93 -6.25054
8.94 -6.26158
8.95 -6.27266
8.96 -6.28376
8.97 -6.29488
8.98 -6.30602
8.99 -6.31718
9 -6.32836
9.01 -6.33955
9.02 -6.35075
9.03 -6.36197
9.04 -6.37319
9.05 -6.38443
9.06 -6.39567
9.07 -6.40691
9.08 -6.41815
9.09 -6.42939
9.1 -6.44064
9.11 -6.45188
9.12 -6.46311
9.13 -6.47434
9.14 -6.48557
9.15 -6.49678
9.16 -6.50798
9.17 -6.51918
9.18 -6.53035
9.19 -6.54152
9.2 -6.55267
9.21 -6.5638
9.22 -6.57492
9.23 -6.58602
9.24 -6.59709
9.25 -6.60815
9.26 -6.61918
9.27 -6.6302
9.28 -6.64118
9.29 -6.65215
9.3 -6.66308
9.31 -6.67399
9.32 -6.68488
9.33 -6.69573
9.34 -6.70656
9.35 -6.71736
9.36 -6.72812
9.37 -6.73886
9.38 -6.74956
9.39 -6.76023
9.4 -6.77087
9.41 -6.78148
9.42 -6.79205
9.43 -6.80258
9.44 -6.81308
9.45 -6.82355
9.46 -6.83398
9.47 -6.84437
9.48 -6.85473
9.49 -6.86505
9.5 -6.87533
9.51 -6.88557
9.52 -6.89577
9.53 -6.90594
9.54 -6.91607
9.55 -6.92615
9.56 -6.9362
9.57 -6.94621
9.58 -6.95617
9.59 -6.9661
9.6 -6.97598
9.61 -6.98583
9.62 -6.99563
9.63 -7.00539
9.64 -7.01511
9.65 -7.02479
9.66 -7.03443
9.67 -7.04402
9.68 -7.05358
9.69 -7.06309
9.7 -7.07255
9.71 -7.08198
9.72 -7.09136
9.73 -7.1007
9.74 -7.11
9.75 -7.11925
9.76 -7.12847
9.77 -7.13764
9.78 -7.14676
9.79 -7.15584
9.8 -7.16488
9.81 -7.17388
9.82 -7.18283
9.83 -7.19175
9.84 -7.20061
9.85 -7.20944
9.86 -7.21822
9.87 -7.22696
9.88 -7.23565
9.89 -7.24431
9.9 -7.25292
9.91 -7.26148
9.92 -7.27001
9.93 -7.27849
9.94 -7.28693
9.95 -7.29533
9.96 -7.30368
9.97 -7.31199
9.98 -7.32026
9.99 -7.32849
10 -7.33667
10.001 -10
