0 0
0.01 0.299806
0.02 0.298577
0.03 0.297341
0.04 0.2961
0.05 0.294854
0.06 0.293601
0.07 0.292343
0.08 0.291079
0.09 0.289809
0.1 0.288533
0.11 0.287251
0.12 0.285964
0.13 0.284671
0.14 0.283372
0.15 0.282067
0.16 0.280756
0.17 0.279439
0.18 0.278117
0.19 0.276789
0.2 0.275455
0.21 0.274115
0.22 0.272769
0.23 0.271417
0.24 0.27006
0.25 0.268697
0.26 0.267328
0.27 0.265953
0.28 0.264572
0.29 0.263186
0.3 0.261794
0.31 0.260396
0.32 0.258992
0.33 0.257583
0.34 0.256168
0.35 0.254747
0.36 0.253321
0.37 0.251889
0.38 0.250452
0.39 0.249008
0.4 0.24756
0.41 0.246106
0.42 0.244646
0.43 0.243181
0.44 0.24171
0.45 0.240234
0.46 0.238753
0.47 0.237266
0.48 0.235774
0.49 0.234277
0.5 0.232775
0.51 0.231267
0.52 0.229754
0.53 0.228237
0.54 0.226714
0.55 0.225186
0.56 0.223653
0.57 0.222116
0.58 0.220573
0.59 0.219026
0.6 0.217474
0.61 0.215918
0.62 0.214356
0.63 0.212791
0.64 0.211221
0.65 0.209646
0.66 0.208068
0.67 0.206485
0.68 0.204898
0.69 0.203306
0.7 0.201711
0.71 0.200112
0.72 0.198509
0.73 0.196902
0.74 0.195292
0.75 0.193678
0.76 0.19206
0.77 0.190439
0.78 0.188815
0.79 0.187188
0.8 0.185558
0.81 0.183924
0.82 0.182288
0.83 0.180649
0.84 0.179007
0.85 0.177363
0.86 0.175716
0.87 0.174067
0.88 0.172415
0.89 0.170762
0.9 0.169107
0.91 0.16745
0.92 0.165791
0.93 0.16413
0.94 0.162468
0.95 0.160805
0.96 0.159141
0.97 0.157476
0.98 0.155809
0.99 0.154143
1 0.152475
1.01 0.150807
1.02 0.149139
1.03 0.147471
1.04 0.145803
1.05 0.144135
1.06 0.142467
1.07 0.1408
1.08 0.139134
1.09 0.137469
1.1 0.135805
1.11 0.134142
1.12 0.13248
1.13 0.130821
1.14 0.129163
1.15 0.127507
1.16 0.125853
1.17 0.124202
1.18 0.122554
1.19 0.120908
1.2 0.119266
1.21 0.117627
1.22 0.115991
1.23 0.114359
1.24 0.112732
1.25 0.111108
1.26 0.109489
1.27 0.107874
1.28 0.106265
1.29 0.104661
1.3 0.103062
1.31 0.101469
1.32 0.0998816
1.33 0.0983008
1.34 0.0967265
1.35 0.095159
1.36 0.0935987
1.37 0.0920457
1.38 0.0905004
1.39 0.088963
1.4 0.087434
1.41 0.0859136
1.42 0.0844021
1.43 0.0828999
1.44 0.0814072
1.45 0.0799244
1.46 0.0784519
1.47 0.07699
1.48 0.0755391
1.49 0.0740995
1.5 0.0726716
1.51 0.0712557
1.52 0.0698523
1.53 0.0684617
1.54 0.0670844
1.55 0.0657207
1.56 0.0643711
1.57 0.0630359
1.58 0.0617156
1.59 0.0604106
1.6 0.0591214
1.61 0.0578485
1.62 0.0565922
1.63 0.055353
1.64 0.0541315
1.65 0.0529281
1.66 0.0517432
1.67 0.0505775
1.68 0.0494313
1.69 0.0483053
1.7 0.0471998
1.71 0.0461156
1.72 0.045053
1.73 0.0440127
1.74 0.0429952
1.75 0.0420011
1.76 0.0410309
1.77 0.0400852
1.78 0.0391647
1.79 0.0382698
1.8 0.0374013
1.81 0.0365598
1.82 0.0357458
1.83 0.0349599
1.84 0.0342029
1.85 0.0334754
1.86 0.032778
1.87 0.0321114
1.88 0.0314762
1.89 0.0308732
1.9 0.0303029
1.91 0.0297662
1.92 0.0292636
1.93 0.028796
1.94 0.0283639
1.95 0.0279681
1.96 0.0276094
1.97 0.0272884
1.98 0.0270058
1.99 0.0267625
2 0.0265591
2.01 0.0263964
2.02 0.0262751
2.03 0.026196
2.04 0.0261598
2.05 0.0261673
2.06 0.0262192
2.07 0.0263162
2.08 0.0264592
2.09 0.0266489
2.1 0.026886
2.11 0.0271713
2.12 0.0275055
2.13 0.0278894
2.14 0.0283238
2.15 0.0288094
2.16 0.029347
2.17 0.0299372
2.18 0.0305809
2.19 0.0312787
2.2 0.0320314
2.21 0.0328396
2.22 0.0337042
2.23 0.0346258
2.24 0.0356052
2.25 0.0366429
2.26 0.0377397
2.27 0.0388962
2.28 0.0401132
2.29 0.0413912
2.3 0.0427308
2.31 0.0441327
2.32 0.0455975
2.33 0.0471258
2.34 0.0487181
2.35 0.050375
2.36 0.052097
2.37 0.0538847
2.38 0.0557384
2.39 0.0576588
2.4 0.0596461
2.41 0.0617009
2.42 0.0638236
2.43 0.0660145
2.44 0.068274
2.45 0.0706023
2.46 0.0729999
2.47 0.0754669
2.48 0.0780035
2.49 0.08061
2.5 0.0832866
2.51 0.0860334
2.52 0.0888504
2.53 0.0917378
2.54 0.0946955
2.55 0.0977236
2.56 0.100822
2.57 0.103991
2.58 0.107229
2.59 0.110538
2.6 0.113916
2.61 0.117364
2.62 0.120881
2.63 0.124467
2.64 0.128122
2.65 0.131844
2.66 0.135635
2.67 0.139492
2.68 0.143416
2.69 0.147406
2.7 0.151461
2.71 0.155582
2.72 0.159766
2.73 0.164013
2.74 0.168323
2.75 0.172695
2.76 0.177127
2.77 0.181619
2.78 0.186171
2.79 0.19078
2.8 0.195446
2.81 0.200168
2.82 0.204945
2.83 0.209775
2.84 0.214659
2.85 0.219593
2.86 0.224578
2.87 0.229613
2.88 0.234694
2.89 0.239823
2.9 0.244997
2.91 0.250215
2.92 0.255476
2.93 0.260778
2.94 0.266121
2.95 0.271503
2.96 0.276922
2.97 0.282378
2.98 0.287869
2.99 0.293394
3 0.298951
3.01 0.30454
3.02 0.310159
3.03 0.315807
3.04 0.321482
3.05 0.327184
3.06 0.332912
3.07 0.338663
3.08 0.344438
3.09 0.350235
3.1 0.356053
3.11 0.361891
3.12 0.367748
3.13 0.373623
3.14 0.379516
3.15 0.385424
3.16 0.391349
3.17 0.397287
3.18 0.40324
3.19 0.409206
3.2 0.415184
3.21 0.421175
3.22 0.427176
3.23 0.433188
3.24 0.43921
3.25 0.445242
3.26 0.451283
3.27 0.457332
3.28 0.46339
3.29 0.469455
3.3 0.475528
3.31 0.481608
3.32 0.487695
3.33 0.493789
3.34 0.499889
3.35 0.505995
3.36 0.512108
3.37 0.518226
3.38 0.524349
3.39 0.530478
3.4 0.536613
3.41 0.542753
3.42 0.548898
3.43 0.555048
3.44 0.561204
3.45 0.567364
3.46 0.573529
3.47 0.5797
3.48 0.585875
3.49 0.592056
3.5 0.598241
3.51 0.604431
3.52 0.610627
3.53 0.616827
3.54 0.623032
3.55 0.629242
3.56 0.635458
3.57 0.641678
3.58 0.647903
3.59 0.654133
3.6 0.660368
3.61 0.666608
3.62 0.672854
3.63 0.679104
3.64 0.685359
3.65 0.691619
3.66 0.697884
3.67 0.704154
3.68 0.710428
3.69 0.716708
3.7 0.722992
3.71 0.729281
3.72 0.735575
3.73 0.741873
3.74 0.748176
3.75 0.754483
3.76 0.760795
3.77 0.767111
3.78 0.773432
3.79 0.779756
3.8 0.786084
3.81 0.792417
3.82 0.798753
3.83 0.805093
3.84 0.811437
3.85 0.817784
3.86 0.824134
3.87 0.830488
3.88 0.836844
3.89 0.843204
3.9 0.849567
3.91 0.855932
3.92 0.8623
3.93 0.86867
3.94 0.875042
3.95 0.881417
3.96 0.887793
3.97 0.894172
3.98 0.900552
3.99 0.906933
4 0.913316
4.01 0.9197
4.02 0.926085
4.03 0.932471
4.04 0.938858
4.05 0.945246
4.06 0.951634
4.07 0.958022
4.08 0.964411
4.09 0.970799
4.1 0.977187
4.11 0.983576
4.12 0.989963
4.13 0.996351
4.14 1.00274
4.15 1.00912
4.16 1.01551
4.17 1.02189
4.18 1.02827
4.19 1.03466
4.2 1.04104
4.21 1.04742
4.22 1.05379
4.23 1.06017
4.24 1.06654
4.25 1.07291
4.26 1.07928
4.27 1.08565
4.28 1.09201
4.29 1.09838
4.3 1.10474
4.31 1.11109
4.32 1.11745
4.33 1.1238
4.34 1.13015
4.35 1.1365
4.36 1.14284
4.37 1.14918
4.38 1.15552
4.39 1.16186
4.4 1.16819
4.41 1.17452
4.42 1.18084
4.43 1.18716
4.44 1.19348
4.45 1.1998
4.46 1.20611
4.47 1.21242
4.48 1.21872
4.49 1.22502
4.5 1.23132
4.51 1.23762
4.52 1.24391
4.53 1.25019
4.54 1.25648
4.55 1.26275
4.56 1.26903
4.57 1.2753
4.58 1.28157
4.59 1.28783
4.6 1.29409
4.61 1.30035
4.62 1.3066
4.63 1.31285
4.64 1.31909
4.65 1.32533
4.66 1.33157
4.67 1.3378
4.68 1.34403
4.69 1.35026
4.7 1.35648
4.71 1.36269
4.72 1.3689
4.73 1.37511
4.74 1.38132
4.75 1.38752
4.76 1.39371
4.77 1.39991
4.78 1.40609
4.79 1.41228
4.8 1.41846
4.81 1.42463
4.82 1.43081
4.83 1.43697
4.84 1.44314
4.85 1.4493
4.86 1.45545
4.87 1.4616
4.88 1.46775
4.89 1.47389
4.9 1.48003
4.91 1.48617
4.92 1.4923
4.93 1.49842
4.94 1.50455
4.95 1.51066
4.96 1.51678
4.97 1.52289
4.98 1.52899
4.99 1.5351
5 1.54119
5.01 1.54729
5.02 1.55337
5.03 1.55946
5.04 1.56554
5.05 1.57162
5.06 1.57769
5.07 1.58375
5.08 1.58982
5.09 1.59588
5.1 1.60193
5.11 1.60798
5.12 1.61403
5.13 1.62007
5.14 1.62611
5.15 1.63214
5.16 1.63817
5.17 1.6442
5.18 1.65022
5.19 1.65624
5.2 1.66225
5.21 1.66826
5.22 1.67426
5.23 1.68026
5.24 1.68626
5.25 1.69225
5.26 1.69823
5.27 1.70422
5.28 1.7102
5.29 1.71617
5.3 1.72214
5.31 1.72811
5.32 1.73407
5.33 1.74003
5.34 1.74598
5.35 1.75193
5.36 1.75787
5.37 1.76382
5.38 1.76975
5.39 1.77569
5.4 1.78162
5.41 1.78754
5.42 1.79346
5.43 1.79938
5.44 1.80529
5.45 1.81121
5.46 1.81711
5.47 1.82301
5.48 1.82891
5.49 1.83481
5.5 1.8407
5.51 1.84659
5.52 1.85248
5.53 1.85836
5.54 1.86424
5.55 1.87011
5.56 1.87599
5.57 1.88186
5.58 1.88773
5.59 1.89359
5.6 1.89945
5.61 1.90531
5.62 1.91117
5.63 1.91702
5.64 1.92287
5.65 1.92872
5.66 1.93457
5.67 1.94042
5.68 1.94626
5.69 1.95211
5.7 1.95795
5.71 1.96379
5.72 1.96963
5.73 1.97547
5.74 1.9813
5.75 1.98714
5.76 1.99298
5.77 1.99881
5.78 2.00465
5.79 2.01049
5.8 2.01632
5.81 2.02216
5.82 2.028
5.83 2.03384
5.84 2.03968
5.85 2.04552
5.86 2.05136
5.87 2.05721
5.88 2.06305
5.89 2.0689
5.9 2.07476
5.91 2.08061
5.92 2.08647
5.93 2.09233
5.94 2.0982
5.95 2.10407
5.96 2.10994
5.97 2.11582
5.98 2.1217
5.99 2.12759
6 2.13349
6.01 2.13939
6.02 2.14529
6.03 2.15121
6.04 2.15713
6.05 2.16305
6.06 2.16899
6.07 2.17493
6.08 2.18089
6.09 2.18685
6.1 2.19282
6.11 2.1988
6.12 2.20479
6.13 2.21079
6.14 2.2168
6.15 2.22283
6.16 2.22886
6.17 2.23491
6.18 2.24097
6.19 2.24705
6.2 2.25313
6.21 2.25924
6.22 2.26535
6.23 2.27149
6.24 2.27763
6.25 2.2838
6.26 2.28998
6.27 2.29618
6.28 2.30239
6.29 2.30863
6.3 2.31488
6.31 2.32116
6.32 2.32745
6.33 2.33376
6.34 2.3401
6.35 2.34645
6.36 2.35283
6.37 2.35924
6.38 2.36566
6.39 2.37211
6.4 2.37859
6.41 2.38509
6.42 2.39161
6.43 2.39817
6.44 2.40475
6.45 2.41136
6.46 2.41799
6.47 2.42466
6.48 2.43136
6.49 2.43808
6.5 2.44484
6.51 2.45163
6.52 2.45846
6.53 2.46531
6.54 2.4722
6.55 2.47913
6.56 2.48609
6.57 2.49309
6.58 2.50012
6.59 2.50719
6.6 2.5143
6.61 2.52145
6.62 2.52864
6.63 2.53587
6.64 2.54313
6.65 2.55045
6.66 2.5578
6.67 2.5652
6.68 2.57264
6.69 2.58012
6.7 2.58765
6.71 2.59523
6.72 2.60285
6.73 2.61052
6.74 2.61824
6.75 2.62601
6.76 2.63382
6.77 2.64169
6.78 2.6496
6.79 2.65757
6.8 2.66559
6.81 2.67367
6.82 2.68179
6.83 2.68997
6.84 2.69821
6.85 2.7065
6.86 2.71484
6.87 2.72324
6.88 2.7317
6.89 2.74022
6.9 2.74879
6.91 2.75742
6.92 2.76611
6.93 2.77486
6.94 2.78367
6.95 2.79254
6.96 2.80147
6.97 2.81047
6.98 2.81952
6.99 2.82863
7 2.83781
7.01 2.84705
7.02 2.85635
7.03 2.86572
7.04 2.87515
7.05 2.88464
7.06 2.8942
7.07 2.90382
7.08 2.9135
7.09 2.92325
7.1 2.93306
7.11 2.94293
7.12 2.95287
7.13 2.96287
7.14 2.97294
7.15 2.98307
7.16 2.99326
7.17 3.00352
7.18 3.01384
7.19 3.02422
7.2 3.03467
7.21 3.04517
7.22 3.05574
7.23 3.06637
7.24 3.07706
7.25 3.08781
7.26 3.09862
7.27 3.10948
7.28 3.12041
7.29 3.13139
7.3 3.14243
7.31 3.15352
7.32 3.16467
7.33 3.17587
7.34 3.18712
7.35 3.19842
7.36 3.20978
7.37 3.22118
7.38 3.23263
7.39 3.24413
7.4 3.25567
7.41 3.26725
7.42 3.27888
7.43 3.29054
7.44 3.30224
7.45 3.31399
7.46 3.32576
7.47 3.33757
7.48 3.34941
7.49 3.36128
7.5 3.37317
7.51 3.38509
7.52 3.39703
7.53 3.40899
7.54 3.42097
7.55 3.43297
7.56 3.44498
7.57 3.457
7.58 3.46902
7.59 3.48105
7.6 3.49309
7.61 3.50512
7.62 3.51715
7.63 3.52917
7.64 3.54118
7.65 3.55318
7.66 3.56516
7.67 3.57713
7.68 3.58907
7.69 3.60098
7.7 3.61287
7.71 3.62472
7.72 3.63654
7.73 3.64831
7.74 3.66004
7.75 3.67173
7.76 3.68336
7.77 3.69494
7.78 3.70645
7.79 3.71791
7.8 3.7293
7.81 3.74061
7.82 3.75186
7.83 3.76302
7.84 3.7741
7.85 3.7851
7.86 3.796
7.87 3.80682
7.88 3.81753
7.89 3.82814
7.9 3.83865
7.91 3.84905
7.92 3.85933
7.93 3.8695
7.94 3.87955
7.95 3.88948
7.96 3.89928
7.97 3.90895
7.98 3.91849
7.99 3.92789
8 3.93715
8.01 3.94627
8.02 3.95525
8.03 3.96408
8.04 3.97276
8.05 3.98128
8.06 3.98966
8.07 3.99787
8.08 4.00593
8.09 4.01383
8.1 4.02157
8.11 4.02914
8.12 4.03655
8.13 4.04379
8.14 4.05087
8.15 4.05778
8.16 4.06452
8.17 4.07109
8.18 4.0775
8.19 4.08373
8.2 4.08979
8.21 4.09568
8.22 4.1014
8.23 4.10696
8.24 4.11234
8.25 4.11755
8.26 4.1226
8.27 4.12747
8.28 4.13218
8.29 4.13673
8.3 4.1411
8.31 4.14532
8.32 4.14937
8.33 4.15326
8.34 4.15699
8.35 4.16055
8.36 4.16397
8.37 4.16722
8.38 4.17032
8.39 4.17327
8.4 4.17607
8.41 4.17872
8.42 4.18122
8.43 4.18357
8.44 4.18579
8.45 4.18786
8.46 4.18979
8.47 4.19158
8.48 4.19324
8.49 4.19476
8.5 4.19615
8.51 4.19741
8.52 4.19855
8.53 4.19956
8.54 4.20044
8.55 4.20121
8.56 4.20185
8.57 4.20238
8.58 4.2028
8.59 4.2031
8.6 4.20329
8.61 4.20337
8.62 4.20334
8.63 4.20321
8.64 4.20298
8.65 4.20264
8.66 4.20221
8.67 4.20168
8.68 4.20106
8.69 4.20034
8.7 4.19953
8.71 4.19863
8.72 4.19765
8.73 4.19658
8.74 4.19542
8.75 4.19419
8.76 4.19287
8.77 4.19147
8.78 4.19
8.79 4.18845
8.8 4.18683
8.81 4.18514
8.82 4.18337
8.83 4.18154
8.84 4.17964
8.85 4.17767
8.86 4.17564
8.87 4.17355
8.88 4.17139
8.89 4.16918
8.9 4.1669
8.91 4.16457
8.92 4.16218
8.93 4.15973
8.94 4.15724
8.95 4.15469
8.96 4.15208
8.97 4.14943
8.98 4.14673
8.99 4.14398
9 4.14119
9.01 4.13834
9.02 4.13546
9.03 4.13253
9.04 4.12955
9.05 4.12654
9.06 4.12348
9.07 4.12038
9.08 4.11725
9.09 4.11407
9.1 4.11086
9.11 4.10762
9.12 4.10433
9.13 4.10102
9.14 4.09766
9.15 4.09428
9.16 4.09086
9.17 4.08741
9.18 4.08393
9.19 4.08042
9.2 4.07688
9.21 4.07331
9.22 4.06971
9.23 4.06608
9.24 4.06243
9.25 4.05875
9.26 4.05504
9.27 4.05131
9.28 4.04756
9.29 4.04378
9.3 4.03997
9.31 4.03615
9.32 4.0323
9.33 4.02842
9.34 4.02453
9.35 4.02062
9.36 4.01668
9.37 4.01272
9.38 4.00875
9.39 4.00475
9.4 4.00074
9.41 3.9967
9.42 3.99265
9.43 3.98858
9.44 3.9845
9.45 3.9804
9.46 3.97628
9.47 3.97214
9.48 3.96799
9.49 3.96382
9.5 3.95964
9.51 3.95544
9.52 3.95123
9.53 3.947
9.54 3.94276
9.55 3.93851
9.56 3.93424
9.57 3.92997
9.58 3.92567
9.59 3.92137
9.6 3.91705
9.61 3.91273
9.62 3.90839
9.63 3.90404
9.64 3.89968
9.65 3.89531
9.66 3.89093
9.67 3.88653
9.68 3.88213
9.69 3.87772
9.7 3.8733
9.71 3.86887
9.72 3.86444
9.73 3.85999
9.74 3.85554
9.75 3.85108
9.76 3.84661
9.77 3.84213
9.78 3.83764
9.79 3.83315
9.8 3.82866
9.81 3.82415
9.82 3.81964
9.83 3.81512
9.84 3.8106
9.85 3.80607
9.86 3.80154
9.87 3.797
9.88 3.79246
9.89 3.78791
9.9 3.78336
9.91 3.7788
9.92 3.77424
9.93 3.76967
9.94 3.7651
9.95 3.76053
9.96 3.75596
9.97 3.75138
9.98 3.7468
9.99 3.74221
10 3.73763
10.001 0
