0 5
0.01 4.10605
0.02 4.10618
0.03 4.1063
0.04 4.10643
0.05 4.10656
0.06 4.10669
0.07 4.10682
0.08 4.10695
0.09 4.10708
0.1 4.10721
0.11 4.10734
0.12 4.10747
0.13 4.10761
0.14 4.10774
0.15 4.10787
0.16 4.10801
0.17 4.10814
0.18 4.10828
0.19 4.10841
0.2 4.10855
0.21 4.10869
0.22 4.10882
0.23 4.10896
0.24 4.1091
0.25 4.10924
0.26 4.10938
0.27 4.10952
0.28 4.10966
0.29 4.1098
0.3 4.10995
0.31 4.11009
0.32 4.11023
0.33 4.11038
0.34 4.11053
0.35 4.11067
0.36 4.11082
0.37 4.11097
0.38 4.11112
0.39 4.11127
0.4 4.11143
0.41 4.11158
0.42 4.11174
0.43 4.11189
0.44 4.11205
0.45 4.11221
0.46 4.11237
0.47 4.11253
0.48 4.1127
0.49 4.11286
0.5 4.11303
0.51 4.1132
0.52 4.11337
0.53 4.11354
0.54 4.11371
0.55 4.11389
0.56 4.11407
0.57 4.11425
0.58 4.11443
0.59 4.11462
0.6 4.11481
0.61 4.115
0.62 4.11519
0.63 4.11539
0.64 4.11558
0.65 4.11579
0.66 4.11599
0.67 4.1162
0.68 4.11641
0.69 4.11662
0.7 4.11684
0.71 4.11706
0.72 4.11729
0.73 4.11752
0.74 4.11775
0.75 4.11799
0.76 4.11823
0.77 4.11848
0.78 4.11873
0.79 4.11898
0.8 4.11924
0.81 4.11951
0.82 4.11978
0.83 4.12006
0.84 4.12034
0.85 4.12062
0.86 4.12092
0.87 4.12122
0.88 4.12152
0.89 4.12184
0.9 4.12215
0.91 4.12248
0.92 4.12281
0.93 4.12315
0.94 4.1235
0.95 4.12386
0.96 4.12422
0.97 4.12459
0.98 4.12497
0.99 4.12536
1 4.12576
1.01 4.12617
1.02 4.12658
1.03 4.12701
1.04 4.12745
1.05 4.12789
1.06 4.12835
1.07 4.12882
1.08 4.12929
1.09 4.12978
1.1 4.13028
1.11 4.1308
1.12 4.13132
1.13 4.13186
1.14 4.13241
1.15 4.13297
1.16 4.13355
1.17 4.13414
1.18 4.13474
1.19 4.13536
1.2 4.13599
1.21 4.13663
1.22 4.1373
1.23 4.13797
1.24 4.13866
1.25 4.13937
1.26 4.1401
1.27 4.14084
1.28 4.1416
1.29 4.14237
1.3 4.14316
1.31 4.14397
1.32 4.1448
1.33 4.14565
1.34 4.14651
1.35 4.1474
1.36 4.1483
1.37 4.14922
1.38 4.15017
1.39 4.15113
1.4 4.15212
1.41 4.15312
1.42 4.15415
1.43 4.15519
1.44 4.15626
1.45 4.15735
1.46 4.15847
1.47 4.1596
1.48 4.16076
1.49 4.16194
1.5 4.16315
1.51 4.16438
1.52 4.16563
1.53 4.16691
1.54 4.16821
1.55 4.16953
1.56 4.17089
1.57 4.17226
1.58 4.17366
1.59 4.17509
1.6 4.17654
1.61 4.17802
1.62 4.17953
1.63 4.18106
1.64 4.18262
1.65 4.18421
1.66 4.18582
1.67 4.18746
1.68 4.18913
1.69 4.19082
1.7 4.19255
1.71 4.1943
1.72 4.19608
1.73 4.19789
1.74 4.19973
1.75 4.20159
1.76 4.20349
1.77 4.20541
1.78 4.20737
1.79 4.20935
1.8 4.21136
1.81 4.21341
1.82 4.21548
1.83 4.21758
1.84 4.21972
1.85 4.22188
1.86 4.22407
1.87 4.2263
1.88 4.22855
1.89 4.23084
1.9 4.23316
1.91 4.23551
1.92 4.23789
1.93 4.2403
1.94 4.24275
1.95 4.24523
1.96 4.24774
1.97 4.25028
1.98 4.25285
1.99 4.25546
2 4.2581
2.01 4.26078
2.02 4.26348
2.03 4.26623
2.04 4.269
2.05 4.27181
2.06 4.27466
2.07 4.27753
2.08 4.28045
2.09 4.2834
2.1 4.28638
2.11 4.28941
2.12 4.29246
2.13 4.29556
2.14 4.29869
2.15 4.30186
2.16 4.30506
2.17 4.30831
2.18 4.31159
2.19 4.31492
2.2 4.31828
2.21 4.32168
2.22 4.32512
2.23 4.3286
2.24 4.33213
2.25 4.3357
2.26 4.3393
2.27 4.34296
2.28 4.34665
2.29 4.35039
2.3 4.35417
2.31 4.358
2.32 4.36188
2.33 4.3658
2.34 4.36977
2.35 4.37378
2.36 4.37785
2.37 4.38196
2.38 4.38612
2.39 4.39034
2.4 4.3946
2.41 4.39892
2.42 4.40329
2.43 4.40771
2.44 4.41219
2.45 4.41672
2.46 4.4213
2.47 4.42594
2.48 4.43064
2.49 4.4354
2.5 4.44021
2.51 4.44508
2.52 4.45002
2.53 4.45501
2.54 4.46006
2.55 4.46518
2.56 4.47035
2.57 4.4756
2.58 4.4809
2.59 4.48627
2.6 4.4917
2.61 4.4972
2.62 4.50276
2.63 4.50839
2.64 4.51409
2.65 4.51985
2.66 4.52568
2.67 4.53158
2.68 4.53755
2.69 4.54359
2.7 4.54969
2.71 4.55587
2.72 4.56211
2.73 4.56842
2.74 4.5748
2.75 4.58125
2.76 4.58777
2.77 4.59436
2.78 4.60102
2.79 4.60775
2.8 4.61454
2.81 4.62141
2.82 4.62834
2.83 4.63533
2.84 4.6424
2.85 4.64953
2.86 4.65672
2.87 4.66398
2.88 4.6713
2.89 4.67869
2.9 4.68613
2.91 4.69364
2.92 4.7012
2.93 4.70882
2.94 4.7165
2.95 4.72424
2.96 4.73202
2.97 4.73986
2.98 4.74775
2.99 4.75569
3 4.76368
3.01 4.77171
3.02 4.77978
3.03 4.7879
3.04 4.79605
3.05 4.80424
3.06 4.81247
3.07 4.82073
3.08 4.82902
3.09 4.83734
3.1 4.84569
3.11 4.85406
3.12 4.86245
3.13 4.87086
3.14 4.87929
3.15 4.88774
3.16 4.89619
3.17 4.90466
3.18 4.91314
3.19 4.92162
3.2 4.9301
3.21 4.93859
3.22 4.94707
3.23 4.95555
3.24 4.96402
3.25 4.97249
3.26 4.98094
3.27 4.98938
3.28 4.99781
3.29 5.00622
3.3 5.01461
3.31 5.02298
3.32 5.03132
3.33 5.03964
3.34 5.04793
3.35 5.0562
3.36 5.06443
3.37 5.07263
3.38 5.0808
3.39 5.08893
3.4 5.09702
3.41 5.10508
3.42 5.11309
3.43 5.12107
3.44 5.129
3.45 5.13688
3.46 5.14473
3.47 5.15252
3.48 5.16027
3.49 5.16797
3.5 5.17562
3.51 5.18322
3.52 5.19076
3.53 5.19826
3.54 5.2057
3.55 5.2131
3.56 5.22043
3.57 5.22772
3.58 5.23494
3.59 5.24212
3.6 5.24924
3.61 5.2563
3.62 5.2633
3.63 5.27025
3.64 5.27715
3.65 5.28398
3.66 5.29076
3.67 5.29748
3.68 5.30415
3.69 5.31076
3.7 5.31731
3.71 5.3238
3.72 5.33024
3.73 5.33662
3.74 5.34295
3.75 5.34922
3.76 5.35543
3.77 5.36159
3.78 5.36769
3.79 5.37373
3.8 5.37972
3.81 5.38566
3.82 5.39154
3.83 5.39737
3.84 5.40314
3.85 5.40886
3.86 5.41453
3.87 5.42015
3.88 5.42571
3.89 5.43122
3.9 5.43668
3.91 5.44209
3.92 5.44745
3.93 5.45276
3.94 5.45802
3.95 5.46323
3.96 5.46839
3.97 5.4735
3.98 5.47857
3.99 5.48359
4 5.48856
4.01 5.49349
4.02 5.49837
4.03 5.50321
4.04 5.508
4.05 5.51275
4.06 5.51745
4.07 5.52212
4.08 5.52674
4.09 5.53131
4.1 5.53585
4.11 5.54034
4.12 5.5448
4.13 5.54921
4.14 5.55359
4.15 5.55792
4.16 5.56222
4.17 5.56648
4.18 5.5707
4.19 5.57489
4.2 5.57903
4.21 5.58315
4.22 5.58722
4.23 5.59126
4.24 5.59527
4.25 5.59924
4.26 5.60318
4.27 5.60708
4.28 5.61096
4.29 5.6148
4.3 5.6186
4.31 5.62238
4.32 5.62612
4.33 5.62984
4.34 5.63352
4.35 5.63717
4.36 5.6408
4.37 5.64439
4.38 5.64796
4.39 5.6515
4.4 5.65501
4.41 5.65849
4.42 5.66194
4.43 5.66537
4.44 5.66877
4.45 5.67215
4.46 5.6755
4.47 5.67882
4.48 5.68212
4.49 5.68539
4.5 5.68864
4.51 5.69187
4.52 5.69507
4.53 5.69825
4.54 5.7014
4.55 5.70454
4.56 5.70765
4.57 5.71074
4.58 5.7138
4.59 5.71685
4.6 5.71987
4.61 5.72287
4.62 5.72586
4.63 5.72882
4.64 5.73176
4.65 5.73468
4.66 5.73758
4.67 5.74047
4.68 5.74333
4.69 5.74618
4.7 5.749
4.71 5.75181
4.72 5.7546
4.73 5.75737
4.74 5.76013
4.75 5.76287
4.76 5.76559
4.77 5.76829
4.78 5.77098
4.79 5.77365
4.8 5.7763
4.81 5.77894
4.82 5.78157
4.83 5.78417
4.84 5.78677
4.85 5.78934
4.86 5.7919
4.87 5.79445
4.88 5.79698
4.89 5.7995
4.9 5.80201
4.91 5.8045
4.92 5.80697
4.93 5.80944
4.94 5.81189
4.95 5.81432
4.96 5.81674
4.97 5.81915
4.98 5.82155
4.99 5.82394
5 5.82631
5.01 5.82867
5.02 5.83102
5.03 5.83335
5.04 5.83567
5.05 5.83799
5.06 5.84029
5.07 5.84258
5.08 5.84485
5.09 5.84712
5.1 5.84938
5.11 5.85162
5.12 5.85386
5.13 5.85608
5.14 5.85829
5.15 5.8605
5.16 5.86269
5.17 5.86487
5.18 5.86704
5.19 5.86921
5.2 5.87136
5.21 5.8735
5.22 5.87564
5.23 5.87776
5.24 5.87988
5.25 5.88198
5.26 5.88408
5.27 5.88617
5.28 5.88825
5.29 5.89032
5.3 5.89238
5.31 5.89444
5.32 5.89648
5.33 5.89852
5.34 5.90055
5.35 5.90257
5.36 5.90459
5.37 5.90659
5.38 5.90859
5.39 5.91058
5.4 5.91256
5.41 5.91454
5.42 5.9165
5.43 5.91846
5.44 5.92042
5.45 5.92236
5.46 5.9243
5.47 5.92624
5.48 5.92816
5.49 5.93008
5.5 5.93199
5.51 5.9339
5.52 5.9358
5.53 5.93769
5.54 5.93958
5.55 5.94146
5.56 5.94334
5.57 5.9452
5.58 5.94707
5.59 5.94892
5.6 5.95078
5.61 5.95262
5.62 5.95446
5.63 5.9563
5.64 5.95813
5.65 5.95995
5.66 5.96177
5.67 5.96359
5.68 5.9654
5.69 5.9672
5.7 5.969
5.71 5.97079
5.72 5.97259
5.73 5.97437
5.74 5.97615
5.75 5.97793
5.76 5.9797
5.77 5.98147
5.78 5.98323
5.79 5.985
5.8 5.98675
5.81 5.9885
5.82 5.99025
5.83 5.992
5.84 5.99374
5.85 5.99548
5.86 5.99721
5.87 5.99894
5.88 6.00067
5.89 6.0024
5.9 6.00412
5.91 6.00584
5.92 6.00756
5.93 6.00927
5.94 6.01098
5.95 6.01269
5.96 6.01439
5.97 6.0161
5.98 6.0178
5.99 6.0195
6 6.02119
6.01 6.02289
6.02 6.02458
6.03 6.02627
6.04 6.02796
6.05 6.02964
6.06 6.03133
6.07 6.03301
6.08 6.03469
6.09 6.03637
6.1 6.03805
6.11 6.03973
6.12 6.04141
6.13 6.04308
6.14 6.04476
6.15 6.04643
6.16 6.0481
6.17 6.04977
6.18 6.05144
6.19 6.05311
6.2 6.05478
6.21 6.05645
6.22 6.05812
6.23 6.05979
6.24 6.06146
6.25 6.06312
6.26 6.06479
6.27 6.06646
6.28 6.06812
6.29 6.06979
6.3 6.07145
6.31 6.07312
6.32 6.07479
6.33 6.07645
6.34 6.07812
6.35 6.07978
6.36 6.08145
6.37 6.08312
6.38 6.08478
6.39 6.08645
6.4 6.08812
6.41 6.08978
6.42 6.09145
6.43 6.09312
6.44 6.09478
6.45 6.09645
6.46 6.09812
6.47 6.09979
6.48 6.10145
6.49 6.10312
6.5 6.10479
6.51 6.10645
6.52 6.10812
6.53 6.10979
6.54 6.11145
6.55 6.11312
6.56 6.11478
6.57 6.11645
6.58 6.11811
6.59 6.11977
6.6 6.12143
6.61 6.12309
6.62 6.12475
6.63 6.12641
6.64 6.12806
6.65 6.12971
6.66 6.13136
6.67 6.13301
6.68 6.13466
6.69 6.1363
6.7 6.13794
6.71 6.13957
6.72 6.1412
6.73 6.14283
6.74 6.14445
6.75 6.14607
6.76 6.14768
6.77 6.14928
6.78 6.15088
6.79 6.15248
6.8 6.15406
6.81 6.15564
6.82 6.15721
6.83 6.15877
6.84 6.16032
6.85 6.16186
6.86 6.16339
6.87 6.16491
6.88 6.16642
6.89 6.16792
6.9 6.1694
6.91 6.17087
6.92 6.17232
6.93 6.17376
6.94 6.17518
6.95 6.17659
6.96 6.17797
6.97 6.17934
6.98 6.18069
6.99 6.18202
7 6.18332
7.01 6.1846
7.02 6.18586
7.03 6.18709
7.04 6.18829
7.05 6.18947
7.06 6.19061
7.07 6.19173
7.08 6.19282
7.09 6.19387
7.1 6.19488
7.11 6.19586
7.12 6.19681
7.13 6.19771
7.14 6.19858
7.15 6.1994
7.16 6.20017
7.17 6.2009
7.18 6.20159
7.19 6.20222
7.2 6.20281
7.21 6.20334
7.22 6.20382
7.23 6.20424
7.24 6.2046
7.25 6.2049
7.26 6.20514
7.27 6.20531
7.28 6.20542
7.29 6.20546
7.3 6.20543
7.31 6.20532
7.32 6.20514
7.33 6.20489
7.34 6.20455
7.35 6.20414
7.36 6.20363
7.37 6.20305
7.38 6.20237
7.39 6.20161
7.4 6.20075
7.41 6.1998
7.42 6.19875
7.43 6.1976
7.44 6.19635
7.45 6.195
7.46 6.19354
7.47 6.19198
7.48 6.1903
7.49 6.18852
7.5 6.18662
7.51 6.1846
7.52 6.18247
7.53 6.18022
7.54 6.17785
7.55 6.17536
7.56 6.17275
7.57 6.17001
7.58 6.16715
7.59 6.16416
7.6 6.16104
7.61 6.15779
7.62 6.15441
7.63 6.15091
7.64 6.14727
7.65 6.1435
7.66 6.13959
7.67 6.13556
7.68 6.13139
7.69 6.12709
7.7 6.12266
7.71 6.1181
7.72 6.11341
7.73 6.10859
7.74 6.10363
7.75 6.09855
7.76 6.09335
7.77 6.08801
7.78 6.08255
7.79 6.07697
7.8 6.07127
7.81 6.06545
7.82 6.05951
7.83 6.05346
7.84 6.0473
7.85 6.04102
7.86 6.03464
7.87 6.02815
7.88 6.02156
7.89 6.01487
7.9 6.00808
7.91 6.0012
7.92 5.99423
7.93 5.98718
7.94 5.98004
7.95 5.97282
7.96 5.96552
7.97 5.95815
7.98 5.95071
7.99 5.9432
8 5.93563
8.01 5.928
8.02 5.92031
8.03 5.91257
8.04 5.90478
8.05 5.89694
8.06 5.88907
8.07 5.88115
8.08 5.8732
8.09 5.86521
8.1 5.8572
8.11 5.84916
8.12 5.84109
8.13 5.83301
8.14 5.82491
8.15 5.81679
8.16 5.80867
8.17 5.80054
8.18 5.7924
8.19 5.78425
8.2 5.77611
8.21 5.76797
8.22 5.75983
8.23 5.7517
8.24 5.74358
8.25 5.73547
8.26 5.72738
8.27 5.7193
8.28 5.71124
8.29 5.70319
8.3 5.69517
8.31 5.68717
8.32 5.67919
8.33 5.67124
8.34 5.66332
8.35 5.65543
8.36 5.64757
8.37 5.63974
8.38 5.63194
8.39 5.62418
8.4 5.61645
8.41 5.60876
8.42 5.60111
8.43 5.5935
8.44 5.58593
8.45 5.5784
8.46 5.57091
8.47 5.56346
8.48 5.55606
8.49 5.5487
8.5 5.54139
8.51 5.53412
8.52 5.5269
8.53 5.51973
8.54 5.5126
8.55 5.50553
8.56 5.4985
8.57 5.49152
8.58 5.48459
8.59 5.47771
8.6 5.47088
8.61 5.4641
8.62 5.45737
8.63 5.4507
8.64 5.44407
8.65 5.4375
8.66 5.43098
8.67 5.42451
8.68 5.4181
8.69 5.41173
8.7 5.40542
8.71 5.39916
8.72 5.39296
8.73 5.38681
8.74 5.3807
8.75 5.37466
8.76 5.36866
8.77 5.36272
8.78 5.35682
8.79 5.35098
8.8 5.3452
8.81 5.33946
8.82 5.33378
8.83 5.32814
8.84 5.32256
8.85 5.31703
8.86 5.31155
8.87 5.30612
8.88 5.30074
8.89 5.29541
8.9 5.29013
8.91 5.2849
8.92 5.27971
8.93 5.27458
8.94 5.26949
8.95 5.26445
8.96 5.25946
8.97 5.25452
8.98 5.24962
8.99 5.24477
9 5.23996
9.01 5.2352
9.02 5.23049
9.03 5.22582
9.04 5.22119
9.05 5.21661
9.06 5.21207
9.07 5.20757
9.08 5.20312
9.09 5.19871
9.1 5.19434
9.11 5.19001
9.12 5.18572
9.13 5.18147
9.14 5.17726
9.15 5.1731
9.16 5.16897
9.17 5.16487
9.18 5.16082
9.19 5.15681
9.2 5.15283
9.21 5.14889
9.22 5.14498
9.23 5.14111
9.24 5.13728
9.25 5.13348
9.26 5.12972
9.27 5.12599
9.28 5.12229
9.29 5.11863
9.3 5.115
9.31 5.11141
9.32 5.10784
9.33 5.10431
9.34 5.10081
9.35 5.09734
9.36 5.0939
9.37 5.09049
9.38 5.08711
9.39 5.08376
9.4 5.08044
9.41 5.07715
9.42 5.07389
9.43 5.07065
9.44 5.06745
9.45 5.06427
9.46 5.06111
9.47 5.05799
9.48 5.05489
9.49 5.05181
9.5 5.04877
9.51 5.04574
9.52 5.04275
9.53 5.03977
9.54 5.03683
9.55 5.0339
9.56 5.031
9.57 5.02812
9.58 5.02527
9.59 5.02244
9.6 5.01963
9.61 5.01685
9.62 5.01408
9.63 5.01134
9.64 5.00862
9.65 5.00592
9.66 5.00325
9.67 5.00059
9.68 4.99795
9.69 4.99534
9.7 4.99274
9.71 4.99017
9.72 4.98761
9.73 4.98507
9.74 4.98256
9.75 4.98006
9.76 4.97758
9.77 4.97512
9.78 4.97267
9.79 4.97025
9.8 4.96784
9.81 4.96545
9.82 4.96308
9.83 4.96072
9.84 4.95839
9.85 4.95606
9.86 4.95376
9.87 4.95147
9.88 4.9492
9.89 4.94695
9.9 4.94471
9.91 4.94248
9.92 4.94028
9.93 4.93808
9.94 4.93591
9.95 4.93375
9.96 4.9316
9.97 4.92947
9.98 4.92735
9.99 4.92525
10 4.92316
10.001 5
