0 -10
0.01 -9.0603
0.02 -9.05726
0.03 -9.0542
0.04 -9.05113
0.05 -9.04803
0.06 -9.04492
0.07 -9.04179
0.08 -9.03864
0.09 -9.03548
0.1 -9.03229
0.11 -9.02909
0.12 -9.02587
0.13 -9.02262
0.14 -9.01936
0.15 -9.01609
0.16 -9.01279
0.17 -9.00947
0.18 -9.00613
0.19 -9.00278
0.2 -8.9994
0.21 -8.99601
0.22 -8.9926
0.23 -8.98916
0.24 -8.98571
0.25 -8.98223
0.26 -8.97874
0.27 -8.97523
0.28 -8.97169
0.29 -8.96814
0.3 -8.96457
0.31 -8.96097
0.32 -8.95735
0.33 -8.95372
0.34 -8.95006
0.35 -8.94638
0.36 -8.94268
0.37 -8.93896
0.38 -8.93522
0.39 -8.93146
0.4 -8.92768
0.41 -8.92387
0.42 -8.92004
0.43 -8.9162
0.44 -8.91233
0.45 -8.90843
0.46 -8.90452
0.47 -8.90058
0.48 -8.89663
0.49 -8.89265
0.5 -8.88864
0.51 -8.88462
0.52 -8.88057
0.53 -8.8765
0.54 -8.87241
0.55 -8.8683
0.56 -8.86416
0.57 -8.86
0.58 -8.85581
0.59 -8.85161
0.6 -8.84738
0.61 -8.84313
0.62 -8.83885
0.63 -8.83455
0.64 -8.83023
0.65 -8.82588
0.66 -8.82152
0.67 -8.81712
0.68 -8.81271
0.69 -8.80827
0.7 -8.8038
0.71 -8.79932
0.72 -8.7948
0.73 -8.79027
0.74 -8.78571
0.75 -8.78113
0.76 -8.77652
0.77 -8.77189
0.78 -8.76723
0.79 -8.76255
0.8 -8.75784
0.81 -8.75311
0.82 -8.74836
0.83 -8.74358
0.84 -8.73878
0.85 -8.73395
0.86 -8.7291
0.87 -8.72422
0.88 -8.71932
0.89 -8.71439
0.9 -8.70944
0.91 -8.70446
0.92 -8.69946
0.93 -8.69444
0.94 -8.68938
0.95 -8.68431
0.96 -8.6792
0.97 -8.67408
0.98 -8.66892
0.99 -8.66375
1 -8.65854
1.01 -8.65332
1.02 -8.64806
1.03 -8.64278
1.04 -8.63748
1.05 -8.63215
1.06 -8.62679
1.07 -8.62141
1.08 -8.61601
1.09 -8.61057
1.1 -8.60512
1.11 -8.59963
1.12 -8.59412
1.13 -8.58859
1.14 -8.58303
1.15 -8.57744
1.16 -8.57183
1.17 -8.56619
1.18 -8.56053
1.19 -8.55484
1.2 -8.54913
1.21 -8.54338
1.22 -8.53762
1.23 -8.53183
1.24 -8.52601
1.25 -8.52016
1.26 -8.51429
1.27 -8.50839
1.28 -8.50247
1.29 -8.49652
1.3 -8.49055
1.31 -8.48455
1.32 -8.47852
1.33 -8.47246
1.34 -8.46638
1.35 -8.46028
1.36 -8.45415
1.37 -8.44799
1.38 -8.4418
1.39 -8.43559
1.4 -8.42935
1.41 -8.42308
1.42 -8.41679
1.43 -8.41047
1.44 -8.40413
1.45 -8.39775
1.46 -8.39135
1.47 -8.38493
1.48 -8.37847
1.49 -8.37199
1.5 -8.36548
1.51 -8.35895
1.52 -8.35238
1.53 -8.34579
1.54 -8.33917
1.55 -8.33252
1.56 -8.32585
1.57 -8.31914
1.58 -8.31241
1.59 -8.30565
1.6 -8.29886
1.61 -8.29204
1.62 -8.28519
1.63 -8.27831
1.64 -8.2714
1.65 -8.26446
1.66 -8.25749
1.67 -8.25049
1.68 -8.24346
1.69 -8.2364
1.7 -8.22931
1.71 -8.22218
1.72 -8.21503
1.73 -8.20784
1.74 -8.20062
1.75 -8.19336
1.76 -8.18607
1.77 -8.17875
1.78 -8.17139
1.79 -8.164
1.8 -8.15657
1.81 -8.14911
1.82 -8.14161
1.83 -8.13407
1.84 -8.12649
1.85 -8.11888
1.86 -8.11123
1.87 -8.10354
1.88 -8.09581
1.89 -8.08803
1.9 -8.08022
1.91 -8.07237
1.92 -8.06447
1.93 -8.05653
1.94 -8.04854
1.95 -8.04051
1.96 -8.03243
1.97 -8.02431
1.98 -8.01614
1.99 -8.00792
2 -7.99965
2.01 -7.99133
2.02 -7.98295
2.03 -7.97453
2.04 -7.96605
2.05 -7.95752
2.06 -7.94894
2.07 -7.94029
2.08 -7.93159
2.09 -7.92283
2.1 -7.91401
2.11 -7.90513
2.12 -7.89619
2.13 -7.88718
2.14 -7.87811
2.15 -7.86897
2.16 -7.85977
2.17 -7.8505
2.18 -7.84116
2.19 -7.83174
2.2 -7.82226
2.21 -7.8127
2.22 -7.80307
2.23 -7.79336
2.24 -7.78358
2.25 -7.77371
2.26 -7.76377
2.27 -7.75374
2.28 -7.74363
2.29 -7.73344
2.3 -7.72317
2.31 -7.7128
2.32 -7.70235
2.33 -7.69181
2.34 -7.68119
2.35 -7.67047
2.36 -7.65965
2.37 -7.64875
2.38 -7.63775
2.39 -7.62665
2.4 -7.61546
2.41 -7.60416
2.42 -7.59278
2.43 -7.58129
2.44 -7.5697
2.45 -7.55801
2.46 -7.54621
2.47 -7.53432
2.48 -7.52232
2.49 -7.51021
2.5 -7.49801
2.51 -7.4857
2.52 -7.47328
2.53 -7.46076
2.54 -7.44813
2.55 -7.43539
2.56 -7.42256
2.57 -7.40961
2.58 -7.39656
2.59 -7.38341
2.6 -7.37015
2.61 -7.35679
2.62 -7.34333
2.63 -7.32976
2.64 -7.31609
2.65 -7.30233
2.66 -7.28846
2.67 -7.2745
2.68 -7.26044
2.69 -7.24628
2.7 -7.23204
2.71 -7.2177
2.72 -7.20327
2.73 -7.18876
2.74 -7.17416
2.75 -7.15948
2.76 -7.14473
2.77 -7.12989
2.78 -7.11498
2.79 -7.10001
2.8 -7.08496
2.81 -7.06985
2.82 -7.05468
2.83 -7.03946
2.84 -7.02418
2.85 -7.00885
2.86 -6.99347
2.87 -6.97806
2.88 -6.96261
2.89 -6.94712
2.9 -6.93161
2.91 -6.91607
2.92 -6.90052
2.93 -6.88495
2.94 -6.86937
2.95 -6.85378
2.96 -6.8382
2.97 -6.82262
2.98 -6.80705
2.99 -6.7915
3 -6.77596
3.01 -6.76045
3.02 -6.74498
3.03 -6.72954
3.04 -6.71414
3.05 -6.69878
3.06 -6.68348
3.07 -6.66823
3.08 -6.65305
3.09 -6.63793
3.1 -6.62288
3.11 -6.60791
3.12 -6.59301
3.13 -6.57821
3.14 -6.56349
3.15 -6.54887
3.16 -6.53434
3.17 -6.51992
3.18 -6.50561
3.19 -6.49141
3.2 -6.47732
3.21 -6.46335
3.22 -6.44951
3.23 -6.43579
3.24 -6.4222
3.25 -6.40874
3.26 -6.39542
3.27 -6.38223
3.28 -6.36919
3.29 -6.35629
3.3 -6.34353
3.31 -6.33093
3.32 -6.31847
3.33 -6.30616
3.34 -6.29401
3.35 -6.28201
3.36 -6.27017
3.37 -6.25849
3.38 -6.24696
3.39 -6.23559
3.4 -6.22438
3.41 -6.21334
3.42 -6.20245
3.43 -6.19172
3.44 -6.18116
3.45 -6.17075
3.46 -6.16051
3.47 -6.15043
3.48 -6.14051
3.49 -6.13074
3.5 -6.12114
3.51 -6.1117
3.52 -6.10241
3.53 -6.09328
3.54 -6.0843
3.55 -6.07548
3.56 -6.06682
3.57 -6.0583
3.58 -6.04994
3.59 -6.04172
3.6 -6.03365
3.61 -6.02573
3.62 -6.01796
3.63 -6.01032
3.64 -6.00283
3.65 -5.99548
3.66 -5.98827
3.67 -5.98119
3.68 -5.97425
3.69 -5.96743
3.7 -5.96075
3.71 -5.9542
3.72 -5.94778
3.73 -5.94148
3.74 -5.9353
3.75 -5.92925
3.76 -5.92331
3.77 -5.91749
3.78 -5.91178
3.79 -5.90619
3.8 -5.90071
3.81 -5.89534
3.82 -5.89008
3.83 -5.88492
3.84 -5.87987
3.85 -5.87492
3.86 -5.87007
3.87 -5.86531
3.88 -5.86065
3.89 -5.85609
3.9 -5.85162
3.91 -5.84724
3.92 -5.84295
3.93 -5.83874
3.94 -5.83463
3.95 -5.83059
3.96 -5.82664
3.97 -5.82277
3.98 -5.81897
3.99 -5.81526
4 -5.81162
4.01 -5.80805
4.02 -5.80456
4.03 -5.80114
4.04 -5.79778
4.05 -5.7945
4.06 -5.79128
4.07 -5.78813
4.08 -5.78504
4.09 -5.78201
4.1 -5.77905
4.11 -5.77615
4.12 -5.7733
4.13 -5.77051
4.14 -5.76778
4.15 -5.7651
4.16 -5.76248
4.17 -5.75991
4.18 -5.75739
4.19 -5.75492
4.2 -5.7525
4.21 -5.75013
4.22 -5.74781
4.23 -5.74553
4.24 -5.7433
4.25 -5.74111
4.26 -5.73896
4.27 -5.73686
4.28 -5.7348
4.29 -5.73278
4.3 -5.7308
4.31 -5.72886
4.32 -5.72696
4.33 -5.72509
4.34 -5.72326
4.35 -5.72146
4.36 -5.7197
4.37 -5.71798
4.38 -5.71629
4.39 -5.71463
4.4 -5.713
4.41 -5.7114
4.42 -5.70984
4.43 -5.7083
4.44 -5.70679
4.45 -5.70532
4.46 -5.70387
4.47 -5.70244
4.48 -5.70105
4.49 -5.69968
4.5 -5.69833
4.51 -5.69702
4.52 -5.69572
4.53 -5.69445
4.54 -5.69321
4.55 -5.69198
4.56 -5.69078
4.57 -5.68961
4.58 -5.68845
4.59 -5.68731
4.6 -5.6862
4.61 -5.68511
4.62 -5.68403
4.63 -5.68298
4.64 -5.68194
4.65 -5.68093
4.66 -5.67993
4.67 -5.67895
4.68 -5.67799
4.69 -5.67704
4.7 -5.67611
4.71 -5.6752
4.72 -5.67431
4.73 -5.67343
4.74 -5.67256
4.75 -5.67172
4.76 -5.67088
4.77 -5.67006
4.78 -5.66926
4.79 -5.66847
4.8 -5.66769
4.81 -5.66693
4.82 -5.66618
4.83 -5.66544
4.84 -5.66472
4.85 -5.664
4.86 -5.6633
4.87 -5.66261
4.88 -5.66194
4.89 -5.66127
4.9 -5.66062
4.91 -5.65998
4.92 -5.65934
4.93 -5.65872
4.94 -5.65811
4.95 -5.65751
4.96 -5.65692
4.97 -5.65634
4.98 -5.65577
4.99 -5.6552
5 -5.65465
5.01 -5.6541
5.02 -5.65357
5.03 -5.65304
5.04 -5.65252
5.05 -5.65201
5.06 -5.65151
5.07 -5.65101
5.08 -5.65053
5.09 -5.65005
5.1 -5.64957
5.11 -5.64911
5.12 -5.64865
5.13 -5.6482
5.14 -5.64775
5.15 -5.64732
5.16 -5.64688
5.17 -5.64646
5.18 -5.64604
5.19 -5.64563
5.2 -5.64522
5.21 -5.64482
5.22 -5.64442
5.23 -5.64403
5.24 -5.64365
5.25 -5.64327
5.26 -5.64289
5.27 -5.64252
5.28 -5.64216
5.29 -5.64179
5.3 -5.64144
5.31 -5.64109
5.32 -5.64074
5.33 -5.6404
5.34 -5.64006
5.35 -5.63972
5.36 -5.63939
5.37 -5.63906
5.38 -5.63874
5.39 -5.63842
5.4 -5.6381
5.41 -5.63779
5.42 -5.63748
5.43 -5.63717
5.44 -5.63687
5.45 -5.63657
5.46 -5.63627
5.47 -5.63597
5.48 -5.63568
5.49 -5.63539
5.5 -5.6351
5.51 -5.63481
5.52 -5.63453
5.53 -5.63425
5.54 -5.63397
5.55 -5.63369
5.56 -5.63341
5.57 -5.63314
5.58 -5.63286
5.59 -5.63259
5.6 -5.63232
5.61 -5.63205
5.62 -5.63178
5.63 -5.63152
5.64 -5.63125
5.65 -5.63099
5.66 -5.63072
5.67 -5.63046
5.68 -5.6302
5.69 -5.62993
5.7 -5.62967
5.71 -5.62941
5.72 -5.62915
5.73 -5.62889
5.74 -5.62863
5.75 -5.62837
5.76 -5.62811
5.77 -5.62785
5.78 -5.62759
5.79 -5.62733
5.8 -5.62707
5.81 -5.6268
5.82 -5.62654
5.83 -5.62628
5.84 -5.62602
5.85 -5.62575
5.86 -5.62549
5.87 -5.62522
5.88 -5.62496
5.89 -5.62469
5.9 -5.62442
5.91 -5.62415
5.92 -5.62388
5.93 -5.62361
5.94 -5.62334
5.95 -5.62306
5.96 -5.62278
5.97 -5.62251
5.98 -5.62223
5.99 -5.62195
6 -5.62166
6.01 -5.62138
6.02 -5.62109
6.03 -5.62081
6.04 -5.62052
6.05 -5.62022
6.06 -5.61993
6.07 -5.61963
6.08 -5.61934
6.09 -5.61904
6.1 -5.61873
6.11 -5.61843
6.12 -5.61812
6.13 -5.61781
6.14 -5.6175
6.15 -5.61719
6.16 -5.61687
6.17 -5.61655
6.18 -5.61623
6.19 -5.61591
6.2 -5.61558
6.21 -5.61525
6.22 -5.61492
6.23 -5.61459
6.24 -5.61425
6.25 -5.61392
6.26 -5.61358
6.27 -5.61323
6.28 -5.61289
6.29 -5.61254
6.3 -5.61219
6.31 -5.61183
6.32 -5.61148
6.33 -5.61112
6.34 -5.61076
6.35 -5.6104
6.36 -5.61003
6.37 -5.60967
6.38 -5.6093
6.39 -5.60893
6.4 -5.60855
6.41 -5.60818
6.42 -5.6078
6.43 -5.60742
6.44 -5.60704
6.45 -5.60666
6.46 -5.60627
6.47 -5.60589
6.48 -5.6055
6.49 -5.60511
6.5 -5.60473
6.51 -5.60434
6.52 -5.60395
6.53 -5.60355
6.54 -5.60316
6.55 -5.60277
6.56 -5.60238
6.57 -5.60199
6.58 -5.6016
6.59 -5.60121
6.6 -5.60082
6.61 -5.60043
6.62 -5.60004
6.63 -5.59966
6.64 -5.59927
6.65 -5.59889
6.66 -5.59851
6.67 -5.59813
6.68 -5.59776
6.69 -5.59739
6.7 -5.59703
6.71 -5.59666
6.72 -5.59631
6.73 -5.59595
6.74 -5.59561
6.75 -5.59527
6.76 -5.59493
6.77 -5.59461
6.78 -5.59429
6.79 -5.59397
6.8 -5.59367
6.81 -5.59337
6.82 -5.59309
6.83 -5.59281
6.84 -5.59255
6.85 -5.5923
6.86 -5.59206
6.87 -5.59183
6.88 -5.59161
6.89 -5.59141
6.9 -5.59123
6.91 -5.59106
6.92 -5.59091
6.93 -5.59077
6.94 -5.59066
6.95 -5.59056
6.96 -5.59048
6.97 -5.59043
6.98 -5.59039
6.99 -5.59038
7 -5.5904
7.01 -5.59044
7.02 -5.59051
7.03 -5.5906
7.04 -5.59073
7.05 -5.59088
7.06 -5.59107
7.07 -5.59128
7.08 -5.59154
7.09 -5.59182
7.1 -5.59215
7.11 -5.59251
7.12 -5.59292
7.13 -5.59336
7.14 -5.59385
7.15 -5.59438
7.16 -5.59496
7.17 -5.59558
7.18 -5.59626
7.19 -5.59698
7.2 -5.59776
7.21 -5.5986
7.22 -5.59949
7.23 -5.60044
7.24 -5.60145
7.25 -5.60252
7.26 -5.60366
7.27 -5.60486
7.28 -5.60613
7.29 -5.60747
7.3 -5.60889
7.31 -5.61037
7.32 -5.61194
7.33 -5.61358
7.34 -5.61531
7.35 -5.61712
7.36 -5.61901
7.37 -5.62099
7.38 -5.62306
7.39 -5.62523
7.4 -5.62748
7.41 -5.62984
7.42 -5.63229
7.43 -5.63485
7.44 -5.63751
7.45 -5.64027
7.46 -5.64315
7.47 -5.64613
7.48 -5.64923
7.49 -5.65244
7.5 -5.65577
7.51 -5.65922
7.52 -5.66279
7.53 -5.66648
7.54 -5.6703
7.55 -5.67424
7.56 -5.67832
7.57 -5.68253
7.58 -5.68687
7.59 -5.69135
7.6 -5.69596
7.61 -5.70071
7.62 -5.70561
7.63 -5.71064
7.64 -5.71582
7.65 -5.72114
7.66 -5.72661
7.67 -5.73223
7.68 -5.738
7.69 -5.74391
7.7 -5.74998
7.71 -5.7562
7.72 -5.76257
7.73 -5.76909
7.74 -5.77576
7.75 -5.78259
7.76 -5.78958
7.77 -5.79672
7.78 -5.80401
7.79 -5.81146
7.8 -5.81906
7.81 -5.82681
7.82 -5.83472
7.83 -5.84279
7.84 -5.851
7.85 -5.85937
7.86 -5.86789
7.87 -5.87655
7.88 -5.88537
7.89 -5.89434
7.9 -5.90345
7.91 -5.91271
7.92 -5.92211
7.93 -5.93166
7.94 -5.94134
7.95 -5.95117
7.96 -5.96113
7.97 -5.97123
7.98 -5.98147
7.99 -5.99183
8 -6.00233
8.01 -6.01295
8.02 -6.0237
8.03 -6.03457
8.04 -6.04556
8.05 -6.05668
8.06 -6.0679
8.07 -6.07925
8.08 -6.0907
8.09 -6.10226
8.1 -6.11393
8.11 -6.12571
8.12 -6.13758
8.13 -6.14956
8.14 -6.16163
8.15 -6.17379
8.16 -6.18604
8.17 -6.19838
8.18 -6.21081
8.19 -6.22332
8.2 -6.2359
8.21 -6.24857
8.22 -6.26131
8.23 -6.27412
8.24 -6.287
8.25 -6.29994
8.26 -6.31295
8.27 -6.32601
8.28 -6.33914
8.29 -6.35231
8.3 -6.36554
8.31 -6.37882
8.32 -6.39215
8.33 -6.40551
8.34 -6.41892
8.35 -6.43236
8.36 -6.44584
8.37 -6.45935
8.38 -6.47289
8.39 -6.48646
8.4 -6.50005
8.41 -6.51366
8.42 -6.52729
8.43 -6.54094
8.44 -6.5546
8.45 -6.56826
8.46 -6.58194
8.47 -6.59563
8.48 -6.60931
8.49 -6.623
8.5 -6.63669
8.51 -6.65037
8.52 -6.66404
8.53 -6.67771
8.54 -6.69137
8.55 -6.70501
8.56 -6.71864
8.57 -6.73225
8.58 -6.74584
8.59 -6.75941
8.6 -6.77296
8.61 -6.78648
8.62 -6.79998
8.63 -6.81345
8.64 -6.82688
8.65 -6.84029
8.66 -6.85366
8.67 -6.86699
8.68 -6.88029
8.69 -6.89355
8.7 -6.90677
8.71 -6.91995
8.72 -6.93309
8.73 -6.94619
8.74 -6.95923
8.75 -6.97224
8.76 -6.98519
8.77 -6.9981
8.78 -7.01096
8.79 -7.02377
8.8 -7.03652
8.81 -7.04923
8.82 -7.06188
8.83 -7.07448
8.84 -7.08702
8.85 -7.09951
8.86 -7.11195
8.87 -7.12432
8.88 -7.13664
8.89 -7.14891
8.9 -7.16111
8.91 -7.17326
8.92 -7.18535
8.93 -7.19738
8.94 -7.20935
8.95 -7.22126
8.96 -7.23311
8.97 -7.2449
8.98 -7.25663
8.99 -7.2683
9 -7.27991
9.01 -7.29145
9.02 -7.30294
9.03 -7.31437
9.04 -7.32573
9.05 -7.33703
9.06 -7.34828
9.07 -7.35946
9.08 -7.37058
9.09 -7.38164
9.1 -7.39263
9.11 -7.40357
9.12 -7.41445
9.13 -7.42527
9.14 -7.43602
9.15 -7.44672
9.16 -7.45735
9.17 -7.46793
9.18 -7.47844
9.19 -7.4889
9.2 -7.49929
9.21 -7.50963
9.22 -7.51991
9.23 -7.53013
9.24 -7.54029
9.25 -7.5504
9.26 -7.56044
9.27 -7.57043
9.28 -7.58036
9.29 -7.59024
9.3 -7.60005
9.31 -7.60981
9.32 -7.61952
9.33 -7.62917
9.34 -7.63876
9.35 -7.6483
9.36 -7.65778
9.37 -7.66721
9.38 -7.67659
9.39 -7.68591
9.4 -7.69518
9.41 -7.70439
9.42 -7.71356
9.43 -7.72267
9.44 -7.73172
9.45 -7.74073
9.46 -7.74968
9.47 -7.75858
9.48 -7.76744
9.49 -7.77624
9.5 -7.78499
9.51 -7.79369
9.52 -7.80234
9.53 -7.81094
9.54 -7.8195
9.55 -7.828
9.56 -7.83646
9.57 -7.84487
9.58 -7.85323
9.59 -7.86154
9.6 -7.86981
9.61 -7.87803
9.62 -7.8862
9.63 -7.89433
9.64 -7.90241
9.65 -7.91045
9.66 -7.91844
9.67 -7.92639
9.68 -7.93429
9.69 -7.94215
9.7 -7.94996
9.71 -7.95774
9.72 -7.96546
9.73 -7.97315
9.74 -7.98079
9.75 -7.98839
9.76 -7.99594
9.77 -8.00346
9.78 -8.01093
9.79 -8.01836
9.8 -8.02575
9.81 -8.0331
9.82 -8.04041
9.83 -8.04768
9.84 -8.05491
9.85 -8.0621
9.86 -8.06925
9.87 -8.07636
9.88 -8.08343
9.89 -8.09046
9.9 -8.09745
9.91 -8.10441
9.92 -8.11132
9.93 -8.1182
9.94 -8.12504
9.95 -8.13185
9.96 -8.13861
9.97 -8.14534
9.98 -8.15204
9.99 -8.15869
10 -8.16531
10.001 -10
