0 -10
0.01 -8.39176
0.02 -8.38766
0.03 -8.38355
0.04 -8.37943
0.05 -8.3753
0.06 -8.37115
0.07 -8.36699
0.08 -8.36282
0.09 -8.35864
0.1 -8.35444
0.11 -8.35024
0.12 -8.34602
0.13 -8.34179
0.14 -8.33755
0.15 -8.33329
0.16 -8.32903
0.17 -8.32475
0.18 -8.32046
0.19 -8.31616
0.2 -8.31185
0.21 -8.30752
0.22 -8.30318
0.23 -8.29884
0.24 -8.29447
0.25 -8.2901
0.26 -8.28572
0.27 -8.28132
0.28 -8.27692
0.29 -8.2725
0.3 -8.26807
0.31 -8.26362
0.32 -8.25917
0.33 -8.2547
0.34 -8.25023
0.35 -8.24574
0.36 -8.24124
0.37 -8.23673
0.38 -8.2322
0.39 -8.22767
0.4 -8.22312
0.41 -8.21856
0.42 -8.21399
0.43 -8.20941
0.44 -8.20482
0.45 -8.20022
0.46 -8.1956
0.47 -8.19098
0.48 -8.18634
0.49 -8.18169
0.5 -8.17703
0.51 -8.17236
0.52 -8.16767
0.53 -8.16298
0.54 -8.15827
0.55 -8.15356
0.56 -8.14883
0.57 -8.14409
0.58 -8.13934
0.59 -8.13457
0.6 -8.1298
0.61 -8.12502
0.62 -8.12022
0.63 -8.11541
0.64 -8.11059
0.65 -8.10576
0.66 -8.10092
0.67 -8.09607
0.68 -8.0912
0.69 -8.08632
0.7 -8.08144
0.71 -8.07654
0.72 -8.07163
0.73 -8.06671
0.74 -8.06177
0.75 -8.05683
0.76 -8.05187
0.77 -8.0469
0.78 -8.04192
0.79 -8.03693
0.8 -8.03192
0.81 -8.02691
0.82 -8.02188
0.83 -8.01684
0.84 -8.01179
0.85 -8.00673
0.86 -8.00165
0.87 -7.99656
0.88 -7.99146
0.89 -7.98635
0.9 -7.98123
0.91 -7.97609
0.92 -7.97094
0.93 -7.96578
0.94 -7.9606
0.95 -7.95542
0.96 -7.95022
0.97 -7.945
0.98 -7.93977
0.99 -7.93453
1 -7.92928
1.01 -7.92401
1.02 -7.91873
1.03 -7.91344
1.04 -7.90813
1.05 -7.90281
1.06 -7.89747
1.07 -7.89212
1.08 -7.88676
1.09 -7.88138
1.1 -7.87598
1.11 -7.87057
1.12 -7.86515
1.13 -7.85971
1.14 -7.85426
1.15 -7.84878
1.16 -7.8433
1.17 -7.8378
1.18 -7.83228
1.19 -7.82674
1.2 -7.82119
1.21 -7.81562
1.22 -7.81003
1.23 -7.80443
1.24 -7.79881
1.25 -7.79317
1.26 -7.78751
1.27 -7.78183
1.28 -7.77614
1.29 -7.77042
1.3 -7.76469
1.31 -7.75894
1.32 -7.75316
1.33 -7.74737
1.34 -7.74156
1.35 -7.73572
1.36 -7.72987
1.37 -7.72399
1.38 -7.71809
1.39 -7.71217
1.4 -7.70623
1.41 -7.70026
1.42 -7.69427
1.43 -7.68825
1.44 -7.68222
1.45 -7.67615
1.46 -7.67007
1.47 -7.66395
1.48 -7.65782
1.49 -7.65165
1.5 -7.64546
1.51 -7.63924
1.52 -7.633
1.53 -7.62672
1.54 -7.62042
1.55 -7.61409
1.56 -7.60773
1.57 -7.60134
1.58 -7.59492
1.59 -7.58847
1.6 -7.58199
1.61 -7.57547
1.62 -7.56893
1.63 -7.56235
1.64 -7.55573
1.65 -7.54909
1.66 -7.54241
1.67 -7.53569
1.68 -7.52894
1.69 -7.52215
1.7 -7.51533
1.71 -7.50847
1.72 -7.50157
1.73 -7.49463
1.74 -7.48766
1.75 -7.48064
1.76 -7.47359
1.77 -7.46649
1.78 -7.45935
1.79 -7.45217
1.8 -7.44495
1.81 -7.43769
1.82 -7.43038
1.83 -7.42303
1.84 -7.41563
1.85 -7.40819
1.86 -7.4007
1.87 -7.39317
1.88 -7.38559
1.89 -7.37796
1.9 -7.37028
1.91 -7.36256
1.92 -7.35479
1.93 -7.34696
1.94 -7.33909
1.95 -7.33116
1.96 -7.32319
1.97 -7.31516
1.98 -7.30708
1.99 -7.29894
2 -7.29075
2.01 -7.28251
2.02 -7.27422
2.03 -7.26587
2.04 -7.25746
2.05 -7.249
2.06 -7.24048
2.07 -7.23191
2.08 -7.22328
2.09 -7.21459
2.1 -7.20585
2.11 -7.19704
2.12 -7.18818
2.13 -7.17926
2.14 -7.17028
2.15 -7.16125
2.16 -7.15215
2.17 -7.14299
2.18 -7.13378
2.19 -7.12451
2.2 -7.11517
2.21 -7.10578
2.22 -7.09633
2.23 -7.08681
2.24 -7.07724
2.25 -7.06761
2.26 -7.05792
2.27 -7.04817
2.28 -7.03837
2.29 -7.0285
2.3 -7.01858
2.31 -7.0086
2.32 -6.99856
2.33 -6.98846
2.34 -6.97831
2.35 -6.9681
2.36 -6.95783
2.37 -6.94752
2.38 -6.93714
2.39 -6.92672
2.4 -6.91624
2.41 -6.90571
2.42 -6.89513
2.43 -6.8845
2.44 -6.87382
2.45 -6.86309
2.46 -6.85231
2.47 -6.84149
2.48 -6.83063
2.49 -6.81972
2.5 -6.80877
2.51 -6.79779
2.52 -6.78676
2.53 -6.77569
2.54 -6.76459
2.55 -6.75346
2.56 -6.74229
2.57 -6.73109
2.58 -6.71987
2.59 -6.70861
2.6 -6.69734
2.61 -6.68603
2.62 -6.67471
2.63 -6.66337
2.64 -6.65201
2.65 -6.64064
2.66 -6.62925
2.67 -6.61785
2.68 -6.60645
2.69 -6.59504
2.7 -6.58362
2.71 -6.57221
2.72 -6.56079
2.73 -6.54938
2.74 -6.53798
2.75 -6.52658
2.76 -6.5152
2.77 -6.50383
2.78 -6.49248
2.79 -6.48114
2.8 -6.46983
2.81 -6.45854
2.82 -6.44728
2.83 -6.43605
2.84 -6.42485
2.85 -6.41369
2.86 -6.40256
2.87 -6.39148
2.88 -6.38043
2.89 -6.36944
2.9 -6.35849
2.91 -6.34759
2.92 -6.33674
2.93 -6.32595
2.94 -6.31522
2.95 -6.30455
2.96 -6.29394
2.97 -6.2834
2.98 -6.27293
2.99 -6.26252
3 -6.25219
3.01 -6.24193
3.02 -6.23175
3.03 -6.22165
3.04 -6.21162
3.05 -6.20168
3.06 -6.19183
3.07 -6.18206
3.08 -6.17238
3.09 -6.16279
3.1 -6.15329
3.11 -6.14388
3.12 -6.13457
3.13 -6.12535
3.14 -6.11623
3.15 -6.10721
3.16 -6.09829
3.17 -6.08946
3.18 -6.08074
3.19 -6.07212
3.2 -6.06361
3.21 -6.0552
3.22 -6.04689
3.23 -6.03869
3.24 -6.0306
3.25 -6.02261
3.26 -6.01473
3.27 -6.00695
3.28 -5.99929
3.29 -5.99173
3.3 -5.98428
3.31 -5.97693
3.32 -5.9697
3.33 -5.96257
3.34 -5.95555
3.35 -5.94863
3.36 -5.94182
3.37 -5.93512
3.38 -5.92853
3.39 -5.92204
3.4 -5.91566
3.41 -5.90938
3.42 -5.90321
3.43 -5.89714
3.44 -5.89117
3.45 -5.88531
3.46 -5.87954
3.47 -5.87388
3.48 -5.86832
3.49 -5.86285
3.5 -5.85748
3.51 -5.85221
3.52 -5.84704
3.53 -5.84196
3.54 -5.83698
3.55 -5.83209
3.56 -5.82729
3.57 -5.82258
3.58 -5.81796
3.59 -5.81343
3.6 -5.80898
3.61 -5.80463
3.62 -5.80035
3.63 -5.79617
3.64 -5.79206
3.65 -5.78804
3.66 -5.78409
3.67 -5.78023
3.68 -5.77644
3.69 -5.77273
3.7 -5.7691
3.71 -5.76554
3.72 -5.76206
3.73 -5.75864
3.74 -5.7553
3.75 -5.75202
3.76 -5.74882
3.77 -5.74568
3.78 -5.74261
3.79 -5.7396
3.8 -5.73666
3.81 -5.73377
3.82 -5.73095
3.83 -5.72819
3.84 -5.72549
3.85 -5.72285
3.86 -5.72026
3.87 -5.71773
3.88 -5.71526
3.89 -5.71284
3.9 -5.71047
3.91 -5.70815
3.92 -5.70588
3.93 -5.70367
3.94 -5.7015
3.95 -5.69938
3.96 -5.6973
3.97 -5.69527
3.98 -5.69329
3.99 -5.69134
4 -5.68945
4.01 -5.68759
4.02 -5.68577
4.03 -5.684
4.04 -5.68226
4.05 -5.68056
4.06 -5.6789
4.07 -5.67728
4.08 -5.67569
4.09 -5.67414
4.1 -5.67262
4.11 -5.67113
4.12 -5.66968
4.13 -5.66826
4.14 -5.66687
4.15 -5.66552
4.16 -5.66419
4.17 -5.66289
4.18 -5.66162
4.19 -5.66037
4.2 -5.65916
4.21 -5.65797
4.22 -5.65681
4.23 -5.65567
4.24 -5.65456
4.25 -5.65347
4.26 -5.65241
4.27 -5.65136
4.28 -5.65035
4.29 -5.64935
4.3 -5.64837
4.31 -5.64742
4.32 -5.64648
4.33 -5.64557
4.34 -5.64468
4.35 -5.6438
4.36 -5.64294
4.37 -5.6421
4.38 -5.64128
4.39 -5.64048
4.4 -5.63969
4.41 -5.63892
4.42 -5.63816
4.43 -5.63742
4.44 -5.6367
4.45 -5.63599
4.46 -5.63529
4.47 -5.63461
4.48 -5.63394
4.49 -5.63329
4.5 -5.63265
4.51 -5.63202
4.52 -5.6314
4.53 -5.6308
4.54 -5.63021
4.55 -5.62962
4.56 -5.62905
4.57 -5.62849
4.58 -5.62794
4.59 -5.62741
4.6 -5.62688
4.61 -5.62636
4.62 -5.62585
4.63 -5.62535
4.64 -5.62485
4.65 -5.62437
4.66 -5.62389
4.67 -5.62343
4.68 -5.62297
4.69 -5.62252
4.7 -5.62207
4.71 -5.62164
4.72 -5.62121
4.73 -5.62078
4.74 -5.62037
4.75 -5.61996
4.76 -5.61956
4.77 -5.61916
4.78 -5.61877
4.79 -5.61838
4.8 -5.618
4.81 -5.61763
4.82 -5.61726
4.83 -5.61689
4.84 -5.61653
4.85 -5.61618
4.86 -5.61582
4.87 -5.61548
4.88 -5.61514
4.89 -5.6148
4.9 -5.61446
4.91 -5.61413
4.92 -5.61381
4.93 -5.61348
4.94 -5.61316
4.95 -5.61285
4.96 -5.61253
4.97 -5.61222
4.98 -5.61191
4.99 -5.61161
5 -5.61131
5.01 -5.61101
5.02 -5.61071
5.03 -5.61041
5.04 -5.61012
5.05 -5.60983
5.06 -5.60954
5.07 -5.60926
5.08 -5.60897
5.09 -5.60869
5.1 -5.6084
5.11 -5.60812
5.12 -5.60784
5.13 -5.60757
5.14 -5.60729
5.15 -5.60701
5.16 -5.60674
5.17 -5.60647
5.18 -5.60619
5.19 -5.60592
5.2 -5.60565
5.21 -5.60538
5.22 -5.60511
5.23 -5.60484
5.24 -5.60457
5.25 -5.6043
5.26 -5.60403
5.27 -5.60376
5.28 -5.6035
5.29 -5.60323
5.3 -5.60296
5.31 -5.60269
5.32 -5.60242
5.33 -5.60215
5.34 -5.60188
5.35 -5.60161
5.36 -5.60134
5.37 -5.60107
5.38 -5.6008
5.39 -5.60053
5.4 -5.60026
5.41 -5.59999
5.42 -5.59971
5.43 -5.59944
5.44 -5.59916
5.45 -5.59889
5.46 -5.59861
5.47 -5.59833
5.48 -5.59805
5.49 -5.59777
5.5 -5.59749
5.51 -5.5972
5.52 -5.59692
5.53 -5.59663
5.54 -5.59635
5.55 -5.59606
5.56 -5.59577
5.57 -5.59548
5.58 -5.59519
5.59 -5.59489
5.6 -5.59459
5.61 -5.5943
5.62 -5.594
5.63 -5.5937
5.64 -5.59339
5.65 -5.59309
5.66 -5.59278
5.67 -5.59248
5.68 -5.59217
5.69 -5.59185
5.7 -5.59154
5.71 -5.59122
5.72 -5.59091
5.73 -5.59059
5.74 -5.59026
5.75 -5.58994
5.76 -5.58961
5.77 -5.58929
5.78 -5.58896
5.79 -5.58862
5.8 -5.58829
5.81 -5.58795
5.82 -5.58761
5.83 -5.58727
5.84 -5.58693
5.85 -5.58658
5.86 -5.58623
5.87 -5.58588
5.88 -5.58553
5.89 -5.58518
5.9 -5.58482
5.91 -5.58446
5.92 -5.5841
5.93 -5.58373
5.94 -5.58337
5.95 -5.583
5.96 -5.58263
5.97 -5.58226
5.98 -5.58188
5.99 -5.5815
6 -5.58112
6.01 -5.58074
6.02 -5.58036
6.03 -5.57997
6.04 -5.57958
6.05 -5.57919
6.06 -5.5788
6.07 -5.5784
6.08 -5.57801
6.09 -5.57761
6.1 -5.57721
6.11 -5.5768
6.12 -5.5764
6.13 -5.57599
6.14 -5.57558
6.15 -5.57517
6.16 -5.57475
6.17 -5.57434
6.18 -5.57392
6.19 -5.5735
6.2 -5.57308
6.21 -5.57266
6.22 -5.57224
6.23 -5.57181
6.24 -5.57138
6.25 -5.57095
6.26 -5.57052
6.27 -5.57009
6.28 -5.56966
6.29 -5.56922
6.3 -5.56879
6.31 -5.56835
6.32 -5.56791
6.33 -5.56747
6.34 -5.56703
6.35 -5.56659
6.36 -5.56614
6.37 -5.5657
6.38 -5.56525
6.39 -5.56481
6.4 -5.56436
6.41 -5.56391
6.42 -5.56346
6.43 -5.56301
6.44 -5.56255
6.45 -5.5621
6.46 -5.56165
6.47 -5.56119
6.48 -5.56074
6.49 -5.56028
6.5 -5.55982
6.51 -5.55936
6.52 -5.5589
6.53 -5.55844
6.54 -5.55798
6.55 -5.55751
6.56 -5.55705
6.57 -5.55658
6.58 -5.55611
6.59 -5.55564
6.6 -5.55517
6.61 -5.5547
6.62 -5.55423
6.63 -5.55375
6.64 -5.55327
6.65 -5.55279
6.66 -5.55231
6.67 -5.55182
6.68 -5.55133
6.69 -5.55084
6.7 -5.55035
6.71 -5.54985
6.72 -5.54935
6.73 -5.54885
6.74 -5.54834
6.75 -5.54782
6.76 -5.5473
6.77 -5.54678
6.78 -5.54625
6.79 -5.54572
6.8 -5.54518
6.81 -5.54464
6.82 -5.54408
6.83 -5.54352
6.84 -5.54296
6.85 -5.54238
6.86 -5.5418
6.87 -5.54121
6.88 -5.54061
6.89 -5.54
6.9 -5.53938
6.91 -5.53876
6.92 -5.53812
6.93 -5.53747
6.94 -5.5368
6.95 -5.53613
6.96 -5.53544
6.97 -5.53474
6.98 -5.53403
6.99 -5.53331
7 -5.53256
7.01 -5.53181
7.02 -5.53104
7.03 -5.53025
7.04 -5.52945
7.05 -5.52863
7.06 -5.5278
7.07 -5.52695
7.08 -5.52608
7.09 -5.52519
7.1 -5.52429
7.11 -5.52336
7.12 -5.52242
7.13 -5.52146
7.14 -5.52048
7.15 -5.51948
7.16 -5.51846
7.17 -5.51742
7.18 -5.51637
7.19 -5.51529
7.2 -5.51419
7.21 -5.51308
7.22 -5.51195
7.23 -5.51079
7.24 -5.50962
7.25 -5.50843
7.26 -5.50722
7.27 -5.506
7.28 -5.50476
7.29 -5.5035
7.3 -5.50223
7.31 -5.50094
7.32 -5.49964
7.33 -5.49833
7.34 -5.49701
7.35 -5.49567
7.36 -5.49433
7.37 -5.49298
7.38 -5.49162
7.39 -5.49026
7.4 -5.4889
7.41 -5.48753
7.42 -5.48617
7.43 -5.48481
7.44 -5.48345
7.45 -5.4821
7.46 -5.48076
7.47 -5.47943
7.48 -5.47812
7.49 -5.47683
7.5 -5.47555
7.51 -5.4743
7.52 -5.47307
7.53 -5.47188
7.54 -5.47071
7.55 -5.46959
7.56 -5.4685
7.57 -5.46745
7.58 -5.46646
7.59 -5.46551
7.6 -5.46462
7.61 -5.46378
7.62 -5.46301
7.63 -5.46231
7.64 -5.46168
7.65 -5.46112
7.66 -5.46064
7.67 -5.46025
7.68 -5.45995
7.69 -5.45974
7.7 -5.45963
7.71 -5.45962
7.72 -5.45972
7.73 -5.45993
7.74 -5.46026
7.75 -5.46071
7.76 -5.46128
7.77 -5.46199
7.78 -5.46283
7.79 -5.46381
7.8 -5.46494
7.81 -5.46621
7.82 -5.46764
7.83 -5.46923
7.84 -5.47097
7.85 -5.47289
7.86 -5.47497
7.87 -5.47723
7.88 -5.47967
7.89 -5.48228
7.9 -5.48508
7.91 -5.48808
7.92 -5.49126
7.93 -5.49463
7.94 -5.49821
7.95 -5.50198
7.96 -5.50596
7.97 -5.51014
7.98 -5.51453
7.99 -5.51912
8 -5.52393
8.01 -5.52895
8.02 -5.53418
8.03 -5.53962
8.04 -5.54528
8.05 -5.55116
8.06 -5.55724
8.07 -5.56355
8.08 -5.57007
8.09 -5.5768
8.1 -5.58374
8.11 -5.5909
8.12 -5.59827
8.13 -5.60585
8.14 -5.61364
8.15 -5.62163
8.16 -5.62982
8.17 -5.63822
8.18 -5.64682
8.19 -5.65561
8.2 -5.66459
8.21 -5.67376
8.22 -5.68312
8.23 -5.69266
8.24 -5.70237
8.25 -5.71226
8.26 -5.72232
8.27 -5.73255
8.28 -5.74294
8.29 -5.75348
8.3 -5.76417
8.31 -5.77501
8.32 -5.78599
8.33 -5.79711
8.34 -5.80836
8.35 -5.81974
8.36 -5.83123
8.37 -5.84285
8.38 -5.85457
8.39 -5.8664
8.4 -5.87832
8.41 -5.89035
8.42 -5.90246
8.43 -5.91466
8.44 -5.92693
8.45 -5.93928
8.46 -5.9517
8.47 -5.96418
8.48 -5.97672
8.49 -5.98931
8.5 -6.00196
8.51 -6.01464
8.52 -6.02737
8.53 -6.04013
8.54 -6.05292
8.55 -6.06574
8.56 -6.07858
8.57 -6.09144
8.58 -6.10431
8.59 -6.1172
8.6 -6.13009
8.61 -6.14298
8.62 -6.15587
8.63 -6.16875
8.64 -6.18163
8.65 -6.1945
8.66 -6.20736
8.67 -6.2202
8.68 -6.23302
8.69 -6.24581
8.7 -6.25859
8.71 -6.27133
8.72 -6.28405
8.73 -6.29674
8.74 -6.30939
8.75 -6.32201
8.76 -6.33459
8.77 -6.34713
8.78 -6.35963
8.79 -6.37209
8.8 -6.38451
8.81 -6.39688
8.82 -6.40921
8.83 -6.42148
8.84 -6.43371
8.85 -6.44589
8.86 -6.45802
8.87 -6.47009
8.88 -6.48212
8.89 -6.49409
8.9 -6.50601
8.91 -6.51787
8.92 -6.52968
8.93 -6.54143
8.94 -6.55312
8.95 -6.56476
8.96 -6.57634
8.97 -6.58787
8.98 -6.59933
8.99 -6.61074
9 -6.62209
9.01 -6.63338
9.02 -6.64462
9.03 -6.65579
9.04 -6.66691
9.05 -6.67796
9.06 -6.68896
9.07 -6.6999
9.08 -6.71077
9.09 -6.72159
9.1 -6.73235
9.11 -6.74305
9.12 -6.7537
9.13 -6.76428
9.14 -6.7748
9.15 -6.78527
9.16 -6.79567
9.17 -6.80602
9.18 -6.81631
9.19 -6.82654
9.2 -6.83671
9.21 -6.84683
9.22 -6.85689
9.23 -6.86689
9.24 -6.87683
9.25 -6.88671
9.26 -6.89654
9.27 -6.90631
9.28 -6.91603
9.29 -6.92568
9.3 -6.93529
9.31 -6.94483
9.32 -6.95432
9.33 -6.96375
9.34 -6.97313
9.35 -6.98246
9.36 -6.99173
9.37 -7.00094
9.38 -7.0101
9.39 -7.01921
9.4 -7.02826
9.41 -7.03726
9.42 -7.0462
9.43 -7.05509
9.44 -7.06393
9.45 -7.07272
9.46 -7.08145
9.47 -7.09013
9.48 -7.09876
9.49 -7.10734
9.5 -7.11586
9.51 -7.12434
9.52 -7.13276
9.53 -7.14113
9.54 -7.14946
9.55 -7.15773
9.56 -7.16595
9.57 -7.17412
9.58 -7.18225
9.59 -7.19032
9.6 -7.19835
9.61 -7.20632
9.62 -7.21425
9.63 -7.22213
9.64 -7.22996
9.65 -7.23775
9.66 -7.24548
9.67 -7.25318
9.68 -7.26082
9.69 -7.26842
9.7 -7.27597
9.71 -7.28347
9.72 -7.29093
9.73 -7.29834
9.74 -7.30571
9.75 -7.31304
9.76 -7.32032
9.77 -7.32755
9.78 -7.33474
9.79 -7.34189
9.8 -7.34899
9.81 -7.35605
9.82 -7.36307
9.83 -7.37005
9.84 -7.37698
9.85 -7.38387
9.86 -7.39072
9.87 -7.39753
9.88 -7.40429
9.89 -7.41102
9.9 -7.4177
9.91 -7.42434
9.92 -7.43095
9.93 -7.43751
9.94 -7.44404
9.95 -7.45052
9.96 -7.45697
9.97 -7.46338
9.98 -7.46974
9.99 -7.47607
10 -7.48237
10.001 -10
