0 5
0.01 4.08232
0.02 4.08311
0.03 4.0839
0.04 4.08469
0.05 4.08549
0.06 4.0863
0.07 4.08711
0.08 4.08792
0.09 4.08874
0.1 4.08956
0.11 4.09039
0.12 4.09123
0.13 4.09207
0.14 4.09291
0.15 4.09376
0.16 4.09462
0.17 4.09548
0.18 4.09635
0.19 4.09722
0.2 4.0981
0.21 4.09898
0.22 4.09987
0.23 4.10077
0.24 4.10167
0.25 4.10257
0.26 4.10348
0.27 4.1044
0.28 4.10533
0.29 4.10625
0.3 4.10719
0.31 4.10813
0.32 4.10908
0.33 4.11003
0.34 4.11099
0.35 4.11196
0.36 4.11293
0.37 4.11391
0.38 4.11489
0.39 4.11589
0.4 4.11688
0.41 4.11789
0.42 4.1189
0.43 4.11992
0.44 4.12094
0.45 4.12197
0.46 4.12301
0.47 4.12406
0.48 4.12511
0.49 4.12617
0.5 4.12723
0.51 4.12831
0.52 4.12939
0.53 4.13047
0.54 4.13157
0.55 4.13267
0.56 4.13378
0.57 4.1349
0.58 4.13602
0.59 4.13716
0.6 4.1383
0.61 4.13944
0.62 4.1406
0.63 4.14176
0.64 4.14294
0.65 4.14411
0.66 4.1453
0.67 4.1465
0.68 4.1477
0.69 4.14892
0.7 4.15014
0.71 4.15137
0.72 4.1526
0.73 4.15385
0.74 4.15511
0.75 4.15637
0.76 4.15764
0.77 4.15893
0.78 4.16022
0.79 4.16152
0.8 4.16283
0.81 4.16414
0.82 4.16547
0.83 4.16681
0.84 4.16816
0.85 4.16951
0.86 4.17088
0.87 4.17225
0.88 4.17364
0.89 4.17504
0.9 4.17644
0.91 4.17786
0.92 4.17928
0.93 4.18072
0.94 4.18217
0.95 4.18362
0.96 4.18509
0.97 4.18657
0.98 4.18806
0.99 4.18956
1 4.19107
1.01 4.19259
1.02 4.19413
1.03 4.19567
1.04 4.19723
1.05 4.1988
1.06 4.20038
1.07 4.20197
1.08 4.20357
1.09 4.20519
1.1 4.20681
1.11 4.20845
1.12 4.21011
1.13 4.21177
1.14 4.21345
1.15 4.21514
1.16 4.21684
1.17 4.21855
1.18 4.22028
1.19 4.22202
1.2 4.22378
1.21 4.22554
1.22 4.22733
1.23 4.22912
1.24 4.23093
1.25 4.23275
1.26 4.23459
1.27 4.23644
1.28 4.23831
1.29 4.24019
1.3 4.24209
1.31 4.244
1.32 4.24592
1.33 4.24786
1.34 4.24982
1.35 4.25179
1.36 4.25378
1.37 4.25578
1.38 4.2578
1.39 4.25984
1.4 4.26189
1.41 4.26396
1.42 4.26605
1.43 4.26815
1.44 4.27027
1.45 4.27241
1.46 4.27456
1.47 4.27674
1.48 4.27893
1.49 4.28114
1.5 4.28336
1.51 4.28561
1.52 4.28788
1.53 4.29016
1.54 4.29247
1.55 4.29479
1.56 4.29714
1.57 4.2995
1.58 4.30189
1.59 4.30429
1.6 4.30672
1.61 4.30917
1.62 4.31164
1.63 4.31413
1.64 4.31664
1.65 4.31918
1.66 4.32174
1.67 4.32432
1.68 4.32693
1.69 4.32955
1.7 4.33221
1.71 4.33489
1.72 4.33759
1.73 4.34032
1.74 4.34307
1.75 4.34585
1.76 4.34865
1.77 4.35148
1.78 4.35434
1.79 4.35723
1.8 4.36014
1.81 4.36308
1.82 4.36605
1.83 4.36905
1.84 4.37208
1.85 4.37513
1.86 4.37822
1.87 4.38134
1.88 4.38449
1.89 4.38767
1.9 4.39088
1.91 4.39412
1.92 4.3974
1.93 4.40071
1.94 4.40405
1.95 4.40743
1.96 4.41084
1.97 4.41429
1.98 4.41778
1.99 4.4213
2 4.42485
2.01 4.42845
2.02 4.43208
2.03 4.43575
2.04 4.43945
2.05 4.4432
2.06 4.44699
2.07 4.45081
2.08 4.45468
2.09 4.45859
2.1 4.46254
2.11 4.46653
2.12 4.47057
2.13 4.47465
2.14 4.47877
2.15 4.48294
2.16 4.48715
2.17 4.4914
2.18 4.49571
2.19 4.50006
2.2 4.50445
2.21 4.5089
2.22 4.51339
2.23 4.51793
2.24 4.52252
2.25 4.52716
2.26 4.53184
2.27 4.53658
2.28 4.54137
2.29 4.54621
2.3 4.5511
2.31 4.55605
2.32 4.56104
2.33 4.56609
2.34 4.57119
2.35 4.57635
2.36 4.58155
2.37 4.58682
2.38 4.59213
2.39 4.5975
2.4 4.60293
2.41 4.60841
2.42 4.61394
2.43 4.61953
2.44 4.62518
2.45 4.63088
2.46 4.63664
2.47 4.64245
2.48 4.64831
2.49 4.65424
2.5 4.66021
2.51 4.66624
2.52 4.67233
2.53 4.67847
2.54 4.68467
2.55 4.69092
2.56 4.69722
2.57 4.70358
2.58 4.70999
2.59 4.71645
2.6 4.72297
2.61 4.72954
2.62 4.73615
2.63 4.74282
2.64 4.74954
2.65 4.7563
2.66 4.76312
2.67 4.76998
2.68 4.77689
2.69 4.78384
2.7 4.79084
2.71 4.79788
2.72 4.80496
2.73 4.81208
2.74 4.81925
2.75 4.82645
2.76 4.83369
2.77 4.84096
2.78 4.84827
2.79 4.85561
2.8 4.86299
2.81 4.87039
2.82 4.87783
2.83 4.88529
2.84 4.89277
2.85 4.90028
2.86 4.90782
2.87 4.91537
2.88 4.92294
2.89 4.93053
2.9 4.93813
2.91 4.94575
2.92 4.95338
2.93 4.96102
2.94 4.96867
2.95 4.97632
2.96 4.98398
2.97 4.99164
2.98 4.9993
2.99 5.00696
3 5.01462
3.01 5.02227
3.02 5.02991
3.03 5.03755
3.04 5.04517
3.05 5.05279
3.06 5.06038
3.07 5.06797
3.08 5.07553
3.09 5.08308
3.1 5.0906
3.11 5.0981
3.12 5.10558
3.13 5.11303
3.14 5.12046
3.15 5.12785
3.16 5.13522
3.17 5.14255
3.18 5.14985
3.19 5.15711
3.2 5.16434
3.21 5.17153
3.22 5.17868
3.23 5.18579
3.24 5.19286
3.25 5.19989
3.26 5.20687
3.27 5.21381
3.28 5.22071
3.29 5.22756
3.3 5.23436
3.31 5.24112
3.32 5.24782
3.33 5.25448
3.34 5.26109
3.35 5.26764
3.36 5.27415
3.37 5.2806
3.38 5.287
3.39 5.29335
3.4 5.29965
3.41 5.30589
3.42 5.31208
3.43 5.31821
3.44 5.32429
3.45 5.33032
3.46 5.33629
3.47 5.3422
3.48 5.34806
3.49 5.35387
3.5 5.35962
3.51 5.36532
3.52 5.37096
3.53 5.37654
3.54 5.38207
3.55 5.38755
3.56 5.39297
3.57 5.39834
3.58 5.40365
3.59 5.40891
3.6 5.41412
3.61 5.41927
3.62 5.42437
3.63 5.42941
3.64 5.4344
3.65 5.43934
3.66 5.44423
3.67 5.44907
3.68 5.45385
3.69 5.45859
3.7 5.46327
3.71 5.4679
3.72 5.47248
3.73 5.47702
3.74 5.4815
3.75 5.48594
3.76 5.49033
3.77 5.49467
3.78 5.49896
3.79 5.50321
3.8 5.50741
3.81 5.51156
3.82 5.51567
3.83 5.51973
3.84 5.52375
3.85 5.52773
3.86 5.53166
3.87 5.53555
3.88 5.5394
3.89 5.5432
3.9 5.54697
3.91 5.55069
3.92 5.55437
3.93 5.55801
3.94 5.56162
3.95 5.56518
3.96 5.56871
3.97 5.57219
3.98 5.57564
3.99 5.57905
4 5.58243
4.01 5.58577
4.02 5.58907
4.03 5.59234
4.04 5.59557
4.05 5.59877
4.06 5.60194
4.07 5.60507
4.08 5.60817
4.09 5.61123
4.1 5.61427
4.11 5.61727
4.12 5.62024
4.13 5.62318
4.14 5.62609
4.15 5.62897
4.16 5.63182
4.17 5.63464
4.18 5.63743
4.19 5.64019
4.2 5.64293
4.21 5.64563
4.22 5.64831
4.23 5.65097
4.24 5.65359
4.25 5.65619
4.26 5.65877
4.27 5.66132
4.28 5.66384
4.29 5.66634
4.3 5.66881
4.31 5.67126
4.32 5.67369
4.33 5.6761
4.34 5.67848
4.35 5.68083
4.36 5.68317
4.37 5.68548
4.38 5.68777
4.39 5.69004
4.4 5.69229
4.41 5.69452
4.42 5.69673
4.43 5.69891
4.44 5.70108
4.45 5.70323
4.46 5.70536
4.47 5.70747
4.48 5.70955
4.49 5.71163
4.5 5.71368
4.51 5.71571
4.52 5.71773
4.53 5.71973
4.54 5.72171
4.55 5.72367
4.56 5.72562
4.57 5.72755
4.58 5.72947
4.59 5.73136
4.6 5.73325
4.61 5.73511
4.62 5.73696
4.63 5.7388
4.64 5.74062
4.65 5.74242
4.66 5.74421
4.67 5.74599
4.68 5.74775
4.69 5.7495
4.7 5.75123
4.71 5.75295
4.72 5.75466
4.73 5.75635
4.74 5.75803
4.75 5.7597
4.76 5.76135
4.77 5.763
4.78 5.76462
4.79 5.76624
4.8 5.76785
4.81 5.76944
4.82 5.77102
4.83 5.77259
4.84 5.77415
4.85 5.77569
4.86 5.77723
4.87 5.77875
4.88 5.78027
4.89 5.78177
4.9 5.78326
4.91 5.78474
4.92 5.78621
4.93 5.78767
4.94 5.78913
4.95 5.79057
4.96 5.792
4.97 5.79342
4.98 5.79483
4.99 5.79623
5 5.79763
5.01 5.79901
5.02 5.80039
5.03 5.80175
5.04 5.80311
5.05 5.80446
5.06 5.8058
5.07 5.80713
5.08 5.80845
5.09 5.80977
5.1 5.81107
5.11 5.81237
5.12 5.81366
5.13 5.81495
5.14 5.81622
5.15 5.81749
5.16 5.81875
5.17 5.82
5.18 5.82125
5.19 5.82248
5.2 5.82371
5.21 5.82494
5.22 5.82615
5.23 5.82736
5.24 5.82856
5.25 5.82976
5.26 5.83095
5.27 5.83213
5.28 5.8333
5.29 5.83447
5.3 5.83563
5.31 5.83679
5.32 5.83794
5.33 5.83908
5.34 5.84022
5.35 5.84135
5.36 5.84248
5.37 5.8436
5.38 5.84471
5.39 5.84582
5.4 5.84692
5.41 5.84801
5.42 5.8491
5.43 5.85019
5.44 5.85126
5.45 5.85234
5.46 5.8534
5.47 5.85447
5.48 5.85552
5.49 5.85657
5.5 5.85762
5.51 5.85866
5.52 5.8597
5.53 5.86073
5.54 5.86175
5.55 5.86277
5.56 5.86379
5.57 5.8648
5.58 5.8658
5.59 5.8668
5.6 5.86779
5.61 5.86878
5.62 5.86977
5.63 5.87075
5.64 5.87173
5.65 5.8727
5.66 5.87366
5.67 5.87462
5.68 5.87558
5.69 5.87653
5.7 5.87748
5.71 5.87842
5.72 5.87936
5.73 5.88029
5.74 5.88122
5.75 5.88214
5.76 5.88306
5.77 5.88398
5.78 5.88489
5.79 5.88579
5.8 5.88669
5.81 5.88759
5.82 5.88848
5.83 5.88937
5.84 5.89025
5.85 5.89113
5.86 5.892
5.87 5.89287
5.88 5.89374
5.89 5.8946
5.9 5.89545
5.91 5.89631
5.92 5.89715
5.93 5.898
5.94 5.89883
5.95 5.89967
5.96 5.9005
5.97 5.90132
5.98 5.90214
5.99 5.90296
6 5.90377
6.01 5.90457
6.02 5.90538
6.03 5.90617
6.04 5.90697
6.05 5.90775
6.06 5.90854
6.07 5.90932
6.08 5.91009
6.09 5.91086
6.1 5.91163
6.11 5.91239
6.12 5.91315
6.13 5.9139
6.14 5.91465
6.15 5.91539
6.16 5.91613
6.17 5.91686
6.18 5.91759
6.19 5.91832
6.2 5.91904
6.21 5.91975
6.22 5.92046
6.23 5.92117
6.24 5.92187
6.25 5.92257
6.26 5.92327
6.27 5.92395
6.28 5.92464
6.29 5.92532
6.3 5.926
6.31 5.92667
6.32 5.92734
6.33 5.928
6.34 5.92866
6.35 5.92932
6.36 5.92997
6.37 5.93062
6.38 5.93126
6.39 5.9319
6.4 5.93254
6.41 5.93317
6.42 5.9338
6.43 5.93443
6.44 5.93506
6.45 5.93568
6.46 5.93629
6.47 5.93691
6.48 5.93752
6.49 5.93813
6.5 5.93874
6.51 5.93934
6.52 5.93995
6.53 5.94055
6.54 5.94115
6.55 5.94175
6.56 5.94234
6.57 5.94294
6.58 5.94354
6.59 5.94413
6.6 5.94473
6.61 5.94532
6.62 5.94592
6.63 5.94651
6.64 5.94711
6.65 5.94771
6.66 5.94831
6.67 5.94891
6.68 5.94951
6.69 5.95012
6.7 5.95073
6.71 5.95134
6.72 5.95196
6.73 5.95258
6.74 5.95321
6.75 5.95384
6.76 5.95448
6.77 5.95512
6.78 5.95577
6.79 5.95642
6.8 5.95709
6.81 5.95776
6.82 5.95844
6.83 5.95912
6.84 5.95982
6.85 5.96053
6.86 5.96124
6.87 5.96197
6.88 5.96271
6.89 5.96346
6.9 5.96422
6.91 5.965
6.92 5.96579
6.93 5.96659
6.94 5.96741
6.95 5.96824
6.96 5.96909
6.97 5.96995
6.98 5.97083
6.99 5.97173
7 5.97264
7.01 5.97357
7.02 5.97452
7.03 5.97549
7.04 5.97647
7.05 5.97748
7.06 5.97851
7.07 5.97955
7.08 5.98062
7.09 5.9817
7.1 5.98281
7.11 5.98394
7.12 5.98509
7.13 5.98626
7.14 5.98745
7.15 5.98867
7.16 5.98991
7.17 5.99117
7.18 5.99245
7.19 5.99375
7.2 5.99507
7.21 5.99642
7.22 5.99778
7.23 5.99917
7.24 6.00058
7.25 6.002
7.26 6.00345
7.27 6.00492
7.28 6.0064
7.29 6.0079
7.3 6.00942
7.31 6.01095
7.32 6.0125
7.33 6.01407
7.34 6.01564
7.35 6.01723
7.36 6.01883
7.37 6.02044
7.38 6.02205
7.39 6.02367
7.4 6.02529
7.41 6.02692
7.42 6.02855
7.43 6.03017
7.44 6.03179
7.45 6.03341
7.46 6.03501
7.47 6.03661
7.48 6.03819
7.49 6.03976
7.5 6.0413
7.51 6.04283
7.52 6.04433
7.53 6.0458
7.54 6.04724
7.55 6.04864
7.56 6.05001
7.57 6.05134
7.58 6.05262
7.59 6.05385
7.6 6.05503
7.61 6.05615
7.62 6.05721
7.63 6.0582
7.64 6.05913
7.65 6.05998
7.66 6.06075
7.67 6.06144
7.68 6.06205
7.69 6.06256
7.7 6.06298
7.71 6.06329
7.72 6.06351
7.73 6.06361
7.74 6.0636
7.75 6.06346
7.76 6.06321
7.77 6.06283
7.78 6.06232
7.79 6.06166
7.8 6.06087
7.81 6.05993
7.82 6.05885
7.83 6.05761
7.84 6.05621
7.85 6.05464
7.86 6.05292
7.87 6.05102
7.88 6.04895
7.89 6.0467
7.9 6.04427
7.91 6.04166
7.92 6.03887
7.93 6.03588
7.94 6.03271
7.95 6.02933
7.96 6.02577
7.97 6.022
7.98 6.01804
7.99 6.01387
8 6.0095
8.01 6.00493
8.02 6.00016
8.03 5.99518
8.04 5.98999
8.05 5.9846
8.06 5.97901
8.07 5.97321
8.08 5.96721
8.09 5.96101
8.1 5.95461
8.11 5.94801
8.12 5.94121
8.13 5.93422
8.14 5.92704
8.15 5.91967
8.16 5.91212
8.17 5.90438
8.18 5.89646
8.19 5.88837
8.2 5.88011
8.21 5.87168
8.22 5.86309
8.23 5.85434
8.24 5.84544
8.25 5.83639
8.26 5.8272
8.27 5.81788
8.28 5.80842
8.29 5.79884
8.3 5.78914
8.31 5.77933
8.32 5.76941
8.33 5.75939
8.34 5.74927
8.35 5.73907
8.36 5.72878
8.37 5.71842
8.38 5.70799
8.39 5.69749
8.4 5.68694
8.41 5.67633
8.42 5.66569
8.43 5.655
8.44 5.64428
8.45 5.63354
8.46 5.62277
8.47 5.612
8.48 5.60121
8.49 5.59042
8.5 5.57963
8.51 5.56884
8.52 5.55808
8.53 5.54732
8.54 5.5366
8.55 5.52589
8.56 5.51522
8.57 5.50459
8.58 5.494
8.59 5.48345
8.6 5.47295
8.61 5.4625
8.62 5.45211
8.63 5.44178
8.64 5.43151
8.65 5.4213
8.66 5.41117
8.67 5.4011
8.68 5.39111
8.69 5.38119
8.7 5.37135
8.71 5.3616
8.72 5.35192
8.73 5.34233
8.74 5.33282
8.75 5.3234
8.76 5.31407
8.77 5.30483
8.78 5.29568
8.79 5.28663
8.8 5.27766
8.81 5.26879
8.82 5.26001
8.83 5.25133
8.84 5.24274
8.85 5.23425
8.86 5.22585
8.87 5.21755
8.88 5.20935
8.89 5.20124
8.9 5.19323
8.91 5.18531
8.92 5.17749
8.93 5.16976
8.94 5.16213
8.95 5.15459
8.96 5.14715
8.97 5.1398
8.98 5.13254
8.99 5.12538
9 5.11831
9.01 5.11132
9.02 5.10443
9.03 5.09763
9.04 5.09092
9.05 5.0843
9.06 5.07776
9.07 5.07131
9.08 5.06495
9.09 5.05867
9.1 5.05247
9.11 5.04636
9.12 5.04033
9.13 5.03438
9.14 5.02851
9.15 5.02272
9.16 5.01701
9.17 5.01137
9.18 5.00582
9.19 5.00033
9.2 4.99493
9.21 4.98959
9.22 4.98433
9.23 4.97914
9.24 4.97402
9.25 4.96897
9.26 4.96399
9.27 4.95907
9.28 4.95423
9.29 4.94944
9.3 4.94473
9.31 4.94007
9.32 4.93548
9.33 4.93096
9.34 4.92649
9.35 4.92208
9.36 4.91774
9.37 4.91345
9.38 4.90921
9.39 4.90504
9.4 4.90092
9.41 4.89686
9.42 4.89285
9.43 4.88889
9.44 4.88499
9.45 4.88113
9.46 4.87733
9.47 4.87358
9.48 4.86988
9.49 4.86622
9.5 4.86261
9.51 4.85905
9.52 4.85554
9.53 4.85207
9.54 4.84865
9.55 4.84527
9.56 4.84193
9.57 4.83864
9.58 4.83539
9.59 4.83218
9.6 4.82901
9.61 4.82588
9.62 4.82279
9.63 4.81973
9.64 4.81672
9.65 4.81374
9.66 4.8108
9.67 4.8079
9.68 4.80503
9.69 4.8022
9.7 4.7994
9.71 4.79664
9.72 4.79391
9.73 4.79121
9.74 4.78854
9.75 4.78591
9.76 4.78331
9.77 4.78074
9.78 4.7782
9.79 4.77568
9.8 4.7732
9.81 4.77075
9.82 4.76832
9.83 4.76593
9.84 4.76356
9.85 4.76122
9.86 4.7589
9.87 4.75661
9.88 4.75435
9.89 4.75211
9.9 4.7499
9.91 4.74771
9.92 4.74555
9.93 4.74341
9.94 4.74129
9.95 4.7392
9.96 4.73713
9.97 4.73508
9.98 4.73305
9.99 4.73105
10 4.72906
10.001 5
