0 0
0.01 0.531586
0.02 0.530758
0.03 0.529927
0.04 0.529094
0.05 0.528259
0.06 0.527421
0.07 0.526581
0.08 0.525739
0.09 0.524895
0.1 0.524048
0.11 0.523199
0.12 0.522348
0.13 0.521495
0.14 0.52064
0.15 0.519782
0.16 0.518923
0.17 0.518061
0.18 0.517197
0.19 0.516331
0.2 0.515464
0.21 0.514594
0.22 0.513722
0.23 0.512848
0.24 0.511973
0.25 0.511095
0.26 0.510216
0.27 0.509335
0.28 0.508452
0.29 0.507567
0.3 0.506681
0.31 0.505793
0.32 0.504903
0.33 0.504012
0.34 0.503119
0.35 0.502224
0.36 0.501328
0.37 0.500431
0.38 0.499532
0.39 0.498632
0.4 0.49773
0.41 0.496828
0.42 0.495924
0.43 0.495018
0.44 0.494112
0.45 0.493204
0.46 0.492296
0.47 0.491386
0.48 0.490476
0.49 0.489565
0.5 0.488652
0.51 0.487739
0.52 0.486826
0.53 0.485911
0.54 0.484996
0.55 0.484081
0.56 0.483165
0.57 0.482249
0.58 0.481332
0.59 0.480415
0.6 0.479498
0.61 0.478581
0.62 0.477663
0.63 0.476746
0.64 0.475829
0.65 0.474912
0.66 0.473995
0.67 0.473078
0.68 0.472162
0.69 0.471247
0.7 0.470332
0.71 0.469417
0.72 0.468504
0.73 0.467591
0.74 0.466679
0.75 0.465768
0.76 0.464859
0.77 0.46395
0.78 0.463043
0.79 0.462138
0.8 0.461233
0.81 0.460331
0.82 0.45943
0.83 0.458531
0.84 0.457634
0.85 0.456739
0.86 0.455847
0.87 0.454956
0.88 0.454068
0.89 0.453183
0.9 0.4523
0.91 0.45142
0.92 0.450543
0.93 0.449669
0.94 0.448798
0.95 0.447931
0.96 0.447066
0.97 0.446206
0.98 0.445349
0.99 0.444496
1 0.443647
1.01 0.442803
1.02 0.441962
1.03 0.441126
1.04 0.440295
1.05 0.439468
1.06 0.438646
1.07 0.43783
1.08 0.437018
1.09 0.436212
1.1 0.435412
1.11 0.434617
1.12 0.433828
1.13 0.433045
1.14 0.432269
1.15 0.431499
1.16 0.430735
1.17 0.429978
1.18 0.429228
1.19 0.428486
1.2 0.42775
1.21 0.427022
1.22 0.426302
1.23 0.42559
1.24 0.424886
1.25 0.42419
1.26 0.423502
1.27 0.422823
1.28 0.422153
1.29 0.421492
1.3 0.420841
1.31 0.420198
1.32 0.419566
1.33 0.418943
1.34 0.418331
1.35 0.417728
1.36 0.417137
1.37 0.416555
1.38 0.415985
1.39 0.415426
1.4 0.414879
1.41 0.414343
1.42 0.413818
1.43 0.413306
1.44 0.412806
1.45 0.412318
1.46 0.411843
1.47 0.411381
1.48 0.410932
1.49 0.410497
1.5 0.410075
1.51 0.409667
1.52 0.409272
1.53 0.408892
1.54 0.408527
1.55 0.408176
1.56 0.407839
1.57 0.407518
1.58 0.407213
1.59 0.406922
1.6 0.406648
1.61 0.40639
1.62 0.406147
1.63 0.405921
1.64 0.405712
1.65 0.40552
1.66 0.405344
1.67 0.405186
1.68 0.405045
1.69 0.404922
1.7 0.404816
1.71 0.404729
1.72 0.40466
1.73 0.404609
1.74 0.404577
1.75 0.404564
1.76 0.404569
1.77 0.404594
1.78 0.404638
1.79 0.404702
1.8 0.404785
1.81 0.404888
1.82 0.405011
1.83 0.405154
1.84 0.405317
1.85 0.405501
1.86 0.405705
1.87 0.40593
1.88 0.406176
1.89 0.406442
1.9 0.40673
1.91 0.407038
1.92 0.407368
1.93 0.407719
1.94 0.408092
1.95 0.408486
1.96 0.408901
1.97 0.409338
1.98 0.409797
1.99 0.410277
2 0.410779
2.01 0.411303
2.02 0.411848
2.03 0.412416
2.04 0.413004
2.05 0.413615
2.06 0.414247
2.07 0.414901
2.08 0.415577
2.09 0.416274
2.1 0.416992
2.11 0.417732
2.12 0.418494
2.13 0.419276
2.14 0.42008
2.15 0.420904
2.16 0.42175
2.17 0.422616
2.18 0.423502
2.19 0.424409
2.2 0.425337
2.21 0.426284
2.22 0.427251
2.23 0.428237
2.24 0.429243
2.25 0.430268
2.26 0.431312
2.27 0.432375
2.28 0.433456
2.29 0.434554
2.3 0.435671
2.31 0.436805
2.32 0.437956
2.33 0.439124
2.34 0.440308
2.35 0.441509
2.36 0.442725
2.37 0.443956
2.38 0.445202
2.39 0.446463
2.4 0.447738
2.41 0.449027
2.42 0.450329
2.43 0.451645
2.44 0.452972
2.45 0.454312
2.46 0.455663
2.47 0.457026
2.48 0.458399
2.49 0.459783
2.5 0.461177
2.51 0.462579
2.52 0.463991
2.53 0.465412
2.54 0.46684
2.55 0.468276
2.56 0.46972
2.57 0.47117
2.58 0.472626
2.59 0.474088
2.6 0.475555
2.61 0.477028
2.62 0.478505
2.63 0.479986
2.64 0.481471
2.65 0.48296
2.66 0.484451
2.67 0.485945
2.68 0.487442
2.69 0.48894
2.7 0.49044
2.71 0.491941
2.72 0.493444
2.73 0.494947
2.74 0.49645
2.75 0.497954
2.76 0.499458
2.77 0.500962
2.78 0.502465
2.79 0.503968
2.8 0.50547
2.81 0.506972
2.82 0.508473
2.83 0.509972
2.84 0.511471
2.85 0.512968
2.86 0.514465
2.87 0.51596
2.88 0.517454
2.89 0.518947
2.9 0.52044
2.91 0.521931
2.92 0.523422
2.93 0.524912
2.94 0.526401
2.95 0.52789
2.96 0.529379
2.97 0.530868
2.98 0.532358
2.99 0.533848
3 0.535338
3.01 0.53683
3.02 0.538323
3.03 0.539817
3.04 0.541314
3.05 0.542813
3.06 0.544314
3.07 0.545818
3.08 0.547326
3.09 0.548837
3.1 0.550352
3.11 0.551872
3.12 0.553397
3.13 0.554927
3.14 0.556462
3.15 0.558004
3.16 0.559552
3.17 0.561106
3.18 0.562669
3.19 0.564238
3.2 0.565816
3.21 0.567403
3.22 0.568998
3.23 0.570603
3.24 0.572218
3.25 0.573843
3.26 0.575479
3.27 0.577125
3.28 0.578784
3.29 0.580454
3.3 0.582136
3.31 0.583831
3.32 0.585539
3.33 0.58726
3.34 0.588995
3.35 0.590744
3.36 0.592508
3.37 0.594286
3.38 0.59608
3.39 0.597889
3.4 0.599713
3.41 0.601554
3.42 0.603411
3.43 0.605285
3.44 0.607176
3.45 0.609084
3.46 0.61101
3.47 0.612953
3.48 0.614914
3.49 0.616893
3.5 0.618891
3.51 0.620907
3.52 0.622942
3.53 0.624995
3.54 0.627068
3.55 0.62916
3.56 0.631272
3.57 0.633402
3.58 0.635553
3.59 0.637723
3.6 0.639913
3.61 0.642123
3.62 0.644353
3.63 0.646603
3.64 0.648873
3.65 0.651163
3.66 0.653473
3.67 0.655803
3.68 0.658154
3.69 0.660524
3.7 0.662915
3.71 0.665326
3.72 0.667757
3.73 0.670209
3.74 0.67268
3.75 0.675171
3.76 0.677682
3.77 0.680213
3.78 0.682764
3.79 0.685334
3.8 0.687924
3.81 0.690534
3.82 0.693162
3.83 0.69581
3.84 0.698477
3.85 0.701163
3.86 0.703868
3.87 0.706592
3.88 0.709334
3.89 0.712094
3.9 0.714873
3.91 0.717669
3.92 0.720484
3.93 0.723316
3.94 0.726166
3.95 0.729033
3.96 0.731917
3.97 0.734818
3.98 0.737736
3.99 0.740671
4 0.743622
4.01 0.746589
4.02 0.749572
4.03 0.752571
4.04 0.755585
4.05 0.758615
4.06 0.76166
4.07 0.76472
4.08 0.767795
4.09 0.770884
4.1 0.773988
4.11 0.777105
4.12 0.780237
4.13 0.783382
4.14 0.786541
4.15 0.789713
4.16 0.792898
4.17 0.796096
4.18 0.799307
4.19 0.802531
4.2 0.805766
4.21 0.809014
4.22 0.812274
4.23 0.815545
4.24 0.818828
4.25 0.822122
4.26 0.825428
4.27 0.828744
4.28 0.832071
4.29 0.835409
4.3 0.838757
4.31 0.842116
4.32 0.845485
4.33 0.848864
4.34 0.852252
4.35 0.85565
4.36 0.859058
4.37 0.862475
4.38 0.865902
4.39 0.869337
4.4 0.872781
4.41 0.876235
4.42 0.879697
4.43 0.883167
4.44 0.886646
4.45 0.890133
4.46 0.893629
4.47 0.897133
4.48 0.900644
4.49 0.904164
4.5 0.907692
4.51 0.911227
4.52 0.91477
4.53 0.918321
4.54 0.921879
4.55 0.925444
4.56 0.929017
4.57 0.932598
4.58 0.936185
4.59 0.93978
4.6 0.943382
4.61 0.946991
4.62 0.950608
4.63 0.954231
4.64 0.957861
4.65 0.961499
4.66 0.965143
4.67 0.968795
4.68 0.972453
4.69 0.976118
4.7 0.979791
4.71 0.98347
4.72 0.987156
4.73 0.990849
4.74 0.994549
4.75 0.998257
4.76 1.00197
4.77 1.00569
4.78 1.00942
4.79 1.01316
4.8 1.0169
4.81 1.02065
4.82 1.02441
4.83 1.02817
4.84 1.03194
4.85 1.03572
4.86 1.03951
4.87 1.0433
4.88 1.0471
4.89 1.05091
4.9 1.05473
4.91 1.05856
4.92 1.06239
4.93 1.06623
4.94 1.07008
4.95 1.07394
4.96 1.0778
4.97 1.08168
4.98 1.08556
4.99 1.08945
5 1.09335
5.01 1.09726
5.02 1.10118
5.03 1.10511
5.04 1.10904
5.05 1.11299
5.06 1.11695
5.07 1.12091
5.08 1.12489
5.09 1.12887
5.1 1.13287
5.11 1.13687
5.12 1.14089
5.13 1.14492
5.14 1.14896
5.15 1.153
5.16 1.15706
5.17 1.16114
5.18 1.16522
5.19 1.16931
5.2 1.17342
5.21 1.17754
5.22 1.18167
5.23 1.18581
5.24 1.18997
5.25 1.19414
5.26 1.19832
5.27 1.20251
5.28 1.20672
5.29 1.21095
5.3 1.21518
5.31 1.21943
5.32 1.2237
5.33 1.22798
5.34 1.23227
5.35 1.23658
5.36 1.24091
5.37 1.24525
5.38 1.24961
5.39 1.25398
5.4 1.25837
5.41 1.26277
5.42 1.2672
5.43 1.27164
5.44 1.27609
5.45 1.28057
5.46 1.28506
5.47 1.28958
5.48 1.29411
5.49 1.29865
5.5 1.30322
5.51 1.30781
5.52 1.31242
5.53 1.31705
5.54 1.32169
5.55 1.32636
5.56 1.33105
5.57 1.33576
5.58 1.34049
5.59 1.34525
5.6 1.35002
5.61 1.35482
5.62 1.35965
5.63 1.36449
5.64 1.36936
5.65 1.37425
5.66 1.37917
5.67 1.38411
5.68 1.38908
5.69 1.39407
5.7 1.39908
5.71 1.40413
5.72 1.4092
5.73 1.41429
5.74 1.41942
5.75 1.42457
5.76 1.42974
5.77 1.43495
5.78 1.44018
5.79 1.44545
5.8 1.45074
5.81 1.45606
5.82 1.46141
5.83 1.4668
5.84 1.47221
5.85 1.47765
5.86 1.48313
5.87 1.48863
5.88 1.49417
5.89 1.49974
5.9 1.50535
5.91 1.51099
5.92 1.51666
5.93 1.52236
5.94 1.5281
5.95 1.53388
5.96 1.53968
5.97 1.54553
5.98 1.55141
5.99 1.55732
6 1.56328
6.01 1.56927
6.02 1.57529
6.03 1.58136
6.04 1.58746
6.05 1.5936
6.06 1.59978
6.07 1.60599
6.08 1.61225
6.09 1.61854
6.1 1.62488
6.11 1.63125
6.12 1.63767
6.13 1.64412
6.14 1.65062
6.15 1.65716
6.16 1.66373
6.17 1.67035
6.18 1.67701
6.19 1.68372
6.2 1.69046
6.21 1.69725
6.22 1.70408
6.23 1.71095
6.24 1.71787
6.25 1.72483
6.26 1.73183
6.27 1.73887
6.28 1.74596
6.29 1.75309
6.3 1.76027
6.31 1.76749
6.32 1.77475
6.33 1.78206
6.34 1.7894
6.35 1.7968
6.36 1.80423
6.37 1.81172
6.38 1.81924
6.39 1.82681
6.4 1.83442
6.41 1.84207
6.42 1.84977
6.43 1.85751
6.44 1.86529
6.45 1.87312
6.46 1.88099
6.47 1.8889
6.48 1.89686
6.49 1.90485
6.5 1.91289
6.51 1.92097
6.52 1.92909
6.53 1.93726
6.54 1.94546
6.55 1.95371
6.56 1.96199
6.57 1.97032
6.58 1.97868
6.59 1.98709
6.6 1.99554
6.61 2.00402
6.62 2.01255
6.63 2.02111
6.64 2.02971
6.65 2.03835
6.66 2.04703
6.67 2.05575
6.68 2.06451
6.69 2.0733
6.7 2.08213
6.71 2.091
6.72 2.09991
6.73 2.10885
6.74 2.11783
6.75 2.12685
6.76 2.13591
6.77 2.145
6.78 2.15413
6.79 2.1633
6.8 2.17251
6.81 2.18176
6.82 2.19104
6.83 2.20036
6.84 2.20973
6.85 2.21913
6.86 2.22857
6.87 2.23806
6.88 2.24759
6.89 2.25715
6.9 2.26677
6.91 2.27642
6.92 2.28612
6.93 2.29587
6.94 2.30566
6.95 2.3155
6.96 2.32539
6.97 2.33533
6.98 2.34532
6.99 2.35537
7 2.36547
7.01 2.37562
7.02 2.38583
7.03 2.3961
7.04 2.40643
7.05 2.41682
7.06 2.42728
7.07 2.4378
7.08 2.44839
7.09 2.45904
7.1 2.46977
7.11 2.48057
7.12 2.49145
7.13 2.50241
7.14 2.51344
7.15 2.52455
7.16 2.53575
7.17 2.54704
7.18 2.55841
7.19 2.56987
7.2 2.58142
7.21 2.59306
7.22 2.60481
7.23 2.61664
7.24 2.62858
7.25 2.64062
7.26 2.65277
7.27 2.66501
7.28 2.67737
7.29 2.68983
7.3 2.70241
7.31 2.71509
7.32 2.72789
7.33 2.7408
7.34 2.75383
7.35 2.76697
7.36 2.78023
7.37 2.79361
7.38 2.80711
7.39 2.82072
7.4 2.83446
7.41 2.84831
7.42 2.86229
7.43 2.87638
7.44 2.89059
7.45 2.90492
7.46 2.91937
7.47 2.93394
7.48 2.94862
7.49 2.96341
7.5 2.97832
7.51 2.99334
7.52 3.00846
7.53 3.0237
7.54 3.03903
7.55 3.05447
7.56 3.07001
7.57 3.08565
7.58 3.10137
7.59 3.11719
7.6 3.13309
7.61 3.14908
7.62 3.16514
7.63 3.18128
7.64 3.19749
7.65 3.21376
7.66 3.2301
7.67 3.24649
7.68 3.26293
7.69 3.27942
7.7 3.29596
7.71 3.31253
7.72 3.32913
7.73 3.34576
7.74 3.36241
7.75 3.37907
7.76 3.39575
7.77 3.41243
7.78 3.42911
7.79 3.44579
7.8 3.46245
7.81 3.4791
7.82 3.49573
7.83 3.51234
7.84 3.52891
7.85 3.54544
7.86 3.56194
7.87 3.57838
7.88 3.59478
7.89 3.61112
7.9 3.6274
7.91 3.64361
7.92 3.65976
7.93 3.67583
7.94 3.69183
7.95 3.70774
7.96 3.72357
7.97 3.73931
7.98 3.75496
7.99 3.77051
8 3.78597
8.01 3.80132
8.02 3.81657
8.03 3.83171
8.04 3.84674
8.05 3.86166
8.06 3.87646
8.07 3.89115
8.08 3.90572
8.09 3.92017
8.1 3.93449
8.11 3.94869
8.12 3.96276
8.13 3.9767
8.14 3.99051
8.15 4.00419
8.16 4.01774
8.17 4.03115
8.18 4.04443
8.19 4.05757
8.2 4.07057
8.21 4.08343
8.22 4.09615
8.23 4.10872
8.24 4.12116
8.25 4.13345
8.26 4.14559
8.27 4.15759
8.28 4.16944
8.29 4.18114
8.3 4.1927
8.31 4.2041
8.32 4.21536
8.33 4.22646
8.34 4.23741
8.35 4.24821
8.36 4.25885
8.37 4.26934
8.38 4.27967
8.39 4.28985
8.4 4.29987
8.41 4.30974
8.42 4.31945
8.43 4.329
8.44 4.33839
8.45 4.34762
8.46 4.3567
8.47 4.36562
8.48 4.37438
8.49 4.38297
8.5 4.39141
8.51 4.39969
8.52 4.40782
8.53 4.41578
8.54 4.42358
8.55 4.43123
8.56 4.43871
8.57 4.44604
8.58 4.45321
8.59 4.46023
8.6 4.46708
8.61 4.47379
8.62 4.48033
8.63 4.48672
8.64 4.49296
8.65 4.49905
8.66 4.50498
8.67 4.51076
8.68 4.51639
8.69 4.52188
8.7 4.52721
8.71 4.5324
8.72 4.53744
8.73 4.54234
8.74 4.54709
8.75 4.55171
8.76 4.55618
8.77 4.56051
8.78 4.56471
8.79 4.56877
8.8 4.57269
8.81 4.57648
8.82 4.58014
8.83 4.58367
8.84 4.58707
8.85 4.59035
8.86 4.59349
8.87 4.59652
8.88 4.59942
8.89 4.6022
8.9 4.60487
8.91 4.60741
8.92 4.60984
8.93 4.61216
8.94 4.61436
8.95 4.61645
8.96 4.61844
8.97 4.62032
8.98 4.62209
8.99 4.62376
9 4.62533
9.01 4.62679
9.02 4.62816
9.03 4.62943
9.04 4.63061
9.05 4.63169
9.06 4.63268
9.07 4.63358
9.08 4.63439
9.09 4.63511
9.1 4.63575
9.11 4.63631
9.12 4.63678
9.13 4.63717
9.14 4.63748
9.15 4.63772
9.16 4.63788
9.17 4.63796
9.18 4.63797
9.19 4.63791
9.2 4.63778
9.21 4.63758
9.22 4.63731
9.23 4.63698
9.24 4.63658
9.25 4.63612
9.26 4.6356
9.27 4.63502
9.28 4.63438
9.29 4.63368
9.3 4.63292
9.31 4.63211
9.32 4.63124
9.33 4.63032
9.34 4.62935
9.35 4.62833
9.36 4.62726
9.37 4.62615
9.38 4.62498
9.39 4.62377
9.4 4.62252
9.41 4.62122
9.42 4.61988
9.43 4.61849
9.44 4.61707
9.45 4.61561
9.46 4.6141
9.47 4.61256
9.48 4.61099
9.49 4.60938
9.5 4.60773
9.51 4.60605
9.52 4.60433
9.53 4.60259
9.54 4.60081
9.55 4.599
9.56 4.59716
9.57 4.5953
9.58 4.5934
9.59 4.59148
9.6 4.58953
9.61 4.58755
9.62 4.58555
9.63 4.58353
9.64 4.58148
9.65 4.5794
9.66 4.57731
9.67 4.57519
9.68 4.57305
9.69 4.57089
9.7 4.56871
9.71 4.56651
9.72 4.5643
9.73 4.56206
9.74 4.5598
9.75 4.55753
9.76 4.55524
9.77 4.55294
9.78 4.55061
9.79 4.54828
9.8 4.54592
9.81 4.54356
9.82 4.54117
9.83 4.53878
9.84 4.53637
9.85 4.53395
9.86 4.53151
9.87 4.52907
9.88 4.52661
9.89 4.52414
9.9 4.52166
9.91 4.51916
9.92 4.51666
9.93 4.51415
9.94 4.51163
9.95 4.50909
9.96 4.50655
9.97 4.504
9.98 4.50144
9.99 4.49888
10 4.4963
10.001 0
