0 -10
0.01 -9.19645
0.02 -9.19319
0.03 -9.1899
0.04 -9.1866
0.05 -9.18327
0.06 -9.17993
0.07 -9.17656
0.08 -9.17317
0.09 -9.16976
0.1 -9.16633
0.11 -9.16288
0.12 -9.1594
0.13 -9.15591
0.14 -9.15239
0.15 -9.14885
0.16 -9.14529
0.17 -9.14171
0.18 -9.1381
0.19 -9.13447
0.2 -9.13082
0.21 -9.12715
0.22 -9.12345
0.23 -9.11973
0.24 -9.11599
0.25 -9.11222
0.26 -9.10843
0.27 -9.10462
0.28 -9.10078
0.29 -9.09692
0.3 -9.09303
0.31 -9.08912
0.32 -9.08519
0.33 -9.08123
0.34 -9.07725
0.35 -9.07324
0.36 -9.06921
0.37 -9.06515
0.38 -9.06107
0.39 -9.05696
0.4 -9.05282
0.41 -9.04867
0.42 -9.04448
0.43 -9.04027
0.44 -9.03603
0.45 -9.03177
0.46 -9.02748
0.47 -9.02317
0.48 -9.01883
0.49 -9.01446
0.5 -9.01007
0.51 -9.00564
0.52 -9.0012
0.53 -8.99672
0.54 -8.99222
0.55 -8.98769
0.56 -8.98313
0.57 -8.97855
0.58 -8.97394
0.59 -8.9693
0.6 -8.96463
0.61 -8.95993
0.62 -8.95521
0.63 -8.95046
0.64 -8.94568
0.65 -8.94087
0.66 -8.93603
0.67 -8.93116
0.68 -8.92627
0.69 -8.92135
0.7 -8.91639
0.71 -8.91141
0.72 -8.9064
0.73 -8.90136
0.74 -8.89629
0.75 -8.89119
0.76 -8.88607
0.77 -8.88091
0.78 -8.87572
0.79 -8.8705
0.8 -8.86526
0.81 -8.85998
0.82 -8.85467
0.83 -8.84934
0.84 -8.84397
0.85 -8.83857
0.86 -8.83314
0.87 -8.82769
0.88 -8.8222
0.89 -8.81668
0.9 -8.81113
0.91 -8.80555
0.92 -8.79994
0.93 -8.79429
0.94 -8.78862
0.95 -8.78292
0.96 -8.77718
0.97 -8.77142
0.98 -8.76562
0.99 -8.75979
1 -8.75393
1.01 -8.74804
1.02 -8.74212
1.03 -8.73616
1.04 -8.73018
1.05 -8.72416
1.06 -8.71811
1.07 -8.71203
1.08 -8.70592
1.09 -8.69978
1.1 -8.6936
1.11 -8.6874
1.12 -8.68116
1.13 -8.67489
1.14 -8.66858
1.15 -8.66225
1.16 -8.65588
1.17 -8.64948
1.18 -8.64305
1.19 -8.63659
1.2 -8.63009
1.21 -8.62357
1.22 -8.617
1.23 -8.61041
1.24 -8.60379
1.25 -8.59713
1.26 -8.59044
1.27 -8.58372
1.28 -8.57696
1.29 -8.57017
1.3 -8.56335
1.31 -8.5565
1.32 -8.54961
1.33 -8.54269
1.34 -8.53573
1.35 -8.52875
1.36 -8.52172
1.37 -8.51467
1.38 -8.50758
1.39 -8.50046
1.4 -8.4933
1.41 -8.48611
1.42 -8.47889
1.43 -8.47163
1.44 -8.46433
1.45 -8.45701
1.46 -8.44964
1.47 -8.44224
1.48 -8.43481
1.49 -8.42734
1.5 -8.41983
1.51 -8.41229
1.52 -8.40471
1.53 -8.3971
1.54 -8.38945
1.55 -8.38176
1.56 -8.37403
1.57 -8.36626
1.58 -8.35846
1.59 -8.35062
1.6 -8.34274
1.61 -8.33482
1.62 -8.32685
1.63 -8.31885
1.64 -8.31081
1.65 -8.30273
1.66 -8.2946
1.67 -8.28643
1.68 -8.27822
1.69 -8.26996
1.7 -8.26166
1.71 -8.25331
1.72 -8.24492
1.73 -8.23648
1.74 -8.22799
1.75 -8.21946
1.76 -8.21088
1.77 -8.20224
1.78 -8.19356
1.79 -8.18482
1.8 -8.17603
1.81 -8.16719
1.82 -8.15829
1.83 -8.14934
1.84 -8.14033
1.85 -8.13126
1.86 -8.12214
1.87 -8.11295
1.88 -8.1037
1.89 -8.09439
1.9 -8.08501
1.91 -8.07557
1.92 -8.06606
1.93 -8.05649
1.94 -8.04684
1.95 -8.03713
1.96 -8.02734
1.97 -8.01747
1.98 -8.00753
1.99 -7.99752
2 -7.98742
2.01 -7.97725
2.02 -7.96699
2.03 -7.95665
2.04 -7.94622
2.05 -7.93571
2.06 -7.9251
2.07 -7.91441
2.08 -7.90362
2.09 -7.89274
2.1 -7.88176
2.11 -7.87068
2.12 -7.85951
2.13 -7.84823
2.14 -7.83685
2.15 -7.82536
2.16 -7.81377
2.17 -7.80206
2.18 -7.79025
2.19 -7.77832
2.2 -7.76628
2.21 -7.75412
2.22 -7.74185
2.23 -7.72945
2.24 -7.71693
2.25 -7.7043
2.26 -7.69153
2.27 -7.67864
2.28 -7.66563
2.29 -7.65249
2.3 -7.63921
2.31 -7.62581
2.32 -7.61228
2.33 -7.59861
2.34 -7.58481
2.35 -7.57087
2.36 -7.5568
2.37 -7.5426
2.38 -7.52826
2.39 -7.51378
2.4 -7.49917
2.41 -7.48442
2.42 -7.46954
2.43 -7.45452
2.44 -7.43937
2.45 -7.42408
2.46 -7.40866
2.47 -7.39311
2.48 -7.37742
2.49 -7.36161
2.5 -7.34567
2.51 -7.3296
2.52 -7.31342
2.53 -7.2971
2.54 -7.28068
2.55 -7.26413
2.56 -7.24747
2.57 -7.2307
2.58 -7.21383
2.59 -7.19685
2.6 -7.17978
2.61 -7.1626
2.62 -7.14534
2.63 -7.128
2.64 -7.11057
2.65 -7.09306
2.66 -7.07549
2.67 -7.05785
2.68 -7.04015
2.69 -7.0224
2.7 -7.00459
2.71 -6.98675
2.72 -6.96887
2.73 -6.95096
2.74 -6.93303
2.75 -6.91509
2.76 -6.89713
2.77 -6.87917
2.78 -6.86122
2.79 -6.84328
2.8 -6.82536
2.81 -6.80747
2.82 -6.78961
2.83 -6.7718
2.84 -6.75403
2.85 -6.73632
2.86 -6.71867
2.87 -6.70109
2.88 -6.68359
2.89 -6.66618
2.9 -6.64886
2.91 -6.63164
2.92 -6.61452
2.93 -6.59751
2.94 -6.58063
2.95 -6.56386
2.96 -6.54723
2.97 -6.53074
2.98 -6.51439
2.99 -6.49819
3 -6.48214
3.01 -6.46625
3.02 -6.45053
3.03 -6.43497
3.04 -6.41959
3.05 -6.40438
3.06 -6.38935
3.07 -6.37451
3.08 -6.35985
3.09 -6.34539
3.1 -6.33112
3.11 -6.31704
3.12 -6.30316
3.13 -6.28948
3.14 -6.27601
3.15 -6.26273
3.16 -6.24967
3.17 -6.2368
3.18 -6.22415
3.19 -6.2117
3.2 -6.19945
3.21 -6.18742
3.22 -6.17559
3.23 -6.16396
3.24 -6.15255
3.25 -6.14134
3.26 -6.13033
3.27 -6.11952
3.28 -6.10892
3.29 -6.09852
3.3 -6.08832
3.31 -6.07832
3.32 -6.06851
3.33 -6.05889
3.34 -6.04947
3.35 -6.04024
3.36 -6.03119
3.37 -6.02233
3.38 -6.01365
3.39 -6.00515
3.4 -5.99683
3.41 -5.98869
3.42 -5.98072
3.43 -5.97292
3.44 -5.96528
3.45 -5.95781
3.46 -5.9505
3.47 -5.94335
3.48 -5.93636
3.49 -5.92952
3.5 -5.92283
3.51 -5.91629
3.52 -5.9099
3.53 -5.90364
3.54 -5.89753
3.55 -5.89155
3.56 -5.88571
3.57 -5.88
3.58 -5.87441
3.59 -5.86896
3.6 -5.86362
3.61 -5.85841
3.62 -5.85331
3.63 -5.84834
3.64 -5.84347
3.65 -5.83871
3.66 -5.83406
3.67 -5.82952
3.68 -5.82508
3.69 -5.82074
3.7 -5.8165
3.71 -5.81236
3.72 -5.80831
3.73 -5.80435
3.74 -5.80048
3.75 -5.7967
3.76 -5.79301
3.77 -5.7894
3.78 -5.78587
3.79 -5.78242
3.8 -5.77905
3.81 -5.77575
3.82 -5.77253
3.83 -5.76938
3.84 -5.7663
3.85 -5.76329
3.86 -5.76035
3.87 -5.75747
3.88 -5.75465
3.89 -5.7519
3.9 -5.74921
3.91 -5.74658
3.92 -5.74401
3.93 -5.74149
3.94 -5.73903
3.95 -5.73662
3.96 -5.73427
3.97 -5.73197
3.98 -5.72971
3.99 -5.72751
4 -5.72535
4.01 -5.72324
4.02 -5.72117
4.03 -5.71915
4.04 -5.71718
4.05 -5.71524
4.06 -5.71335
4.07 -5.71149
4.08 -5.70968
4.09 -5.7079
4.1 -5.70616
4.11 -5.70446
4.12 -5.70279
4.13 -5.70115
4.14 -5.69956
4.15 -5.69799
4.16 -5.69646
4.17 -5.69495
4.18 -5.69348
4.19 -5.69204
4.2 -5.69063
4.21 -5.68924
4.22 -5.68789
4.23 -5.68656
4.24 -5.68526
4.25 -5.68398
4.26 -5.68273
4.27 -5.68151
4.28 -5.68031
4.29 -5.67913
4.3 -5.67798
4.31 -5.67684
4.32 -5.67573
4.33 -5.67465
4.34 -5.67358
4.35 -5.67254
4.36 -5.67151
4.37 -5.6705
4.38 -5.66952
4.39 -5.66855
4.4 -5.6676
4.41 -5.66667
4.42 -5.66576
4.43 -5.66486
4.44 -5.66398
4.45 -5.66312
4.46 -5.66227
4.47 -5.66144
4.48 -5.66063
4.49 -5.65983
4.5 -5.65904
4.51 -5.65827
4.52 -5.65752
4.53 -5.65678
4.54 -5.65605
4.55 -5.65533
4.56 -5.65463
4.57 -5.65394
4.58 -5.65326
4.59 -5.6526
4.6 -5.65195
4.61 -5.6513
4.62 -5.65067
4.63 -5.65006
4.64 -5.64945
4.65 -5.64885
4.66 -5.64827
4.67 -5.64769
4.68 -5.64712
4.69 -5.64657
4.7 -5.64602
4.71 -5.64549
4.72 -5.64496
4.73 -5.64444
4.74 -5.64393
4.75 -5.64343
4.76 -5.64294
4.77 -5.64245
4.78 -5.64198
4.79 -5.64151
4.8 -5.64105
4.81 -5.6406
4.82 -5.64016
4.83 -5.63972
4.84 -5.63929
4.85 -5.63887
4.86 -5.63845
4.87 -5.63804
4.88 -5.63764
4.89 -5.63725
4.9 -5.63686
4.91 -5.63647
4.92 -5.6361
4.93 -5.63572
4.94 -5.63536
4.95 -5.635
4.96 -5.63465
4.97 -5.6343
4.98 -5.63395
4.99 -5.63362
5 -5.63328
5.01 -5.63295
5.02 -5.63263
5.03 -5.63231
5.04 -5.632
5.05 -5.63169
5.06 -5.63138
5.07 -5.63108
5.08 -5.63079
5.09 -5.63049
5.1 -5.63021
5.11 -5.62992
5.12 -5.62964
5.13 -5.62936
5.14 -5.62909
5.15 -5.62882
5.16 -5.62855
5.17 -5.62829
5.18 -5.62803
5.19 -5.62777
5.2 -5.62752
5.21 -5.62726
5.22 -5.62702
5.23 -5.62677
5.24 -5.62653
5.25 -5.62628
5.26 -5.62605
5.27 -5.62581
5.28 -5.62557
5.29 -5.62534
5.3 -5.62511
5.31 -5.62488
5.32 -5.62466
5.33 -5.62443
5.34 -5.62421
5.35 -5.62399
5.36 -5.62377
5.37 -5.62355
5.38 -5.62334
5.39 -5.62312
5.4 -5.62291
5.41 -5.62269
5.42 -5.62248
5.43 -5.62227
5.44 -5.62206
5.45 -5.62185
5.46 -5.62165
5.47 -5.62144
5.48 -5.62123
5.49 -5.62102
5.5 -5.62082
5.51 -5.62061
5.52 -5.62041
5.53 -5.6202
5.54 -5.62
5.55 -5.61979
5.56 -5.61959
5.57 -5.61939
5.58 -5.61918
5.59 -5.61898
5.6 -5.61877
5.61 -5.61857
5.62 -5.61836
5.63 -5.61816
5.64 -5.61795
5.65 -5.61774
5.66 -5.61754
5.67 -5.61733
5.68 -5.61712
5.69 -5.61691
5.7 -5.6167
5.71 -5.61649
5.72 -5.61628
5.73 -5.61607
5.74 -5.61585
5.75 -5.61564
5.76 -5.61542
5.77 -5.61521
5.78 -5.61499
5.79 -5.61477
5.8 -5.61455
5.81 -5.61433
5.82 -5.6141
5.83 -5.61388
5.84 -5.61365
5.85 -5.61343
5.86 -5.6132
5.87 -5.61297
5.88 -5.61274
5.89 -5.6125
5.9 -5.61227
5.91 -5.61203
5.92 -5.61179
5.93 -5.61155
5.94 -5.61131
5.95 -5.61107
5.96 -5.61082
5.97 -5.61058
5.98 -5.61033
5.99 -5.61008
6 -5.60982
6.01 -5.60957
6.02 -5.60931
6.03 -5.60906
6.04 -5.6088
6.05 -5.60854
6.06 -5.60827
6.07 -5.60801
6.08 -5.60774
6.09 -5.60747
6.1 -5.60721
6.11 -5.60693
6.12 -5.60666
6.13 -5.60639
6.14 -5.60611
6.15 -5.60583
6.16 -5.60555
6.17 -5.60527
6.18 -5.60499
6.19 -5.6047
6.2 -5.60442
6.21 -5.60413
6.22 -5.60384
6.23 -5.60355
6.24 -5.60326
6.25 -5.60297
6.26 -5.60268
6.27 -5.60239
6.28 -5.60209
6.29 -5.6018
6.3 -5.6015
6.31 -5.60121
6.32 -5.60091
6.33 -5.60061
6.34 -5.60032
6.35 -5.60002
6.36 -5.59972
6.37 -5.59943
6.38 -5.59913
6.39 -5.59883
6.4 -5.59854
6.41 -5.59824
6.42 -5.59795
6.43 -5.59766
6.44 -5.59737
6.45 -5.59708
6.46 -5.59679
6.47 -5.59651
6.48 -5.59622
6.49 -5.59594
6.5 -5.59566
6.51 -5.59539
6.52 -5.59511
6.53 -5.59485
6.54 -5.59458
6.55 -5.59432
6.56 -5.59406
6.57 -5.59381
6.58 -5.59356
6.59 -5.59332
6.6 -5.59308
6.61 -5.59285
6.62 -5.59262
6.63 -5.5924
6.64 -5.59219
6.65 -5.59199
6.66 -5.59179
6.67 -5.5916
6.68 -5.59142
6.69 -5.59125
6.7 -5.59108
6.71 -5.59093
6.72 -5.59079
6.73 -5.59066
6.74 -5.59054
6.75 -5.59043
6.76 -5.59034
6.77 -5.59025
6.78 -5.59019
6.79 -5.59013
6.8 -5.59009
6.81 -5.59007
6.82 -5.59006
6.83 -5.59007
6.84 -5.59009
6.85 -5.59013
6.86 -5.5902
6.87 -5.59028
6.88 -5.59038
6.89 -5.5905
6.9 -5.59065
6.91 -5.59081
6.92 -5.591
6.93 -5.59122
6.94 -5.59146
6.95 -5.59172
6.96 -5.59201
6.97 -5.59233
6.98 -5.59268
6.99 -5.59306
7 -5.59347
7.01 -5.59391
7.02 -5.59438
7.03 -5.59488
7.04 -5.59542
7.05 -5.596
7.06 -5.59661
7.07 -5.59726
7.08 -5.59795
7.09 -5.59868
7.1 -5.59945
7.11 -5.60026
7.12 -5.60112
7.13 -5.60202
7.14 -5.60296
7.15 -5.60396
7.16 -5.605
7.17 -5.60609
7.18 -5.60723
7.19 -5.60842
7.2 -5.60967
7.21 -5.61097
7.22 -5.61233
7.23 -5.61374
7.24 -5.61522
7.25 -5.61675
7.26 -5.61835
7.27 -5.62
7.28 -5.62173
7.29 -5.62351
7.3 -5.62537
7.31 -5.62729
7.32 -5.62928
7.33 -5.63134
7.34 -5.63348
7.35 -5.63569
7.36 -5.63797
7.37 -5.64033
7.38 -5.64277
7.39 -5.64529
7.4 -5.64788
7.41 -5.65056
7.42 -5.65332
7.43 -5.65617
7.44 -5.6591
7.45 -5.66211
7.46 -5.66522
7.47 -5.66841
7.48 -5.6717
7.49 -5.67507
7.5 -5.67854
7.51 -5.6821
7.52 -5.68576
7.53 -5.68951
7.54 -5.69336
7.55 -5.6973
7.56 -5.70134
7.57 -5.70548
7.58 -5.70973
7.59 -5.71407
7.6 -5.71851
7.61 -5.72305
7.62 -5.7277
7.63 -5.73245
7.64 -5.7373
7.65 -5.74226
7.66 -5.74732
7.67 -5.75248
7.68 -5.75775
7.69 -5.76313
7.7 -5.7686
7.71 -5.77419
7.72 -5.77988
7.73 -5.78567
7.74 -5.79157
7.75 -5.79757
7.76 -5.80367
7.77 -5.80988
7.78 -5.81619
7.79 -5.82261
7.8 -5.82913
7.81 -5.83574
7.82 -5.84246
7.83 -5.84928
7.84 -5.8562
7.85 -5.86322
7.86 -5.87034
7.87 -5.87755
7.88 -5.88485
7.89 -5.89226
7.9 -5.89975
7.91 -5.90734
7.92 -5.91502
7.93 -5.92279
7.94 -5.93064
7.95 -5.93859
7.96 -5.94662
7.97 -5.95473
7.98 -5.96292
7.99 -5.9712
8 -5.97956
8.01 -5.98799
8.02 -5.9965
8.03 -6.00509
8.04 -6.01375
8.05 -6.02248
8.06 -6.03128
8.07 -6.04014
8.08 -6.04908
8.09 -6.05808
8.1 -6.06714
8.11 -6.07626
8.12 -6.08544
8.13 -6.09468
8.14 -6.10397
8.15 -6.11332
8.16 -6.12271
8.17 -6.13216
8.18 -6.14166
8.19 -6.1512
8.2 -6.16079
8.21 -6.17042
8.22 -6.18009
8.23 -6.18981
8.24 -6.19956
8.25 -6.20934
8.26 -6.21916
8.27 -6.22901
8.28 -6.23889
8.29 -6.2488
8.3 -6.25874
8.31 -6.26871
8.32 -6.27869
8.33 -6.28871
8.34 -6.29874
8.35 -6.30879
8.36 -6.31886
8.37 -6.32894
8.38 -6.33904
8.39 -6.34915
8.4 -6.35927
8.41 -6.36941
8.42 -6.37955
8.43 -6.3897
8.44 -6.39986
8.45 -6.41002
8.46 -6.42018
8.47 -6.43035
8.48 -6.44051
8.49 -6.45068
8.5 -6.46084
8.51 -6.471
8.52 -6.48116
8.53 -6.49131
8.54 -6.50145
8.55 -6.51159
8.56 -6.52172
8.57 -6.53183
8.58 -6.54194
8.59 -6.55203
8.6 -6.56211
8.61 -6.57218
8.62 -6.58223
8.63 -6.59227
8.64 -6.60229
8.65 -6.61229
8.66 -6.62228
8.67 -6.63224
8.68 -6.64218
8.69 -6.65211
8.7 -6.66201
8.71 -6.67189
8.72 -6.68175
8.73 -6.69158
8.74 -6.70139
8.75 -6.71117
8.76 -6.72093
8.77 -6.73066
8.78 -6.74036
8.79 -6.75004
8.8 -6.75969
8.81 -6.76931
8.82 -6.7789
8.83 -6.78846
8.84 -6.798
8.85 -6.8075
8.86 -6.81697
8.87 -6.82641
8.88 -6.83582
8.89 -6.8452
8.9 -6.85454
8.91 -6.86386
8.92 -6.87314
8.93 -6.88239
8.94 -6.8916
8.95 -6.90078
8.96 -6.90993
8.97 -6.91905
8.98 -6.92813
8.99 -6.93717
9 -6.94618
9.01 -6.95516
9.02 -6.9641
9.03 -6.97301
9.04 -6.98188
9.05 -6.99072
9.06 -6.99952
9.07 -7.00829
9.08 -7.01702
9.09 -7.02571
9.1 -7.03437
9.11 -7.043
9.12 -7.05159
9.13 -7.06014
9.14 -7.06866
9.15 -7.07714
9.16 -7.08559
9.17 -7.094
9.18 -7.10238
9.19 -7.11072
9.2 -7.11903
9.21 -7.1273
9.22 -7.13553
9.23 -7.14373
9.24 -7.1519
9.25 -7.16003
9.26 -7.16812
9.27 -7.17618
9.28 -7.1842
9.29 -7.19219
9.3 -7.20015
9.31 -7.20807
9.32 -7.21595
9.33 -7.2238
9.34 -7.23162
9.35 -7.2394
9.36 -7.24715
9.37 -7.25486
9.38 -7.26254
9.39 -7.27019
9.4 -7.2778
9.41 -7.28538
9.42 -7.29293
9.43 -7.30044
9.44 -7.30792
9.45 -7.31536
9.46 -7.32278
9.47 -7.33016
9.48 -7.3375
9.49 -7.34482
9.5 -7.3521
9.51 -7.35935
9.52 -7.36657
9.53 -7.37376
9.54 -7.38091
9.55 -7.38804
9.56 -7.39513
9.57 -7.40219
9.58 -7.40922
9.59 -7.41622
9.6 -7.42318
9.61 -7.43012
9.62 -7.43702
9.63 -7.4439
9.64 -7.45074
9.65 -7.45756
9.66 -7.46434
9.67 -7.4711
9.68 -7.47782
9.69 -7.48452
9.7 -7.49118
9.71 -7.49782
9.72 -7.50442
9.73 -7.511
9.74 -7.51755
9.75 -7.52407
9.76 -7.53056
9.77 -7.53702
9.78 -7.54346
9.79 -7.54986
9.8 -7.55624
9.81 -7.56259
9.82 -7.56891
9.83 -7.57521
9.84 -7.58147
9.85 -7.58771
9.86 -7.59392
9.87 -7.60011
9.88 -7.60626
9.89 -7.61239
9.9 -7.6185
9.91 -7.62457
9.92 -7.63062
9.93 -7.63665
9.94 -7.64264
9.95 -7.64862
9.96 -7.65456
9.97 -7.66048
9.98 -7.66637
9.99 -7.67224
10 -7.67808
10.001 -10
