0 5
0.01 4.12773
0.02 4.12818
0.03 4.12864
0.04 4.12909
0.05 4.12955
0.06 4.13001
0.07 4.13048
0.08 4.13095
0.09 4.13142
0.1 4.13189
0.11 4.13236
0.12 4.13284
0.13 4.13332
0.14 4.1338
0.15 4.13429
0.16 4.13478
0.17 4.13527
0.18 4.13577
0.19 4.13626
0.2 4.13676
0.21 4.13727
0.22 4.13777
0.23 4.13828
0.24 4.1388
0.25 4.13931
0.26 4.13983
0.27 4.14035
0.28 4.14088
0.29 4.14141
0.3 4.14194
0.31 4.14247
0.32 4.14301
0.33 4.14355
0.34 4.1441
0.35 4.14465
0.36 4.1452
0.37 4.14576
0.38 4.14632
0.39 4.14688
0.4 4.14745
0.41 4.14802
0.42 4.14859
0.43 4.14917
0.44 4.14976
0.45 4.15034
0.46 4.15093
0.47 4.15153
0.48 4.15213
0.49 4.15273
0.5 4.15334
0.51 4.15396
0.52 4.15457
0.53 4.1552
0.54 4.15582
0.55 4.15646
0.56 4.15709
0.57 4.15774
0.58 4.15838
0.59 4.15904
0.6 4.15969
0.61 4.16036
0.62 4.16103
0.63 4.1617
0.64 4.16238
0.65 4.16307
0.66 4.16376
0.67 4.16446
0.68 4.16516
0.69 4.16587
0.7 4.16659
0.71 4.16732
0.72 4.16805
0.73 4.16879
0.74 4.16953
0.75 4.17029
0.76 4.17105
0.77 4.17182
0.78 4.17259
0.79 4.17338
0.8 4.17417
0.81 4.17497
0.82 4.17578
0.83 4.17659
0.84 4.17742
0.85 4.17826
0.86 4.1791
0.87 4.17996
0.88 4.18082
0.89 4.18169
0.9 4.18258
0.91 4.18347
0.92 4.18438
0.93 4.1853
0.94 4.18622
0.95 4.18716
0.96 4.18811
0.97 4.18907
0.98 4.19005
0.99 4.19104
1 4.19203
1.01 4.19305
1.02 4.19407
1.03 4.19511
1.04 4.19616
1.05 4.19723
1.06 4.19831
1.07 4.1994
1.08 4.20051
1.09 4.20164
1.1 4.20278
1.11 4.20394
1.12 4.20511
1.13 4.2063
1.14 4.2075
1.15 4.20872
1.16 4.20996
1.17 4.21122
1.18 4.2125
1.19 4.21379
1.2 4.2151
1.21 4.21643
1.22 4.21778
1.23 4.21915
1.24 4.22054
1.25 4.22195
1.26 4.22338
1.27 4.22483
1.28 4.2263
1.29 4.2278
1.3 4.22931
1.31 4.23085
1.32 4.23241
1.33 4.23399
1.34 4.2356
1.35 4.23723
1.36 4.23888
1.37 4.24055
1.38 4.24225
1.39 4.24398
1.4 4.24573
1.41 4.24751
1.42 4.24931
1.43 4.25113
1.44 4.25299
1.45 4.25486
1.46 4.25677
1.47 4.2587
1.48 4.26066
1.49 4.26265
1.5 4.26466
1.51 4.26671
1.52 4.26878
1.53 4.27088
1.54 4.273
1.55 4.27516
1.56 4.27735
1.57 4.27956
1.58 4.28181
1.59 4.28408
1.6 4.28639
1.61 4.28872
1.62 4.29109
1.63 4.29348
1.64 4.29591
1.65 4.29837
1.66 4.30086
1.67 4.30338
1.68 4.30593
1.69 4.30852
1.7 4.31114
1.71 4.31379
1.72 4.31647
1.73 4.31918
1.74 4.32193
1.75 4.32471
1.76 4.32752
1.77 4.33037
1.78 4.33325
1.79 4.33617
1.8 4.33912
1.81 4.3421
1.82 4.34512
1.83 4.34817
1.84 4.35126
1.85 4.35439
1.86 4.35755
1.87 4.36074
1.88 4.36397
1.89 4.36724
1.9 4.37055
1.91 4.37389
1.92 4.37727
1.93 4.38069
1.94 4.38415
1.95 4.38764
1.96 4.39117
1.97 4.39475
1.98 4.39836
1.99 4.40201
2 4.40571
2.01 4.40944
2.02 4.41322
2.03 4.41704
2.04 4.4209
2.05 4.42481
2.06 4.42875
2.07 4.43275
2.08 4.43679
2.09 4.44087
2.1 4.445
2.11 4.44918
2.12 4.4534
2.13 4.45768
2.14 4.462
2.15 4.46637
2.16 4.47079
2.17 4.47527
2.18 4.47979
2.19 4.48437
2.2 4.489
2.21 4.49369
2.22 4.49843
2.23 4.50323
2.24 4.50809
2.25 4.513
2.26 4.51797
2.27 4.52301
2.28 4.5281
2.29 4.53325
2.3 4.53847
2.31 4.54375
2.32 4.54909
2.33 4.5545
2.34 4.55998
2.35 4.56552
2.36 4.57113
2.37 4.5768
2.38 4.58255
2.39 4.58837
2.4 4.59425
2.41 4.60021
2.42 4.60624
2.43 4.61235
2.44 4.61852
2.45 4.62477
2.46 4.6311
2.47 4.6375
2.48 4.64397
2.49 4.65053
2.5 4.65715
2.51 4.66386
2.52 4.67064
2.53 4.6775
2.54 4.68443
2.55 4.69144
2.56 4.69853
2.57 4.70569
2.58 4.71293
2.59 4.72025
2.6 4.72764
2.61 4.73511
2.62 4.74265
2.63 4.75026
2.64 4.75795
2.65 4.76571
2.66 4.77354
2.67 4.78144
2.68 4.7894
2.69 4.79744
2.7 4.80554
2.71 4.8137
2.72 4.82193
2.73 4.83021
2.74 4.83856
2.75 4.84696
2.76 4.85542
2.77 4.86393
2.78 4.87248
2.79 4.88109
2.8 4.88974
2.81 4.89844
2.82 4.90717
2.83 4.91594
2.84 4.92475
2.85 4.93359
2.86 4.94246
2.87 4.95135
2.88 4.96027
2.89 4.9692
2.9 4.97816
2.91 4.98713
2.92 4.99611
2.93 5.00509
2.94 5.01408
2.95 5.02308
2.96 5.03207
2.97 5.04106
2.98 5.05004
2.99 5.05901
3 5.06797
3.01 5.07691
3.02 5.08583
3.03 5.09473
3.04 5.10361
3.05 5.11245
3.06 5.12127
3.07 5.13006
3.08 5.13881
3.09 5.14752
3.1 5.15619
3.11 5.16482
3.12 5.17341
3.13 5.18195
3.14 5.19044
3.15 5.19888
3.16 5.20727
3.17 5.2156
3.18 5.22388
3.19 5.2321
3.2 5.24027
3.21 5.24837
3.22 5.25642
3.23 5.2644
3.24 5.27232
3.25 5.28017
3.26 5.28796
3.27 5.29569
3.28 5.30335
3.29 5.31094
3.3 5.31846
3.31 5.32592
3.32 5.33331
3.33 5.34063
3.34 5.34788
3.35 5.35506
3.36 5.36217
3.37 5.36922
3.38 5.37619
3.39 5.3831
3.4 5.38994
3.41 5.3967
3.42 5.4034
3.43 5.41003
3.44 5.4166
3.45 5.42309
3.46 5.42952
3.47 5.43588
3.48 5.44218
3.49 5.44841
3.5 5.45457
3.51 5.46067
3.52 5.4667
3.53 5.47267
3.54 5.47857
3.55 5.48442
3.56 5.4902
3.57 5.49592
3.58 5.50158
3.59 5.50718
3.6 5.51271
3.61 5.51819
3.62 5.52362
3.63 5.52898
3.64 5.53429
3.65 5.53954
3.66 5.54474
3.67 5.54988
3.68 5.55496
3.69 5.56
3.7 5.56498
3.71 5.56991
3.72 5.57479
3.73 5.57962
3.74 5.5844
3.75 5.58912
3.76 5.59381
3.77 5.59844
3.78 5.60303
3.79 5.60757
3.8 5.61206
3.81 5.61651
3.82 5.62091
3.83 5.62528
3.84 5.62959
3.85 5.63387
3.86 5.6381
3.87 5.6423
3.88 5.64645
3.89 5.65056
3.9 5.65464
3.91 5.65867
3.92 5.66267
3.93 5.66663
3.94 5.67055
3.95 5.67444
3.96 5.67829
3.97 5.68211
3.98 5.68589
3.99 5.68964
4 5.69335
4.01 5.69703
4.02 5.70068
4.03 5.70429
4.04 5.70788
4.05 5.71143
4.06 5.71496
4.07 5.71845
4.08 5.72191
4.09 5.72535
4.1 5.72875
4.11 5.73213
4.12 5.73548
4.13 5.7388
4.14 5.7421
4.15 5.74537
4.16 5.74861
4.17 5.75183
4.18 5.75502
4.19 5.75819
4.2 5.76134
4.21 5.76446
4.22 5.76755
4.23 5.77062
4.24 5.77367
4.25 5.7767
4.26 5.7797
4.27 5.78269
4.28 5.78565
4.29 5.78859
4.3 5.79151
4.31 5.79441
4.32 5.79728
4.33 5.80014
4.34 5.80298
4.35 5.8058
4.36 5.8086
4.37 5.81138
4.38 5.81415
4.39 5.81689
4.4 5.81962
4.41 5.82233
4.42 5.82502
4.43 5.82769
4.44 5.83035
4.45 5.83299
4.46 5.83562
4.47 5.83822
4.48 5.84082
4.49 5.84339
4.5 5.84595
4.51 5.8485
4.52 5.85103
4.53 5.85355
4.54 5.85605
4.55 5.85853
4.56 5.86101
4.57 5.86347
4.58 5.86591
4.59 5.86834
4.6 5.87076
4.61 5.87316
4.62 5.87555
4.63 5.87793
4.64 5.8803
4.65 5.88265
4.66 5.88499
4.67 5.88732
4.68 5.88963
4.69 5.89194
4.7 5.89423
4.71 5.89651
4.72 5.89878
4.73 5.90104
4.74 5.90328
4.75 5.90552
4.76 5.90774
4.77 5.90996
4.78 5.91216
4.79 5.91435
4.8 5.91653
4.81 5.91871
4.82 5.92087
4.83 5.92302
4.84 5.92516
4.85 5.92729
4.86 5.92942
4.87 5.93153
4.88 5.93363
4.89 5.93572
4.9 5.93781
4.91 5.93988
4.92 5.94195
4.93 5.94401
4.94 5.94606
4.95 5.94809
4.96 5.95013
4.97 5.95215
4.98 5.95416
4.99 5.95617
5 5.95817
5.01 5.96015
5.02 5.96214
5.03 5.96411
5.04 5.96607
5.05 5.96803
5.06 5.96998
5.07 5.97192
5.08 5.97386
5.09 5.97578
5.1 5.9777
5.11 5.97961
5.12 5.98152
5.13 5.98342
5.14 5.98531
5.15 5.98719
5.16 5.98907
5.17 5.99094
5.18 5.9928
5.19 5.99465
5.2 5.9965
5.21 5.99835
5.22 6.00018
5.23 6.00201
5.24 6.00384
5.25 6.00565
5.26 6.00746
5.27 6.00927
5.28 6.01107
5.29 6.01286
5.3 6.01465
5.31 6.01643
5.32 6.0182
5.33 6.01997
5.34 6.02174
5.35 6.0235
5.36 6.02525
5.37 6.027
5.38 6.02874
5.39 6.03048
5.4 6.03221
5.41 6.03393
5.42 6.03565
5.43 6.03737
5.44 6.03908
5.45 6.04079
5.46 6.04249
5.47 6.04419
5.48 6.04588
5.49 6.04757
5.5 6.04925
5.51 6.05093
5.52 6.0526
5.53 6.05427
5.54 6.05594
5.55 6.0576
5.56 6.05926
5.57 6.06091
5.58 6.06256
5.59 6.0642
5.6 6.06585
5.61 6.06748
5.62 6.06912
5.63 6.07075
5.64 6.07238
5.65 6.074
5.66 6.07562
5.67 6.07724
5.68 6.07885
5.69 6.08046
5.7 6.08207
5.71 6.08367
5.72 6.08527
5.73 6.08687
5.74 6.08847
5.75 6.09006
5.76 6.09165
5.77 6.09324
5.78 6.09482
5.79 6.0964
5.8 6.09798
5.81 6.09956
5.82 6.10114
5.83 6.10271
5.84 6.10428
5.85 6.10585
5.86 6.10742
5.87 6.10898
5.88 6.11054
5.89 6.11211
5.9 6.11366
5.91 6.11522
5.92 6.11678
5.93 6.11833
5.94 6.11989
5.95 6.12144
5.96 6.12299
5.97 6.12454
5.98 6.12608
5.99 6.12763
6 6.12918
6.01 6.13072
6.02 6.13226
6.03 6.1338
6.04 6.13535
6.05 6.13689
6.06 6.13842
6.07 6.13996
6.08 6.1415
6.09 6.14304
6.1 6.14457
6.11 6.14611
6.12 6.14764
6.13 6.14918
6.14 6.15071
6.15 6.15224
6.16 6.15378
6.17 6.15531
6.18 6.15684
6.19 6.15837
6.2 6.1599
6.21 6.16143
6.22 6.16296
6.23 6.16449
6.24 6.16602
6.25 6.16754
6.26 6.16907
6.27 6.1706
6.28 6.17212
6.29 6.17365
6.3 6.17517
6.31 6.1767
6.32 6.17822
6.33 6.17975
6.34 6.18127
6.35 6.18279
6.36 6.18431
6.37 6.18583
6.38 6.18735
6.39 6.18886
6.4 6.19038
6.41 6.19189
6.42 6.19341
6.43 6.19492
6.44 6.19643
6.45 6.19794
6.46 6.19944
6.47 6.20095
6.48 6.20245
6.49 6.20395
6.5 6.20545
6.51 6.20694
6.52 6.20843
6.53 6.20992
6.54 6.2114
6.55 6.21289
6.56 6.21436
6.57 6.21584
6.58 6.21731
6.59 6.21877
6.6 6.22023
6.61 6.22169
6.62 6.22314
6.63 6.22458
6.64 6.22602
6.65 6.22745
6.66 6.22887
6.67 6.23029
6.68 6.2317
6.69 6.2331
6.7 6.2345
6.71 6.23588
6.72 6.23726
6.73 6.23862
6.74 6.23998
6.75 6.24133
6.76 6.24266
6.77 6.24398
6.78 6.24529
6.79 6.24659
6.8 6.24788
6.81 6.24915
6.82 6.2504
6.83 6.25164
6.84 6.25287
6.85 6.25407
6.86 6.25526
6.87 6.25643
6.88 6.25759
6.89 6.25872
6.9 6.25984
6.91 6.26093
6.92 6.262
6.93 6.26304
6.94 6.26407
6.95 6.26507
6.96 6.26604
6.97 6.26699
6.98 6.2679
6.99 6.26879
7 6.26965
7.01 6.27048
7.02 6.27128
7.03 6.27205
7.04 6.27278
7.05 6.27348
7.06 6.27414
7.07 6.27476
7.08 6.27535
7.09 6.27589
7.1 6.2764
7.11 6.27686
7.12 6.27728
7.13 6.27765
7.14 6.27798
7.15 6.27826
7.16 6.27849
7.17 6.27867
7.18 6.2788
7.19 6.27888
7.2 6.2789
7.21 6.27886
7.22 6.27877
7.23 6.27863
7.24 6.27842
7.25 6.27815
7.26 6.27781
7.27 6.27741
7.28 6.27695
7.29 6.27642
7.3 6.27582
7.31 6.27515
7.32 6.27441
7.33 6.27359
7.34 6.2727
7.35 6.27174
7.36 6.27069
7.37 6.26957
7.38 6.26837
7.39 6.26708
7.4 6.26572
7.41 6.26427
7.42 6.26273
7.43 6.26111
7.44 6.25939
7.45 6.25759
7.46 6.2557
7.47 6.25372
7.48 6.25164
7.49 6.24947
7.5 6.24721
7.51 6.24485
7.52 6.24239
7.53 6.23984
7.54 6.23718
7.55 6.23443
7.56 6.23158
7.57 6.22863
7.58 6.22558
7.59 6.22243
7.6 6.21918
7.61 6.21582
7.62 6.21237
7.63 6.20881
7.64 6.20515
7.65 6.20138
7.66 6.19752
7.67 6.19355
7.68 6.18948
7.69 6.18532
7.7 6.18105
7.71 6.17668
7.72 6.17221
7.73 6.16764
7.74 6.16297
7.75 6.15821
7.76 6.15335
7.77 6.14839
7.78 6.14334
7.79 6.1382
7.8 6.13297
7.81 6.12764
7.82 6.12223
7.83 6.11673
7.84 6.11114
7.85 6.10548
7.86 6.09972
7.87 6.09389
7.88 6.08798
7.89 6.08199
7.9 6.07593
7.91 6.0698
7.92 6.06359
7.93 6.05732
7.94 6.05098
7.95 6.04458
7.96 6.03811
7.97 6.03158
7.98 6.025
7.99 6.01836
8 6.01167
8.01 6.00493
8.02 5.99815
8.03 5.99131
8.04 5.98443
8.05 5.97752
8.06 5.97056
8.07 5.96357
8.08 5.95654
8.09 5.94949
8.1 5.9424
8.11 5.93529
8.12 5.92815
8.13 5.92099
8.14 5.91381
8.15 5.90661
8.16 5.8994
8.17 5.89218
8.18 5.88494
8.19 5.87769
8.2 5.87044
8.21 5.86318
8.22 5.85592
8.23 5.84866
8.24 5.8414
8.25 5.83414
8.26 5.82689
8.27 5.81964
8.28 5.8124
8.29 5.80517
8.3 5.79795
8.31 5.79074
8.32 5.78354
8.33 5.77637
8.34 5.76921
8.35 5.76206
8.36 5.75494
8.37 5.74784
8.38 5.74076
8.39 5.73371
8.4 5.72668
8.41 5.71967
8.42 5.71269
8.43 5.70574
8.44 5.69882
8.45 5.69193
8.46 5.68507
8.47 5.67824
8.48 5.67144
8.49 5.66468
8.5 5.65795
8.51 5.65125
8.52 5.64459
8.53 5.63797
8.54 5.63138
8.55 5.62483
8.56 5.61832
8.57 5.61185
8.58 5.60541
8.59 5.59902
8.6 5.59266
8.61 5.58634
8.62 5.58007
8.63 5.57383
8.64 5.56764
8.65 5.56149
8.66 5.55538
8.67 5.54931
8.68 5.54328
8.69 5.53729
8.7 5.53135
8.71 5.52545
8.72 5.51959
8.73 5.51378
8.74 5.508
8.75 5.50227
8.76 5.49659
8.77 5.49094
8.78 5.48534
8.79 5.47979
8.8 5.47427
8.81 5.4688
8.82 5.46337
8.83 5.45798
8.84 5.45264
8.85 5.44734
8.86 5.44208
8.87 5.43686
8.88 5.43169
8.89 5.42656
8.9 5.42147
8.91 5.41642
8.92 5.41141
8.93 5.40645
8.94 5.40152
8.95 5.39664
8.96 5.3918
8.97 5.38699
8.98 5.38223
8.99 5.37751
9 5.37283
9.01 5.36819
9.02 5.36358
9.03 5.35902
9.04 5.3545
9.05 5.35001
9.06 5.34556
9.07 5.34115
9.08 5.33678
9.09 5.33244
9.1 5.32815
9.11 5.32388
9.12 5.31966
9.13 5.31547
9.14 5.31132
9.15 5.3072
9.16 5.30312
9.17 5.29908
9.18 5.29506
9.19 5.29109
9.2 5.28714
9.21 5.28324
9.22 5.27936
9.23 5.27552
9.24 5.27171
9.25 5.26793
9.26 5.26419
9.27 5.26047
9.28 5.25679
9.29 5.25314
9.3 5.24953
9.31 5.24594
9.32 5.24238
9.33 5.23885
9.34 5.23536
9.35 5.23189
9.36 5.22845
9.37 5.22504
9.38 5.22166
9.39 5.21831
9.4 5.21498
9.41 5.21169
9.42 5.20842
9.43 5.20518
9.44 5.20196
9.45 5.19877
9.46 5.19561
9.47 5.19247
9.48 5.18936
9.49 5.18628
9.5 5.18322
9.51 5.18019
9.52 5.17718
9.53 5.17419
9.54 5.17123
9.55 5.16829
9.56 5.16538
9.57 5.16249
9.58 5.15962
9.59 5.15678
9.6 5.15396
9.61 5.15116
9.62 5.14838
9.63 5.14563
9.64 5.14289
9.65 5.14018
9.66 5.13749
9.67 5.13482
9.68 5.13218
9.69 5.12955
9.7 5.12694
9.71 5.12435
9.72 5.12179
9.73 5.11924
9.74 5.11671
9.75 5.1142
9.76 5.11171
9.77 5.10924
9.78 5.10679
9.79 5.10435
9.8 5.10194
9.81 5.09954
9.82 5.09716
9.83 5.0948
9.84 5.09245
9.85 5.09013
9.86 5.08782
9.87 5.08552
9.88 5.08325
9.89 5.08099
9.9 5.07874
9.91 5.07652
9.92 5.0743
9.93 5.07211
9.94 5.06993
9.95 5.06777
9.96 5.06562
9.97 5.06348
9.98 5.06137
9.99 5.05926
10 5.05717
10.001 5
