0 0
0.01 0.307758
0.02 0.306536
0.03 0.305307
0.04 0.304072
0.05 0.30283
0.06 0.301582
0.07 0.300327
0.08 0.299065
0.09 0.297797
0.1 0.296522
0.11 0.29524
0.12 0.293952
0.13 0.292657
0.14 0.291355
0.15 0.290046
0.16 0.28873
0.17 0.287408
0.18 0.286078
0.19 0.284742
0.2 0.283398
0.21 0.282048
0.22 0.280691
0.23 0.279326
0.24 0.277955
0.25 0.276576
0.26 0.275191
0.27 0.273798
0.28 0.272399
0.29 0.270992
0.3 0.269578
0.31 0.268156
0.32 0.266728
0.33 0.265293
0.34 0.26385
0.35 0.2624
0.36 0.260943
0.37 0.259478
0.38 0.258007
0.39 0.256528
0.4 0.255042
0.41 0.253548
0.42 0.252048
0.43 0.25054
0.44 0.249024
0.45 0.247502
0.46 0.245972
0.47 0.244435
0.48 0.242891
0.49 0.241339
0.5 0.239781
0.51 0.238215
0.52 0.236641
0.53 0.235061
0.54 0.233473
0.55 0.231878
0.56 0.230276
0.57 0.228667
0.58 0.227051
0.59 0.225427
0.6 0.223797
0.61 0.222159
0.62 0.220515
0.63 0.218863
0.64 0.217204
0.65 0.215539
0.66 0.213866
0.67 0.212187
0.68 0.210501
0.69 0.208808
0.7 0.207108
0.71 0.205401
0.72 0.203688
0.73 0.201969
0.74 0.200242
0.75 0.19851
0.76 0.19677
0.77 0.195025
0.78 0.193273
0.79 0.191515
0.8 0.189751
0.81 0.18798
0.82 0.186204
0.83 0.184422
0.84 0.182633
0.85 0.180839
0.86 0.17904
0.87 0.177235
0.88 0.175424
0.89 0.173608
0.9 0.171787
0.91 0.16996
0.92 0.168129
0.93 0.166292
0.94 0.164451
0.95 0.162605
0.96 0.160754
0.97 0.158899
0.98 0.15704
0.99 0.155176
1 0.153309
1.01 0.151437
1.02 0.149562
1.03 0.147683
1.04 0.145801
1.05 0.143916
1.06 0.142028
1.07 0.140136
1.08 0.138243
1.09 0.136346
1.1 0.134448
1.11 0.132547
1.12 0.130644
1.13 0.12874
1.14 0.126835
1.15 0.124928
1.16 0.12302
1.17 0.121112
1.18 0.119203
1.19 0.117294
1.2 0.115385
1.21 0.113476
1.22 0.111568
1.23 0.109661
1.24 0.107755
1.25 0.10585
1.26 0.103948
1.27 0.102047
1.28 0.100149
1.29 0.0982544
1.3 0.0963626
1.31 0.0944743
1.32 0.0925899
1.33 0.0907098
1.34 0.0888345
1.35 0.0869642
1.36 0.0850994
1.37 0.0832406
1.38 0.0813882
1.39 0.0795425
1.4 0.0777041
1.41 0.0758735
1.42 0.0740511
1.43 0.0722373
1.44 0.0704328
1.45 0.068638
1.46 0.0668534
1.47 0.0650797
1.48 0.0633172
1.49 0.0615667
1.5 0.0598286
1.51 0.0581036
1.52 0.0563923
1.53 0.0546953
1.54 0.0530131
1.55 0.0513465
1.56 0.0496961
1.57 0.0480626
1.58 0.0464466
1.59 0.0448489
1.6 0.0432701
1.61 0.041711
1.62 0.0401723
1.63 0.0386547
1.64 0.037159
1.65 0.035686
1.66 0.0342365
1.67 0.0328112
1.68 0.031411
1.69 0.0300367
1.7 0.028689
1.71 0.027369
1.72 0.0260773
1.73 0.0248149
1.74 0.0235827
1.75 0.0223816
1.76 0.0212124
1.77 0.0200761
1.78 0.0189735
1.79 0.0179057
1.8 0.0168735
1.81 0.015878
1.82 0.01492
1.83 0.0140005
1.84 0.0131205
1.85 0.012281
1.86 0.0114829
1.87 0.0107273
1.88 0.0100152
1.89 0.00934749
1.9 0.00872524
1.91 0.00814946
1.92 0.00762115
1.93 0.00714134
1.94 0.00671103
1.95 0.00633124
1.96 0.00600299
1.97 0.0057273
1.98 0.00550518
1.99 0.00533765
2 0.0052257
2.01 0.00517036
2.02 0.00517261
2.03 0.00523346
2.04 0.00535389
2.05 0.00553489
2.06 0.00577742
2.07 0.00608246
2.08 0.00645094
2.09 0.00688382
2.1 0.00738203
2.11 0.00794647
2.12 0.00857804
2.13 0.00927763
2.14 0.0100461
2.15 0.0108843
2.16 0.0117931
2.17 0.0127732
2.18 0.0138255
2.19 0.0149507
2.2 0.0161495
2.21 0.0174227
2.22 0.0187709
2.23 0.0201948
2.24 0.021695
2.25 0.0232721
2.26 0.0249266
2.27 0.0266591
2.28 0.0284701
2.29 0.0303599
2.3 0.032329
2.31 0.0343778
2.32 0.0365065
2.33 0.0387155
2.34 0.041005
2.35 0.0433752
2.36 0.0458261
2.37 0.0483579
2.38 0.0509706
2.39 0.0536643
2.4 0.0564387
2.41 0.0592939
2.42 0.0622295
2.43 0.0652455
2.44 0.0683414
2.45 0.071517
2.46 0.0747717
2.47 0.0781052
2.48 0.0815169
2.49 0.0850061
2.5 0.0885724
2.51 0.0922148
2.52 0.0959328
2.53 0.0997253
2.54 0.103592
2.55 0.107531
2.56 0.111541
2.57 0.115623
2.58 0.119774
2.59 0.123993
2.6 0.12828
2.61 0.132633
2.62 0.13705
2.63 0.14153
2.64 0.146072
2.65 0.150674
2.66 0.155335
2.67 0.160054
2.68 0.164828
2.69 0.169656
2.7 0.174537
2.71 0.179469
2.72 0.18445
2.73 0.189478
2.74 0.194553
2.75 0.199671
2.76 0.204832
2.77 0.210034
2.78 0.215276
2.79 0.220554
2.8 0.225869
2.81 0.231218
2.82 0.236599
2.83 0.242012
2.84 0.247454
2.85 0.252924
2.86 0.258421
2.87 0.263943
2.88 0.269488
2.89 0.275056
2.9 0.280645
2.91 0.286254
2.92 0.291881
2.93 0.297526
2.94 0.303187
2.95 0.308864
2.96 0.314554
2.97 0.320259
2.98 0.325975
2.99 0.331704
3 0.337444
3.01 0.343193
3.02 0.348953
3.03 0.354722
3.04 0.360499
3.05 0.366285
3.06 0.372078
3.07 0.377878
3.08 0.383686
3.09 0.3895
3.1 0.395321
3.11 0.401149
3.12 0.406982
3.13 0.412822
3.14 0.418668
3.15 0.42452
3.16 0.430378
3.17 0.436242
3.18 0.442112
3.19 0.447989
3.2 0.453871
3.21 0.459761
3.22 0.465657
3.23 0.47156
3.24 0.47747
3.25 0.483387
3.26 0.489312
3.27 0.495244
3.28 0.501184
3.29 0.507132
3.3 0.513089
3.31 0.519054
3.32 0.525027
3.33 0.53101
3.34 0.537001
3.35 0.543003
3.36 0.549013
3.37 0.555034
3.38 0.561064
3.39 0.567104
3.4 0.573155
3.41 0.579216
3.42 0.585288
3.43 0.591371
3.44 0.597464
3.45 0.603568
3.46 0.609684
3.47 0.615811
3.48 0.621948
3.49 0.628098
3.5 0.634258
3.51 0.64043
3.52 0.646613
3.53 0.652808
3.54 0.659014
3.55 0.665231
3.56 0.67146
3.57 0.6777
3.58 0.683951
3.59 0.690213
3.6 0.696487
3.61 0.702771
3.62 0.709067
3.63 0.715373
3.64 0.72169
3.65 0.728017
3.66 0.734355
3.67 0.740703
3.68 0.747061
3.69 0.75343
3.7 0.759808
3.71 0.766195
3.72 0.772592
3.73 0.778998
3.74 0.785414
3.75 0.791838
3.76 0.798271
3.77 0.804713
3.78 0.811162
3.79 0.81762
3.8 0.824086
3.81 0.83056
3.82 0.837041
3.83 0.843529
3.84 0.850025
3.85 0.856527
3.86 0.863036
3.87 0.869551
3.88 0.876073
3.89 0.882601
3.9 0.889135
3.91 0.895674
3.92 0.902219
3.93 0.908769
3.94 0.915325
3.95 0.921885
3.96 0.92845
3.97 0.935019
3.98 0.941593
3.99 0.948171
4 0.954753
4.01 0.961339
4.02 0.967929
4.03 0.974522
4.04 0.981118
4.05 0.987718
4.06 0.99432
4.07 1.00093
4.08 1.00753
4.09 1.01415
4.1 1.02076
4.11 1.02737
4.12 1.03399
4.13 1.04061
4.14 1.04723
4.15 1.05386
4.16 1.06048
4.17 1.06711
4.18 1.07374
4.19 1.08037
4.2 1.087
4.21 1.09363
4.22 1.10026
4.23 1.1069
4.24 1.11353
4.25 1.12017
4.26 1.1268
4.27 1.13344
4.28 1.14008
4.29 1.14671
4.3 1.15335
4.31 1.15999
4.32 1.16663
4.33 1.17326
4.34 1.1799
4.35 1.18654
4.36 1.19318
4.37 1.19981
4.38 1.20645
4.39 1.21309
4.4 1.21972
4.41 1.22636
4.42 1.23299
4.43 1.23962
4.44 1.24626
4.45 1.25289
4.46 1.25952
4.47 1.26615
4.48 1.27278
4.49 1.27941
4.5 1.28603
4.51 1.29266
4.52 1.29928
4.53 1.3059
4.54 1.31252
4.55 1.31914
4.56 1.32576
4.57 1.33237
4.58 1.33898
4.59 1.3456
4.6 1.35221
4.61 1.35881
4.62 1.36542
4.63 1.37202
4.64 1.37862
4.65 1.38522
4.66 1.39181
4.67 1.39841
4.68 1.405
4.69 1.41159
4.7 1.41817
4.71 1.42475
4.72 1.43133
4.73 1.43791
4.74 1.44448
4.75 1.45105
4.76 1.45762
4.77 1.46418
4.78 1.47074
4.79 1.4773
4.8 1.48385
4.81 1.4904
4.82 1.49695
4.83 1.50349
4.84 1.51002
4.85 1.51656
4.86 1.52309
4.87 1.52961
4.88 1.53613
4.89 1.54265
4.9 1.54916
4.91 1.55567
4.92 1.56218
4.93 1.56868
4.94 1.57517
4.95 1.58166
4.96 1.58814
4.97 1.59462
4.98 1.6011
4.99 1.60757
5 1.61403
5.01 1.62049
5.02 1.62695
5.03 1.6334
5.04 1.63984
5.05 1.64628
5.06 1.65271
5.07 1.65914
5.08 1.66556
5.09 1.67198
5.1 1.67839
5.11 1.68479
5.12 1.69119
5.13 1.69759
5.14 1.70397
5.15 1.71035
5.16 1.71673
5.17 1.7231
5.18 1.72946
5.19 1.73582
5.2 1.74217
5.21 1.74852
5.22 1.75486
5.23 1.76119
5.24 1.76752
5.25 1.77384
5.26 1.78015
5.27 1.78646
5.28 1.79276
5.29 1.79906
5.3 1.80535
5.31 1.81164
5.32 1.81792
5.33 1.82419
5.34 1.83046
5.35 1.83672
5.36 1.84297
5.37 1.84922
5.38 1.85547
5.39 1.8617
5.4 1.86794
5.41 1.87416
5.42 1.88039
5.43 1.8866
5.44 1.89281
5.45 1.89902
5.46 1.90522
5.47 1.91142
5.48 1.91761
5.49 1.92379
5.5 1.92998
5.51 1.93615
5.52 1.94233
5.53 1.94849
5.54 1.95466
5.55 1.96082
5.56 1.96698
5.57 1.97313
5.58 1.97928
5.59 1.98542
5.6 1.99157
5.61 1.99771
5.62 2.00385
5.63 2.00998
5.64 2.01611
5.65 2.02224
5.66 2.02837
5.67 2.0345
5.68 2.04062
5.69 2.04675
5.7 2.05287
5.71 2.05899
5.72 2.06511
5.73 2.07124
5.74 2.07736
5.75 2.08348
5.76 2.0896
5.77 2.09572
5.78 2.10185
5.79 2.10797
5.8 2.1141
5.81 2.12023
5.82 2.12636
5.83 2.1325
5.84 2.13863
5.85 2.14478
5.86 2.15092
5.87 2.15707
5.88 2.16322
5.89 2.16938
5.9 2.17554
5.91 2.18171
5.92 2.18788
5.93 2.19406
5.94 2.20025
5.95 2.20644
5.96 2.21264
5.97 2.21885
5.98 2.22507
5.99 2.23129
6 2.23753
6.01 2.24377
6.02 2.25002
6.03 2.25629
6.04 2.26256
6.05 2.26885
6.06 2.27515
6.07 2.28145
6.08 2.28778
6.09 2.29411
6.1 2.30046
6.11 2.30682
6.12 2.3132
6.13 2.31959
6.14 2.326
6.15 2.33242
6.16 2.33886
6.17 2.34531
6.18 2.35179
6.19 2.35828
6.2 2.36479
6.21 2.37132
6.22 2.37786
6.23 2.38443
6.24 2.39102
6.25 2.39763
6.26 2.40426
6.27 2.41091
6.28 2.41759
6.29 2.42428
6.3 2.43101
6.31 2.43775
6.32 2.44452
6.33 2.45132
6.34 2.45814
6.35 2.46499
6.36 2.47186
6.37 2.47876
6.38 2.48569
6.39 2.49265
6.4 2.49964
6.41 2.50666
6.42 2.5137
6.43 2.52078
6.44 2.52789
6.45 2.53503
6.46 2.54221
6.47 2.54941
6.48 2.55665
6.49 2.56393
6.5 2.57123
6.51 2.57858
6.52 2.58596
6.53 2.59337
6.54 2.60082
6.55 2.60831
6.56 2.61584
6.57 2.6234
6.58 2.631
6.59 2.63864
6.6 2.64633
6.61 2.65405
6.62 2.66181
6.63 2.66961
6.64 2.67746
6.65 2.68534
6.66 2.69327
6.67 2.70124
6.68 2.70926
6.69 2.71732
6.7 2.72542
6.71 2.73357
6.72 2.74176
6.73 2.75
6.74 2.75828
6.75 2.76661
6.76 2.77499
6.77 2.78341
6.78 2.79188
6.79 2.8004
6.8 2.80896
6.81 2.81758
6.82 2.82624
6.83 2.83495
6.84 2.8437
6.85 2.85251
6.86 2.86137
6.87 2.87027
6.88 2.87923
6.89 2.88823
6.9 2.89728
6.91 2.90639
6.92 2.91554
6.93 2.92474
6.94 2.934
6.95 2.9433
6.96 2.95265
6.97 2.96206
6.98 2.97151
6.99 2.98101
7 2.99057
7.01 3.00017
7.02 3.00982
7.03 3.01952
7.04 3.02927
7.05 3.03907
7.06 3.04892
7.07 3.05882
7.08 3.06876
7.09 3.07876
7.1 3.0888
7.11 3.09889
7.12 3.10902
7.13 3.1192
7.14 3.12943
7.15 3.1397
7.16 3.15002
7.17 3.16038
7.18 3.17078
7.19 3.18123
7.2 3.19172
7.21 3.20225
7.22 3.21283
7.23 3.22344
7.24 3.2341
7.25 3.24479
7.26 3.25552
7.27 3.26629
7.28 3.27709
7.29 3.28793
7.3 3.2988
7.31 3.30971
7.32 3.32065
7.33 3.33162
7.34 3.34262
7.35 3.35365
7.36 3.36471
7.37 3.3758
7.38 3.38691
7.39 3.39804
7.4 3.4092
7.41 3.42038
7.42 3.43158
7.43 3.4428
7.44 3.45404
7.45 3.46529
7.46 3.47656
7.47 3.48784
7.48 3.49913
7.49 3.51043
7.5 3.52174
7.51 3.53305
7.52 3.54438
7.53 3.5557
7.54 3.56703
7.55 3.57835
7.56 3.58967
7.57 3.60099
7.58 3.61231
7.59 3.62361
7.6 3.63491
7.61 3.64619
7.62 3.65746
7.63 3.66871
7.64 3.67995
7.65 3.69116
7.66 3.70236
7.67 3.71353
7.68 3.72467
7.69 3.73578
7.7 3.74687
7.71 3.75791
7.72 3.76893
7.73 3.77991
7.74 3.79084
7.75 3.80174
7.76 3.81259
7.77 3.82339
7.78 3.83414
7.79 3.84485
7.8 3.8555
7.81 3.86609
7.82 3.87662
7.83 3.8871
7.84 3.89751
7.85 3.90785
7.86 3.91813
7.87 3.92834
7.88 3.93847
7.89 3.94853
7.9 3.95852
7.91 3.96842
7.92 3.97825
7.93 3.98799
7.94 3.99765
7.95 4.00722
7.96 4.0167
7.97 4.02609
7.98 4.03539
7.99 4.0446
8 4.0537
8.01 4.06271
8.02 4.07162
8.03 4.08043
8.04 4.08913
8.05 4.09773
8.06 4.10623
8.07 4.11461
8.08 4.12289
8.09 4.13106
8.1 4.13912
8.11 4.14706
8.12 4.15489
8.13 4.16261
8.14 4.17021
8.15 4.1777
8.16 4.18507
8.17 4.19232
8.18 4.19946
8.19 4.20647
8.2 4.21337
8.21 4.22015
8.22 4.22681
8.23 4.23335
8.24 4.23977
8.25 4.24606
8.26 4.25224
8.27 4.2583
8.28 4.26424
8.29 4.27006
8.3 4.27576
8.31 4.28134
8.32 4.2868
8.33 4.29214
8.34 4.29736
8.35 4.30247
8.36 4.30746
8.37 4.31233
8.38 4.31709
8.39 4.32173
8.4 4.32626
8.41 4.33067
8.42 4.33497
8.43 4.33916
8.44 4.34323
8.45 4.3472
8.46 4.35106
8.47 4.35481
8.48 4.35845
8.49 4.36198
8.5 4.36541
8.51 4.36874
8.52 4.37196
8.53 4.37508
8.54 4.3781
8.55 4.38103
8.56 4.38385
8.57 4.38657
8.58 4.3892
8.59 4.39173
8.6 4.39418
8.61 4.39652
8.62 4.39878
8.63 4.40095
8.64 4.40302
8.65 4.40501
8.66 4.40692
8.67 4.40874
8.68 4.41047
8.69 4.41212
8.7 4.41369
8.71 4.41518
8.72 4.41659
8.73 4.41793
8.74 4.41918
8.75 4.42037
8.76 4.42147
8.77 4.42251
8.78 4.42347
8.79 4.42436
8.8 4.42518
8.81 4.42594
8.82 4.42662
8.83 4.42725
8.84 4.4278
8.85 4.42829
8.86 4.42872
8.87 4.42909
8.88 4.42939
8.89 4.42964
8.9 4.42983
8.91 4.42996
8.92 4.43003
8.93 4.43005
8.94 4.43002
8.95 4.42993
8.96 4.42978
8.97 4.42959
8.98 4.42935
8.99 4.42905
9 4.42871
9.01 4.42831
9.02 4.42788
9.03 4.42739
9.04 4.42686
9.05 4.42628
9.06 4.42567
9.07 4.425
9.08 4.4243
9.09 4.42355
9.1 4.42277
9.11 4.42194
9.12 4.42107
9.13 4.42017
9.14 4.41923
9.15 4.41825
9.16 4.41724
9.17 4.41618
9.18 4.4151
9.19 4.41398
9.2 4.41283
9.21 4.41164
9.22 4.41042
9.23 4.40917
9.24 4.40789
9.25 4.40657
9.26 4.40523
9.27 4.40386
9.28 4.40246
9.29 4.40103
9.3 4.39957
9.31 4.39809
9.32 4.39658
9.33 4.39504
9.34 4.39348
9.35 4.39189
9.36 4.39027
9.37 4.38864
9.38 4.38697
9.39 4.38529
9.4 4.38358
9.41 4.38185
9.42 4.3801
9.43 4.37832
9.44 4.37653
9.45 4.37471
9.46 4.37287
9.47 4.37102
9.48 4.36914
9.49 4.36724
9.5 4.36533
9.51 4.36339
9.52 4.36144
9.53 4.35947
9.54 4.35749
9.55 4.35548
9.56 4.35346
9.57 4.35142
9.58 4.34937
9.59 4.34729
9.6 4.34521
9.61 4.34311
9.62 4.34099
9.63 4.33886
9.64 4.33671
9.65 4.33455
9.66 4.33238
9.67 4.33019
9.68 4.32799
9.69 4.32578
9.7 4.32355
9.71 4.32131
9.72 4.31906
9.73 4.31679
9.74 4.31451
9.75 4.31223
9.76 4.30993
9.77 4.30762
9.78 4.30529
9.79 4.30296
9.8 4.30062
9.81 4.29826
9.82 4.2959
9.83 4.29353
9.84 4.29114
9.85 4.28875
9.86 4.28635
9.87 4.28394
9.88 4.28152
9.89 4.27909
9.9 4.27665
9.91 4.2742
9.92 4.27175
9.93 4.26928
9.94 4.26681
9.95 4.26433
9.96 4.26185
9.97 4.25935
9.98 4.25685
9.99 4.25434
10 4.25183
10.001 0
