0 0
0.01 0.215624
0.02 0.214627
0.03 0.213635
0.04 0.212646
0.05 0.211663
0.06 0.210684
0.07 0.20971
0.08 0.208741
0.09 0.207777
0.1 0.206818
0.11 0.205865
0.12 0.204917
0.13 0.203975
0.14 0.203038
0.15 0.202107
0.16 0.201183
0.17 0.200264
0.18 0.199352
0.19 0.198446
0.2 0.197546
0.21 0.196654
0.22 0.195768
0.23 0.194889
0.24 0.194017
0.25 0.193152
0.26 0.192295
0.27 0.191446
0.28 0.190604
0.29 0.18977
0.3 0.188944
0.31 0.188126
0.32 0.187317
0.33 0.186516
0.34 0.185724
0.35 0.184941
0.36 0.184167
0.37 0.183402
0.38 0.182646
0.39 0.1819
0.4 0.181164
0.41 0.180438
0.42 0.179721
0.43 0.179015
0.44 0.17832
0.45 0.177635
0.46 0.176961
0.47 0.176298
0.48 0.175646
0.49 0.175005
0.5 0.174376
0.51 0.173759
0.52 0.173154
0.53 0.172561
0.54 0.171981
0.55 0.171413
0.56 0.170858
0.57 0.170316
0.58 0.169787
0.59 0.169272
0.6 0.16877
0.61 0.168282
0.62 0.167808
0.63 0.167349
0.64 0.166903
0.65 0.166473
0.66 0.166058
0.67 0.165657
0.68 0.165272
0.69 0.164903
0.7 0.164549
0.71 0.164212
0.72 0.16389
0.73 0.163585
0.74 0.163297
0.75 0.163026
0.76 0.162772
0.77 0.162535
0.78 0.162316
0.79 0.162114
0.8 0.161931
0.81 0.161766
0.82 0.161619
0.83 0.161491
0.84 0.161382
0.85 0.161292
0.86 0.161221
0.87 0.16117
0.88 0.161139
0.89 0.161128
0.9 0.161136
0.91 0.161166
0.92 0.161216
0.93 0.161286
0.94 0.161378
0.95 0.161491
0.96 0.161626
0.97 0.161782
0.98 0.16196
0.99 0.16216
1 0.162382
1.01 0.162627
1.02 0.162894
1.03 0.163184
1.04 0.163497
1.05 0.163833
1.06 0.164193
1.07 0.164576
1.08 0.164982
1.09 0.165412
1.1 0.165866
1.11 0.166344
1.12 0.166846
1.13 0.167373
1.14 0.167924
1.15 0.168499
1.16 0.169099
1.17 0.169724
1.18 0.170374
1.19 0.171048
1.2 0.171748
1.21 0.172473
1.22 0.173222
1.23 0.173997
1.24 0.174797
1.25 0.175622
1.26 0.176473
1.27 0.177349
1.28 0.17825
1.29 0.179176
1.3 0.180128
1.31 0.181105
1.32 0.182107
1.33 0.183134
1.34 0.184186
1.35 0.185263
1.36 0.186366
1.37 0.187492
1.38 0.188644
1.39 0.18982
1.4 0.191021
1.41 0.192246
1.42 0.193494
1.43 0.194767
1.44 0.196064
1.45 0.197384
1.46 0.198727
1.47 0.200094
1.48 0.201483
1.49 0.202894
1.5 0.204328
1.51 0.205784
1.52 0.207261
1.53 0.20876
1.54 0.21028
1.55 0.21182
1.56 0.213381
1.57 0.214961
1.58 0.216561
1.59 0.21818
1.6 0.219817
1.61 0.221472
1.62 0.223146
1.63 0.224836
1.64 0.226543
1.65 0.228266
1.66 0.230005
1.67 0.231759
1.68 0.233528
1.69 0.235311
1.7 0.237107
1.71 0.238916
1.72 0.240738
1.73 0.242571
1.74 0.244415
1.75 0.24627
1.76 0.248135
1.77 0.25001
1.78 0.251892
1.79 0.253783
1.8 0.255682
1.81 0.257587
1.82 0.259498
1.83 0.261414
1.84 0.263336
1.85 0.265261
1.86 0.26719
1.87 0.269122
1.88 0.271056
1.89 0.272991
1.9 0.274928
1.91 0.276864
1.92 0.278801
1.93 0.280736
1.94 0.28267
1.95 0.284602
1.96 0.286531
1.97 0.288456
1.98 0.290378
1.99 0.292295
2 0.294208
2.01 0.296115
2.02 0.298016
2.03 0.29991
2.04 0.301798
2.05 0.303679
2.06 0.305551
2.07 0.307416
2.08 0.309272
2.09 0.311119
2.1 0.312957
2.11 0.314785
2.12 0.316604
2.13 0.318413
2.14 0.320212
2.15 0.322
2.16 0.323777
2.17 0.325544
2.18 0.3273
2.19 0.329045
2.2 0.330779
2.21 0.332502
2.22 0.334214
2.23 0.335915
2.24 0.337605
2.25 0.339283
2.26 0.340951
2.27 0.342608
2.28 0.344255
2.29 0.345891
2.3 0.347517
2.31 0.349132
2.32 0.350738
2.33 0.352334
2.34 0.353921
2.35 0.355498
2.36 0.357067
2.37 0.358627
2.38 0.360179
2.39 0.361724
2.4 0.363261
2.41 0.36479
2.42 0.366313
2.43 0.36783
2.44 0.369341
2.45 0.370847
2.46 0.372347
2.47 0.373843
2.48 0.375334
2.49 0.376822
2.5 0.378307
2.51 0.379788
2.52 0.381267
2.53 0.382745
2.54 0.38422
2.55 0.385695
2.56 0.387169
2.57 0.388643
2.58 0.390117
2.59 0.391592
2.6 0.393068
2.61 0.394545
2.62 0.396024
2.63 0.397506
2.64 0.398991
2.65 0.400478
2.66 0.40197
2.67 0.403465
2.68 0.404964
2.69 0.406468
2.7 0.407977
2.71 0.409492
2.72 0.411012
2.73 0.412538
2.74 0.414071
2.75 0.41561
2.76 0.417156
2.77 0.418709
2.78 0.420269
2.79 0.421837
2.8 0.423413
2.81 0.424997
2.82 0.42659
2.83 0.428191
2.84 0.429801
2.85 0.431419
2.86 0.433047
2.87 0.434683
2.88 0.43633
2.89 0.437985
2.9 0.43965
2.91 0.441325
2.92 0.44301
2.93 0.444704
2.94 0.446408
2.95 0.448123
2.96 0.449847
2.97 0.451581
2.98 0.453326
2.99 0.455081
3 0.456845
3.01 0.45862
3.02 0.460405
3.03 0.4622
3.04 0.464006
3.05 0.465821
3.06 0.467646
3.07 0.469481
3.08 0.471326
3.09 0.473181
3.1 0.475046
3.11 0.476921
3.12 0.478805
3.13 0.480698
3.14 0.482601
3.15 0.484514
3.16 0.486435
3.17 0.488366
3.18 0.490305
3.19 0.492254
3.2 0.494211
3.21 0.496177
3.22 0.498152
3.23 0.500134
3.24 0.502126
3.25 0.504125
3.26 0.506132
3.27 0.508147
3.28 0.510169
3.29 0.512199
3.3 0.514237
3.31 0.516281
3.32 0.518333
3.33 0.520392
3.34 0.522457
3.35 0.524529
3.36 0.526607
3.37 0.528692
3.38 0.530783
3.39 0.532879
3.4 0.534982
3.41 0.53709
3.42 0.539203
3.43 0.541322
3.44 0.543446
3.45 0.545576
3.46 0.54771
3.47 0.549848
3.48 0.551992
3.49 0.554139
3.5 0.556291
3.51 0.558447
3.52 0.560607
3.53 0.562771
3.54 0.564938
3.55 0.567109
3.56 0.569284
3.57 0.571461
3.58 0.573642
3.59 0.575826
3.6 0.578013
3.61 0.580202
3.62 0.582394
3.63 0.584589
3.64 0.586785
3.65 0.588985
3.66 0.591186
3.67 0.593389
3.68 0.595594
3.69 0.597801
3.7 0.60001
3.71 0.60222
3.72 0.604432
3.73 0.606645
3.74 0.608859
3.75 0.611075
3.76 0.613292
3.77 0.615509
3.78 0.617728
3.79 0.619948
3.8 0.622168
3.81 0.624389
3.82 0.626611
3.83 0.628833
3.84 0.631056
3.85 0.633279
3.86 0.635502
3.87 0.637726
3.88 0.639951
3.89 0.642175
3.9 0.644399
3.91 0.646624
3.92 0.648849
3.93 0.651073
3.94 0.653298
3.95 0.655522
3.96 0.657747
3.97 0.659971
3.98 0.662195
3.99 0.664419
4 0.666643
4.01 0.668866
4.02 0.67109
4.03 0.673313
4.04 0.675535
4.05 0.677757
4.06 0.679979
4.07 0.682201
4.08 0.684422
4.09 0.686643
4.1 0.688864
4.11 0.691084
4.12 0.693304
4.13 0.695523
4.14 0.697742
4.15 0.699961
4.16 0.702179
4.17 0.704397
4.18 0.706615
4.19 0.708832
4.2 0.711049
4.21 0.713266
4.22 0.715483
4.23 0.717699
4.24 0.719915
4.25 0.722131
4.26 0.724347
4.27 0.726563
4.28 0.728778
4.29 0.730994
4.3 0.733209
4.31 0.735425
4.32 0.73764
4.33 0.739856
4.34 0.742071
4.35 0.744287
4.36 0.746503
4.37 0.748719
4.38 0.750936
4.39 0.753152
4.4 0.755369
4.41 0.757587
4.42 0.759805
4.43 0.762023
4.44 0.764242
4.45 0.766462
4.46 0.768682
4.47 0.770903
4.48 0.773125
4.49 0.775347
4.5 0.77757
4.51 0.779795
4.52 0.78202
4.53 0.784247
4.54 0.786474
4.55 0.788703
4.56 0.790933
4.57 0.793164
4.58 0.795396
4.59 0.79763
4.6 0.799866
4.61 0.802103
4.62 0.804342
4.63 0.806582
4.64 0.808824
4.65 0.811068
4.66 0.813314
4.67 0.815562
4.68 0.817812
4.69 0.820064
4.7 0.822319
4.71 0.824575
4.72 0.826834
4.73 0.829096
4.74 0.83136
4.75 0.833627
4.76 0.835896
4.77 0.838168
4.78 0.840443
4.79 0.84272
4.8 0.845001
4.81 0.847285
4.82 0.849572
4.83 0.851862
4.84 0.854156
4.85 0.856453
4.86 0.858754
4.87 0.861058
4.88 0.863366
4.89 0.865677
4.9 0.867993
4.91 0.870312
4.92 0.872635
4.93 0.874963
4.94 0.877295
4.95 0.879631
4.96 0.881971
4.97 0.884316
4.98 0.886666
4.99 0.88902
5 0.891379
5.01 0.893743
5.02 0.896112
5.03 0.898486
5.04 0.900865
5.05 0.903249
5.06 0.905639
5.07 0.908034
5.08 0.910435
5.09 0.912842
5.1 0.915254
5.11 0.917672
5.12 0.920096
5.13 0.922526
5.14 0.924963
5.15 0.927405
5.16 0.929854
5.17 0.93231
5.18 0.934772
5.19 0.937241
5.2 0.939716
5.21 0.942199
5.22 0.944689
5.23 0.947185
5.24 0.94969
5.25 0.952201
5.26 0.95472
5.27 0.957247
5.28 0.959781
5.29 0.962323
5.3 0.964873
5.31 0.967432
5.32 0.969998
5.33 0.972573
5.34 0.975156
5.35 0.977748
5.36 0.980348
5.37 0.982958
5.38 0.985576
5.39 0.988203
5.4 0.99084
5.41 0.993486
5.42 0.996141
5.43 0.998806
5.44 1.00148
5.45 1.00416
5.46 1.00686
5.47 1.00956
5.48 1.01228
5.49 1.015
5.5 1.01774
5.51 1.02049
5.52 1.02324
5.53 1.02601
5.54 1.02879
5.55 1.03158
5.56 1.03438
5.57 1.03719
5.58 1.04002
5.59 1.04286
5.6 1.0457
5.61 1.04857
5.62 1.05144
5.63 1.05432
5.64 1.05722
5.65 1.06013
5.66 1.06306
5.67 1.06599
5.68 1.06894
5.69 1.07191
5.7 1.07488
5.71 1.07787
5.72 1.08088
5.73 1.08389
5.74 1.08693
5.75 1.08997
5.76 1.09303
5.77 1.09611
5.78 1.0992
5.79 1.10231
5.8 1.10543
5.81 1.10856
5.82 1.11172
5.83 1.11488
5.84 1.11807
5.85 1.12127
5.86 1.12448
5.87 1.12772
5.88 1.13097
5.89 1.13423
5.9 1.13752
5.91 1.14082
5.92 1.14413
5.93 1.14747
5.94 1.15082
5.95 1.1542
5.96 1.15758
5.97 1.16099
5.98 1.16442
5.99 1.16787
6 1.17133
6.01 1.17482
6.02 1.17832
6.03 1.18184
6.04 1.18539
6.05 1.18895
6.06 1.19253
6.07 1.19614
6.08 1.19976
6.09 1.20341
6.1 1.20708
6.11 1.21076
6.12 1.21448
6.13 1.21821
6.14 1.22196
6.15 1.22574
6.16 1.22954
6.17 1.23336
6.18 1.23721
6.19 1.24108
6.2 1.24497
6.21 1.24888
6.22 1.25282
6.23 1.25679
6.24 1.26078
6.25 1.26479
6.26 1.26883
6.27 1.27289
6.28 1.27698
6.29 1.2811
6.3 1.28524
6.31 1.28941
6.32 1.2936
6.33 1.29782
6.34 1.30207
6.35 1.30634
6.36 1.31064
6.37 1.31497
6.38 1.31933
6.39 1.32372
6.4 1.32813
6.41 1.33257
6.42 1.33704
6.43 1.34154
6.44 1.34607
6.45 1.35063
6.46 1.35522
6.47 1.35984
6.48 1.36449
6.49 1.36917
6.5 1.37389
6.51 1.37863
6.52 1.3834
6.53 1.38821
6.54 1.39305
6.55 1.39792
6.56 1.40282
6.57 1.40775
6.58 1.41272
6.59 1.41772
6.6 1.42275
6.61 1.42782
6.62 1.43292
6.63 1.43805
6.64 1.44322
6.65 1.44842
6.66 1.45366
6.67 1.45893
6.68 1.46424
6.69 1.46958
6.7 1.47495
6.71 1.48037
6.72 1.48581
6.73 1.4913
6.74 1.49681
6.75 1.50237
6.76 1.50796
6.77 1.51359
6.78 1.51925
6.79 1.52495
6.8 1.53069
6.81 1.53646
6.82 1.54228
6.83 1.54812
6.84 1.55401
6.85 1.55993
6.86 1.56589
6.87 1.57189
6.88 1.57793
6.89 1.584
6.9 1.59011
6.91 1.59626
6.92 1.60245
6.93 1.60867
6.94 1.61494
6.95 1.62124
6.96 1.62758
6.97 1.63396
6.98 1.64037
6.99 1.64682
7 1.65332
7.01 1.65985
7.02 1.66641
7.03 1.67302
7.04 1.67967
7.05 1.68635
7.06 1.69307
7.07 1.69983
7.08 1.70663
7.09 1.71346
7.1 1.72033
7.11 1.72724
7.12 1.73419
7.13 1.74118
7.14 1.7482
7.15 1.75527
7.16 1.76237
7.17 1.7695
7.18 1.77668
7.19 1.78389
7.2 1.79114
7.21 1.79843
7.22 1.80576
7.23 1.81312
7.24 1.82052
7.25 1.82796
7.26 1.83544
7.27 1.84296
7.28 1.85051
7.29 1.8581
7.3 1.86573
7.31 1.87339
7.32 1.88109
7.33 1.88884
7.34 1.89662
7.35 1.90443
7.36 1.91229
7.37 1.92019
7.38 1.92812
7.39 1.9361
7.4 1.94411
7.41 1.95216
7.42 1.96026
7.43 1.96839
7.44 1.97656
7.45 1.98478
7.46 1.99304
7.47 2.00134
7.48 2.00968
7.49 2.01806
7.5 2.02649
7.51 2.03496
7.52 2.04348
7.53 2.05205
7.54 2.06066
7.55 2.06931
7.56 2.07802
7.57 2.08677
7.58 2.09557
7.59 2.10443
7.6 2.11333
7.61 2.12229
7.62 2.1313
7.63 2.14037
7.64 2.14949
7.65 2.15867
7.66 2.1679
7.67 2.1772
7.68 2.18656
7.69 2.19597
7.7 2.20546
7.71 2.215
7.72 2.22461
7.73 2.23429
7.74 2.24404
7.75 2.25386
7.76 2.26375
7.77 2.27371
7.78 2.28375
7.79 2.29387
7.8 2.30406
7.81 2.31433
7.82 2.32469
7.83 2.33512
7.84 2.34565
7.85 2.35625
7.86 2.36695
7.87 2.37774
7.88 2.38862
7.89 2.39959
7.9 2.41065
7.91 2.42181
7.92 2.43307
7.93 2.44443
7.94 2.45589
7.95 2.46746
7.96 2.47912
7.97 2.4909
7.98 2.50278
7.99 2.51477
8 2.52686
8.01 2.53907
8.02 2.55139
8.03 2.56382
8.04 2.57637
8.05 2.58904
8.06 2.60181
8.07 2.61471
8.08 2.62772
8.09 2.64086
8.1 2.65411
8.11 2.66748
8.12 2.68097
8.13 2.69457
8.14 2.7083
8.15 2.72215
8.16 2.73612
8.17 2.75021
8.18 2.76442
8.19 2.77874
8.2 2.79319
8.21 2.80775
8.22 2.82243
8.23 2.83722
8.24 2.85213
8.25 2.86715
8.26 2.88229
8.27 2.89753
8.28 2.91288
8.29 2.92834
8.3 2.9439
8.31 2.95956
8.32 2.97533
8.33 2.99119
8.34 3.00714
8.35 3.02319
8.36 3.03933
8.37 3.05555
8.38 3.07186
8.39 3.08824
8.4 3.10471
8.41 3.12124
8.42 3.13785
8.43 3.15452
8.44 3.17125
8.45 3.18804
8.46 3.20489
8.47 3.22178
8.48 3.23873
8.49 3.25571
8.5 3.27273
8.51 3.28978
8.52 3.30686
8.53 3.32397
8.54 3.3411
8.55 3.35824
8.56 3.37539
8.57 3.39255
8.58 3.40971
8.59 3.42687
8.6 3.44402
8.61 3.46116
8.62 3.47828
8.63 3.49538
8.64 3.51246
8.65 3.52951
8.66 3.54652
8.67 3.5635
8.68 3.58044
8.69 3.59733
8.7 3.61417
8.71 3.63095
8.72 3.64768
8.73 3.66435
8.74 3.68095
8.75 3.69748
8.76 3.71394
8.77 3.73032
8.78 3.74663
8.79 3.76285
8.8 3.77899
8.81 3.79504
8.82 3.81099
8.83 3.82686
8.84 3.84262
8.85 3.85829
8.86 3.87385
8.87 3.88931
8.88 3.90466
8.89 3.9199
8.9 3.93503
8.91 3.95004
8.92 3.96494
8.93 3.97971
8.94 3.99437
8.95 4.00891
8.96 4.02332
8.97 4.0376
8.98 4.05176
8.99 4.06579
9 4.07968
9.01 4.09345
9.02 4.10707
9.03 4.12057
9.04 4.13392
9.05 4.14714
9.06 4.16021
9.07 4.17315
9.08 4.18594
9.09 4.19858
9.1 4.21109
9.11 4.22344
9.12 4.23565
9.13 4.24771
9.14 4.25961
9.15 4.27137
9.16 4.28298
9.17 4.29443
9.18 4.30573
9.19 4.31688
9.2 4.32787
9.21 4.3387
9.22 4.34938
9.23 4.35991
9.24 4.37027
9.25 4.38048
9.26 4.39053
9.27 4.40042
9.28 4.41015
9.29 4.41972
9.3 4.42914
9.31 4.43839
9.32 4.44749
9.33 4.45642
9.34 4.4652
9.35 4.47382
9.36 4.48228
9.37 4.49059
9.38 4.49873
9.39 4.50672
9.4 4.51456
9.41 4.52223
9.42 4.52975
9.43 4.53712
9.44 4.54434
9.45 4.5514
9.46 4.55831
9.47 4.56507
9.48 4.57168
9.49 4.57814
9.5 4.58446
9.51 4.59063
9.52 4.59665
9.53 4.60253
9.54 4.60827
9.55 4.61387
9.56 4.61933
9.57 4.62465
9.58 4.62983
9.59 4.63488
9.6 4.6398
9.61 4.64458
9.62 4.64924
9.63 4.65377
9.64 4.65817
9.65 4.66244
9.66 4.66659
9.67 4.67063
9.68 4.67454
9.69 4.67833
9.7 4.68201
9.71 4.68557
9.72 4.68902
9.73 4.69236
9.74 4.69558
9.75 4.69871
9.76 4.70172
9.77 4.70463
9.78 4.70744
9.79 4.71015
9.8 4.71276
9.81 4.71527
9.82 4.71769
9.83 4.72001
9.84 4.72224
9.85 4.72438
9.86 4.72643
9.87 4.7284
9.88 4.73028
9.89 4.73207
9.9 4.73378
9.91 4.73542
9.92 4.73697
9.93 4.73844
9.94 4.73984
9.95 4.74117
9.96 4.74242
9.97 4.7436
9.98 4.74471
9.99 4.74575
10 4.74672
10.001 0
