0 -10
0.01 -8.16612
0.02 -8.16151
0.03 -8.15689
0.04 -8.15226
0.05 -8.14761
0.06 -8.14296
0.07 -8.1383
0.08 -8.13363
0.09 -8.12895
0.1 -8.12426
0.11 -8.11956
0.12 -8.11484
0.13 -8.11012
0.14 -8.10539
0.15 -8.10065
0.16 -8.09589
0.17 -8.09113
0.18 -8.08635
0.19 -8.08157
0.2 -8.07677
0.21 -8.07197
0.22 -8.06715
0.23 -8.06232
0.24 -8.05748
0.25 -8.05262
0.26 -8.04776
0.27 -8.04288
0.28 -8.03799
0.29 -8.03309
0.3 -8.02818
0.31 -8.02326
0.32 -8.01832
0.33 -8.01337
0.34 -8.00841
0.35 -8.00343
0.36 -7.99845
0.37 -7.99344
0.38 -7.98843
0.39 -7.9834
0.4 -7.97836
0.41 -7.9733
0.42 -7.96823
0.43 -7.96314
0.44 -7.95804
0.45 -7.95292
0.46 -7.94779
0.47 -7.94264
0.48 -7.93748
0.49 -7.9323
0.5 -7.92711
0.51 -7.92189
0.52 -7.91666
0.53 -7.91142
0.54 -7.90615
0.55 -7.90087
0.56 -7.89557
0.57 -7.89025
0.58 -7.88491
0.59 -7.87956
0.6 -7.87418
0.61 -7.86878
0.62 -7.86337
0.63 -7.85793
0.64 -7.85247
0.65 -7.84699
0.66 -7.84149
0.67 -7.83597
0.68 -7.83042
0.69 -7.82485
0.7 -7.81926
0.71 -7.81364
0.72 -7.808
0.73 -7.80233
0.74 -7.79664
0.75 -7.79092
0.76 -7.78518
0.77 -7.77941
0.78 -7.77361
0.79 -7.76779
0.8 -7.76193
0.81 -7.75605
0.82 -7.75014
0.83 -7.7442
0.84 -7.73823
0.85 -7.73223
0.86 -7.7262
0.87 -7.72013
0.88 -7.71404
0.89 -7.70791
0.9 -7.70174
0.91 -7.69555
0.92 -7.68932
0.93 -7.68305
0.94 -7.67675
0.95 -7.67041
0.96 -7.66403
0.97 -7.65762
0.98 -7.65117
0.99 -7.64468
1 -7.63815
1.01 -7.63158
1.02 -7.62497
1.03 -7.61832
1.04 -7.61163
1.05 -7.60489
1.06 -7.59811
1.07 -7.59129
1.08 -7.58443
1.09 -7.57752
1.1 -7.57056
1.11 -7.56356
1.12 -7.55651
1.13 -7.54942
1.14 -7.54227
1.15 -7.53508
1.16 -7.52784
1.17 -7.52055
1.18 -7.51321
1.19 -7.50582
1.2 -7.49838
1.21 -7.49088
1.22 -7.48334
1.23 -7.47574
1.24 -7.46808
1.25 -7.46038
1.26 -7.45261
1.27 -7.4448
1.28 -7.43693
1.29 -7.429
1.3 -7.42101
1.31 -7.41297
1.32 -7.40487
1.33 -7.39672
1.34 -7.3885
1.35 -7.38023
1.36 -7.3719
1.37 -7.36351
1.38 -7.35506
1.39 -7.34655
1.4 -7.33798
1.41 -7.32936
1.42 -7.32067
1.43 -7.31192
1.44 -7.30311
1.45 -7.29424
1.46 -7.2853
1.47 -7.27631
1.48 -7.26726
1.49 -7.25814
1.5 -7.24897
1.51 -7.23973
1.52 -7.23044
1.53 -7.22108
1.54 -7.21166
1.55 -7.20218
1.56 -7.19265
1.57 -7.18305
1.58 -7.1734
1.59 -7.16368
1.6 -7.15391
1.61 -7.14408
1.62 -7.13419
1.63 -7.12425
1.64 -7.11425
1.65 -7.10419
1.66 -7.09408
1.67 -7.08391
1.68 -7.0737
1.69 -7.06343
1.7 -7.05311
1.71 -7.04274
1.72 -7.03231
1.73 -7.02185
1.74 -7.01133
1.75 -7.00077
1.76 -6.99016
1.77 -6.97951
1.78 -6.96882
1.79 -6.95809
1.8 -6.94731
1.81 -6.9365
1.82 -6.92566
1.83 -6.91477
1.84 -6.90386
1.85 -6.89291
1.86 -6.88194
1.87 -6.87093
1.88 -6.8599
1.89 -6.84885
1.9 -6.83777
1.91 -6.82667
1.92 -6.81555
1.93 -6.80442
1.94 -6.79327
1.95 -6.78211
1.96 -6.77094
1.97 -6.75976
1.98 -6.74858
1.99 -6.73739
2 -6.7262
2.01 -6.71501
2.02 -6.70382
2.03 -6.69264
2.04 -6.68147
2.05 -6.67031
2.06 -6.65916
2.07 -6.64802
2.08 -6.6369
2.09 -6.6258
2.1 -6.61473
2.11 -6.60367
2.12 -6.59265
2.13 -6.58165
2.14 -6.57069
2.15 -6.55976
2.16 -6.54886
2.17 -6.53801
2.18 -6.5272
2.19 -6.51642
2.2 -6.5057
2.21 -6.49502
2.22 -6.4844
2.23 -6.47382
2.24 -6.4633
2.25 -6.45284
2.26 -6.44244
2.27 -6.4321
2.28 -6.42182
2.29 -6.4116
2.3 -6.40146
2.31 -6.39138
2.32 -6.38137
2.33 -6.37144
2.34 -6.36158
2.35 -6.3518
2.36 -6.34209
2.37 -6.33247
2.38 -6.32292
2.39 -6.31346
2.4 -6.30408
2.41 -6.29479
2.42 -6.28558
2.43 -6.27646
2.44 -6.26743
2.45 -6.25849
2.46 -6.24964
2.47 -6.24089
2.48 -6.23222
2.49 -6.22365
2.5 -6.21517
2.51 -6.20679
2.52 -6.19851
2.53 -6.19032
2.54 -6.18223
2.55 -6.17423
2.56 -6.16634
2.57 -6.15854
2.58 -6.15084
2.59 -6.14324
2.6 -6.13574
2.61 -6.12833
2.62 -6.12103
2.63 -6.11382
2.64 -6.10671
2.65 -6.09971
2.66 -6.0928
2.67 -6.08599
2.68 -6.07927
2.69 -6.07266
2.7 -6.06614
2.71 -6.05972
2.72 -6.05339
2.73 -6.04716
2.74 -6.04103
2.75 -6.03499
2.76 -6.02905
2.77 -6.0232
2.78 -6.01744
2.79 -6.01178
2.8 -6.00621
2.81 -6.00072
2.82 -5.99533
2.83 -5.99003
2.84 -5.98482
2.85 -5.97969
2.86 -5.97465
2.87 -5.9697
2.88 -5.96483
2.89 -5.96004
2.9 -5.95534
2.91 -5.95072
2.92 -5.94618
2.93 -5.94172
2.94 -5.93734
2.95 -5.93304
2.96 -5.92882
2.97 -5.92467
2.98 -5.9206
2.99 -5.9166
3 -5.91268
3.01 -5.90882
3.02 -5.90504
3.03 -5.90133
3.04 -5.89769
3.05 -5.89412
3.06 -5.89061
3.07 -5.88717
3.08 -5.88379
3.09 -5.88048
3.1 -5.87723
3.11 -5.87404
3.12 -5.87092
3.13 -5.86785
3.14 -5.86484
3.15 -5.86189
3.16 -5.859
3.17 -5.85617
3.18 -5.85339
3.19 -5.85066
3.2 -5.84799
3.21 -5.84536
3.22 -5.84279
3.23 -5.84027
3.24 -5.83781
3.25 -5.83538
3.26 -5.83301
3.27 -5.83069
3.28 -5.82841
3.29 -5.82617
3.3 -5.82398
3.31 -5.82183
3.32 -5.81973
3.33 -5.81767
3.34 -5.81565
3.35 -5.81366
3.36 -5.81172
3.37 -5.80982
3.38 -5.80796
3.39 -5.80613
3.4 -5.80434
3.41 -5.80259
3.42 -5.80087
3.43 -5.79918
3.44 -5.79753
3.45 -5.79591
3.46 -5.79433
3.47 -5.79278
3.48 -5.79125
3.49 -5.78976
3.5 -5.7883
3.51 -5.78687
3.52 -5.78547
3.53 -5.78409
3.54 -5.78274
3.55 -5.78142
3.56 -5.78013
3.57 -5.77886
3.58 -5.77762
3.59 -5.7764
3.6 -5.7752
3.61 -5.77403
3.62 -5.77289
3.63 -5.77176
3.64 -5.77066
3.65 -5.76958
3.66 -5.76852
3.67 -5.76749
3.68 -5.76647
3.69 -5.76547
3.7 -5.7645
3.71 -5.76354
3.72 -5.7626
3.73 -5.76168
3.74 -5.76078
3.75 -5.75989
3.76 -5.75903
3.77 -5.75817
3.78 -5.75734
3.79 -5.75652
3.8 -5.75572
3.81 -5.75493
3.82 -5.75416
3.83 -5.7534
3.84 -5.75266
3.85 -5.75193
3.86 -5.75122
3.87 -5.75052
3.88 -5.74983
3.89 -5.74915
3.9 -5.74849
3.91 -5.74784
3.92 -5.7472
3.93 -5.74658
3.94 -5.74596
3.95 -5.74536
3.96 -5.74477
3.97 -5.74419
3.98 -5.74362
3.99 -5.74305
4 -5.7425
4.01 -5.74196
4.02 -5.74143
4.03 -5.74091
4.04 -5.7404
4.05 -5.73989
4.06 -5.7394
4.07 -5.73891
4.08 -5.73843
4.09 -5.73796
4.1 -5.7375
4.11 -5.73705
4.12 -5.7366
4.13 -5.73616
4.14 -5.73573
4.15 -5.7353
4.16 -5.73488
4.17 -5.73447
4.18 -5.73407
4.19 -5.73367
4.2 -5.73327
4.21 -5.73289
4.22 -5.73251
4.23 -5.73213
4.24 -5.73176
4.25 -5.7314
4.26 -5.73104
4.27 -5.73069
4.28 -5.73034
4.29 -5.73
4.3 -5.72966
4.31 -5.72933
4.32 -5.729
4.33 -5.72867
4.34 -5.72835
4.35 -5.72804
4.36 -5.72772
4.37 -5.72742
4.38 -5.72711
4.39 -5.72681
4.4 -5.72652
4.41 -5.72622
4.42 -5.72594
4.43 -5.72565
4.44 -5.72537
4.45 -5.72509
4.46 -5.72481
4.47 -5.72454
4.48 -5.72427
4.49 -5.724
4.5 -5.72374
4.51 -5.72348
4.52 -5.72322
4.53 -5.72296
4.54 -5.72271
4.55 -5.72246
4.56 -5.72221
4.57 -5.72196
4.58 -5.72172
4.59 -5.72147
4.6 -5.72123
4.61 -5.721
4.62 -5.72076
4.63 -5.72052
4.64 -5.72029
4.65 -5.72006
4.66 -5.71983
4.67 -5.7196
4.68 -5.71938
4.69 -5.71915
4.7 -5.71893
4.71 -5.71871
4.72 -5.71849
4.73 -5.71827
4.74 -5.71805
4.75 -5.71784
4.76 -5.71762
4.77 -5.71741
4.78 -5.71719
4.79 -5.71698
4.8 -5.71677
4.81 -5.71656
4.82 -5.71635
4.83 -5.71614
4.84 -5.71593
4.85 -5.71573
4.86 -5.71552
4.87 -5.71532
4.88 -5.71511
4.89 -5.71491
4.9 -5.7147
4.91 -5.7145
4.92 -5.7143
4.93 -5.7141
4.94 -5.71389
4.95 -5.71369
4.96 -5.71349
4.97 -5.71329
4.98 -5.71309
4.99 -5.71289
5 -5.71269
5.01 -5.71249
5.02 -5.71229
5.03 -5.71209
5.04 -5.71189
5.05 -5.71169
5.06 -5.7115
5.07 -5.7113
5.08 -5.7111
5.09 -5.7109
5.1 -5.7107
5.11 -5.7105
5.12 -5.7103
5.13 -5.7101
5.14 -5.7099
5.15 -5.70971
5.16 -5.70951
5.17 -5.70931
5.18 -5.70911
5.19 -5.70891
5.2 -5.70871
5.21 -5.70851
5.22 -5.7083
5.23 -5.7081
5.24 -5.7079
5.25 -5.7077
5.26 -5.7075
5.27 -5.7073
5.28 -5.70709
5.29 -5.70689
5.3 -5.70668
5.31 -5.70648
5.32 -5.70628
5.33 -5.70607
5.34 -5.70586
5.35 -5.70566
5.36 -5.70545
5.37 -5.70524
5.38 -5.70504
5.39 -5.70483
5.4 -5.70462
5.41 -5.70441
5.42 -5.7042
5.43 -5.70399
5.44 -5.70377
5.45 -5.70356
5.46 -5.70335
5.47 -5.70313
5.48 -5.70292
5.49 -5.7027
5.5 -5.70249
5.51 -5.70227
5.52 -5.70205
5.53 -5.70183
5.54 -5.70161
5.55 -5.70139
5.56 -5.70117
5.57 -5.70095
5.58 -5.70073
5.59 -5.70051
5.6 -5.70028
5.61 -5.70006
5.62 -5.69983
5.63 -5.6996
5.64 -5.69937
5.65 -5.69914
5.66 -5.69891
5.67 -5.69868
5.68 -5.69845
5.69 -5.69822
5.7 -5.69798
5.71 -5.69775
5.72 -5.69751
5.73 -5.69728
5.74 -5.69704
5.75 -5.6968
5.76 -5.69656
5.77 -5.69632
5.78 -5.69607
5.79 -5.69583
5.8 -5.69559
5.81 -5.69534
5.82 -5.69509
5.83 -5.69485
5.84 -5.6946
5.85 -5.69435
5.86 -5.69409
5.87 -5.69384
5.88 -5.69359
5.89 -5.69333
5.9 -5.69308
5.91 -5.69282
5.92 -5.69256
5.93 -5.6923
5.94 -5.69204
5.95 -5.69178
5.96 -5.69151
5.97 -5.69125
5.98 -5.69098
5.99 -5.69071
6 -5.69044
6.01 -5.69017
6.02 -5.6899
6.03 -5.68963
6.04 -5.68936
6.05 -5.68908
6.06 -5.6888
6.07 -5.68853
6.08 -5.68825
6.09 -5.68796
6.1 -5.68768
6.11 -5.6874
6.12 -5.68711
6.13 -5.68683
6.14 -5.68654
6.15 -5.68625
6.16 -5.68596
6.17 -5.68567
6.18 -5.68537
6.19 -5.68508
6.2 -5.68478
6.21 -5.68448
6.22 -5.68418
6.23 -5.68388
6.24 -5.68358
6.25 -5.68328
6.26 -5.68297
6.27 -5.68267
6.28 -5.68236
6.29 -5.68205
6.3 -5.68174
6.31 -5.68142
6.32 -5.68111
6.33 -5.68079
6.34 -5.68048
6.35 -5.68016
6.36 -5.67984
6.37 -5.67952
6.38 -5.67919
6.39 -5.67887
6.4 -5.67854
6.41 -5.67821
6.42 -5.67789
6.43 -5.67755
6.44 -5.67722
6.45 -5.67689
6.46 -5.67655
6.47 -5.67622
6.48 -5.67588
6.49 -5.67554
6.5 -5.6752
6.51 -5.67485
6.52 -5.67451
6.53 -5.67416
6.54 -5.67382
6.55 -5.67347
6.56 -5.67312
6.57 -5.67276
6.58 -5.67241
6.59 -5.67205
6.6 -5.6717
6.61 -5.67134
6.62 -5.67098
6.63 -5.67062
6.64 -5.67026
6.65 -5.66989
6.66 -5.66953
6.67 -5.66916
6.68 -5.66879
6.69 -5.66842
6.7 -5.66805
6.71 -5.66767
6.72 -5.6673
6.73 -5.66692
6.74 -5.66654
6.75 -5.66617
6.76 -5.66578
6.77 -5.6654
6.78 -5.66502
6.79 -5.66463
6.8 -5.66424
6.81 -5.66386
6.82 -5.66347
6.83 -5.66307
6.84 -5.66268
6.85 -5.66228
6.86 -5.66189
6.87 -5.66149
6.88 -5.66109
6.89 -5.66069
6.9 -5.66028
6.91 -5.65988
6.92 -5.65947
6.93 -5.65906
6.94 -5.65865
6.95 -5.65824
6.96 -5.65782
6.97 -5.65741
6.98 -5.65699
6.99 -5.65657
7 -5.65615
7.01 -5.65572
7.02 -5.65529
7.03 -5.65487
7.04 -5.65443
7.05 -5.654
7.06 -5.65356
7.07 -5.65313
7.08 -5.65268
7.09 -5.65224
7.1 -5.65179
7.11 -5.65134
7.12 -5.65089
7.13 -5.65044
7.14 -5.64998
7.15 -5.64952
7.16 -5.64905
7.17 -5.64858
7.18 -5.64811
7.19 -5.64763
7.2 -5.64715
7.21 -5.64667
7.22 -5.64618
7.23 -5.64568
7.24 -5.64519
7.25 -5.64468
7.26 -5.64417
7.27 -5.64366
7.28 -5.64314
7.29 -5.64262
7.3 -5.64209
7.31 -5.64155
7.32 -5.64101
7.33 -5.64046
7.34 -5.6399
7.35 -5.63934
7.36 -5.63877
7.37 -5.63819
7.38 -5.6376
7.39 -5.63701
7.4 -5.6364
7.41 -5.63579
7.42 -5.63517
7.43 -5.63454
7.44 -5.6339
7.45 -5.63325
7.46 -5.63258
7.47 -5.63191
7.48 -5.63122
7.49 -5.63053
7.5 -5.62982
7.51 -5.6291
7.52 -5.62836
7.53 -5.62761
7.54 -5.62685
7.55 -5.62607
7.56 -5.62528
7.57 -5.62447
7.58 -5.62365
7.59 -5.62281
7.6 -5.62196
7.61 -5.62108
7.62 -5.62019
7.63 -5.61929
7.64 -5.61836
7.65 -5.61741
7.66 -5.61645
7.67 -5.61547
7.68 -5.61446
7.69 -5.61344
7.7 -5.61239
7.71 -5.61132
7.72 -5.61023
7.73 -5.60912
7.74 -5.60798
7.75 -5.60682
7.76 -5.60564
7.77 -5.60443
7.78 -5.6032
7.79 -5.60195
7.8 -5.60067
7.81 -5.59936
7.82 -5.59803
7.83 -5.59667
7.84 -5.59528
7.85 -5.59387
7.86 -5.59243
7.87 -5.59097
7.88 -5.58948
7.89 -5.58796
7.9 -5.58641
7.91 -5.58484
7.92 -5.58323
7.93 -5.58161
7.94 -5.57995
7.95 -5.57827
7.96 -5.57655
7.97 -5.57482
7.98 -5.57305
7.99 -5.57126
8 -5.56944
8.01 -5.5676
8.02 -5.56573
8.03 -5.56384
8.04 -5.56193
8.05 -5.55999
8.06 -5.55802
8.07 -5.55604
8.08 -5.55403
8.09 -5.55201
8.1 -5.54996
8.11 -5.5479
8.12 -5.54581
8.13 -5.54372
8.14 -5.5416
8.15 -5.53948
8.16 -5.53734
8.17 -5.53519
8.18 -5.53303
8.19 -5.53087
8.2 -5.5287
8.21 -5.52653
8.22 -5.52435
8.23 -5.52218
8.24 -5.52
8.25 -5.51784
8.26 -5.51567
8.27 -5.51352
8.28 -5.51138
8.29 -5.50925
8.3 -5.50714
8.31 -5.50505
8.32 -5.50299
8.33 -5.50094
8.34 -5.49893
8.35 -5.49695
8.36 -5.495
8.37 -5.49309
8.38 -5.49122
8.39 -5.48939
8.4 -5.48761
8.41 -5.48588
8.42 -5.48421
8.43 -5.48259
8.44 -5.48104
8.45 -5.47955
8.46 -5.47813
8.47 -5.47679
8.48 -5.47552
8.49 -5.47433
8.5 -5.47323
8.51 -5.47221
8.52 -5.47129
8.53 -5.47047
8.54 -5.46974
8.55 -5.46912
8.56 -5.46861
8.57 -5.46821
8.58 -5.46792
8.59 -5.46776
8.6 -5.46772
8.61 -5.46781
8.62 -5.46803
8.63 -5.46838
8.64 -5.46887
8.65 -5.46951
8.66 -5.47029
8.67 -5.47122
8.68 -5.47231
8.69 -5.47355
8.7 -5.47495
8.71 -5.47651
8.72 -5.47823
8.73 -5.48013
8.74 -5.48219
8.75 -5.48443
8.76 -5.48684
8.77 -5.48943
8.78 -5.4922
8.79 -5.49516
8.8 -5.49829
8.81 -5.50161
8.82 -5.50512
8.83 -5.50881
8.84 -5.51269
8.85 -5.51676
8.86 -5.52102
8.87 -5.52547
8.88 -5.53011
8.89 -5.53494
8.9 -5.53996
8.91 -5.54516
8.92 -5.55056
8.93 -5.55615
8.94 -5.56192
8.95 -5.56787
8.96 -5.57401
8.97 -5.58033
8.98 -5.58684
8.99 -5.59352
9 -5.60037
9.01 -5.6074
9.02 -5.6146
9.03 -5.62196
9.04 -5.6295
9.05 -5.63719
9.06 -5.64504
9.07 -5.65304
9.08 -5.66119
9.09 -5.66949
9.1 -5.67793
9.11 -5.68651
9.12 -5.69522
9.13 -5.70407
9.14 -5.71304
9.15 -5.72212
9.16 -5.73133
9.17 -5.74064
9.18 -5.75007
9.19 -5.75959
9.2 -5.76921
9.21 -5.77892
9.22 -5.78872
9.23 -5.79861
9.24 -5.80856
9.25 -5.8186
9.26 -5.8287
9.27 -5.83886
9.28 -5.84908
9.29 -5.85935
9.3 -5.86968
9.31 -5.88004
9.32 -5.89045
9.33 -5.90089
9.34 -5.91136
9.35 -5.92186
9.36 -5.93238
9.37 -5.94292
9.38 -5.95348
9.39 -5.96404
9.4 -5.97461
9.41 -5.98518
9.42 -5.99575
9.43 -6.00632
9.44 -6.01688
9.45 -6.02743
9.46 -6.03796
9.47 -6.04848
9.48 -6.05898
9.49 -6.06945
9.5 -6.0799
9.51 -6.09032
9.52 -6.10071
9.53 -6.11107
9.54 -6.12139
9.55 -6.13168
9.56 -6.14193
9.57 -6.15213
9.58 -6.1623
9.59 -6.17241
9.6 -6.18249
9.61 -6.19251
9.62 -6.20249
9.63 -6.21242
9.64 -6.22229
9.65 -6.23212
9.66 -6.24189
9.67 -6.2516
9.68 -6.26126
9.69 -6.27087
9.7 -6.28042
9.71 -6.28991
9.72 -6.29934
9.73 -6.30871
9.74 -6.31803
9.75 -6.32729
9.76 -6.33648
9.77 -6.34562
9.78 -6.35469
9.79 -6.36371
9.8 -6.37267
9.81 -6.38156
9.82 -6.39039
9.83 -6.39917
9.84 -6.40788
9.85 -6.41653
9.86 -6.42512
9.87 -6.43365
9.88 -6.44212
9.89 -6.45053
9.9 -6.45888
9.91 -6.46717
9.92 -6.4754
9.93 -6.48357
9.94 -6.49168
9.95 -6.49974
9.96 -6.50773
9.97 -6.51567
9.98 -6.52355
9.99 -6.53137
10 -6.53913
10.001 -10
