0 5
0.01 4.17527
0.02 4.1764
0.03 4.17753
0.04 4.17866
0.05 4.17981
0.06 4.18096
0.07 4.18211
0.08 4.18328
0.09 4.18445
0.1 4.18562
0.11 4.18681
0.12 4.188
0.13 4.1892
0.14 4.1904
0.15 4.19162
0.16 4.19284
0.17 4.19406
0.18 4.1953
0.19 4.19654
0.2 4.1978
0.21 4.19905
0.22 4.20032
0.23 4.2016
0.24 4.20288
0.25 4.20417
0.26 4.20547
0.27 4.20678
0.28 4.2081
0.29 4.20943
0.3 4.21076
0.31 4.2121
0.32 4.21346
0.33 4.21482
0.34 4.21619
0.35 4.21757
0.36 4.21896
0.37 4.22036
0.38 4.22176
0.39 4.22318
0.4 4.22461
0.41 4.22605
0.42 4.2275
0.43 4.22895
0.44 4.23042
0.45 4.2319
0.46 4.23339
0.47 4.23489
0.48 4.2364
0.49 4.23792
0.5 4.23945
0.51 4.24099
0.52 4.24254
0.53 4.24411
0.54 4.24568
0.55 4.24727
0.56 4.24887
0.57 4.25048
0.58 4.2521
0.59 4.25374
0.6 4.25539
0.61 4.25705
0.62 4.25872
0.63 4.2604
0.64 4.2621
0.65 4.26381
0.66 4.26553
0.67 4.26726
0.68 4.26901
0.69 4.27077
0.7 4.27255
0.71 4.27434
0.72 4.27614
0.73 4.27796
0.74 4.27979
0.75 4.28164
0.76 4.2835
0.77 4.28537
0.78 4.28726
0.79 4.28917
0.8 4.29109
0.81 4.29303
0.82 4.29498
0.83 4.29694
0.84 4.29893
0.85 4.30093
0.86 4.30295
0.87 4.30498
0.88 4.30703
0.89 4.3091
0.9 4.31118
0.91 4.31328
0.92 4.3154
0.93 4.31754
0.94 4.3197
0.95 4.32187
0.96 4.32407
0.97 4.32628
0.98 4.32852
0.99 4.33077
1 4.33304
1.01 4.33533
1.02 4.33765
1.03 4.33998
1.04 4.34234
1.05 4.34471
1.06 4.34711
1.07 4.34953
1.08 4.35198
1.09 4.35444
1.1 4.35693
1.11 4.35945
1.12 4.36198
1.13 4.36454
1.14 4.36713
1.15 4.36974
1.16 4.37238
1.17 4.37504
1.18 4.37772
1.19 4.38044
1.2 4.38318
1.21 4.38595
1.22 4.38874
1.23 4.39157
1.24 4.39442
1.25 4.3973
1.26 4.40021
1.27 4.40315
1.28 4.40612
1.29 4.40913
1.3 4.41216
1.31 4.41522
1.32 4.41832
1.33 4.42145
1.34 4.42461
1.35 4.42781
1.36 4.43104
1.37 4.43431
1.38 4.43761
1.39 4.44094
1.4 4.44431
1.41 4.44772
1.42 4.45117
1.43 4.45465
1.44 4.45817
1.45 4.46173
1.46 4.46533
1.47 4.46897
1.48 4.47264
1.49 4.47636
1.5 4.48012
1.51 4.48392
1.52 4.48776
1.53 4.49165
1.54 4.49558
1.55 4.49955
1.56 4.50357
1.57 4.50762
1.58 4.51173
1.59 4.51588
1.6 4.52007
1.61 4.52432
1.62 4.5286
1.63 4.53294
1.64 4.53732
1.65 4.54175
1.66 4.54623
1.67 4.55075
1.68 4.55533
1.69 4.55995
1.7 4.56462
1.71 4.56935
1.72 4.57412
1.73 4.57894
1.74 4.58381
1.75 4.58873
1.76 4.59371
1.77 4.59873
1.78 4.6038
1.79 4.60893
1.8 4.6141
1.81 4.61933
1.82 4.6246
1.83 4.62993
1.84 4.63531
1.85 4.64073
1.86 4.64621
1.87 4.65174
1.88 4.65732
1.89 4.66294
1.9 4.66862
1.91 4.67434
1.92 4.68012
1.93 4.68594
1.94 4.6918
1.95 4.69772
1.96 4.70368
1.97 4.70969
1.98 4.71574
1.99 4.72183
2 4.72797
2.01 4.73415
2.02 4.74038
2.03 4.74664
2.04 4.75294
2.05 4.75929
2.06 4.76567
2.07 4.77208
2.08 4.77854
2.09 4.78503
2.1 4.79155
2.11 4.7981
2.12 4.80468
2.13 4.8113
2.14 4.81794
2.15 4.82461
2.16 4.8313
2.17 4.83802
2.18 4.84476
2.19 4.85152
2.2 4.8583
2.21 4.8651
2.22 4.87192
2.23 4.87875
2.24 4.88559
2.25 4.89245
2.26 4.89931
2.27 4.90618
2.28 4.91306
2.29 4.91995
2.3 4.92683
2.31 4.93372
2.32 4.94061
2.33 4.94749
2.34 4.95438
2.35 4.96125
2.36 4.96813
2.37 4.97499
2.38 4.98184
2.39 4.98868
2.4 4.99551
2.41 5.00232
2.42 5.00911
2.43 5.01589
2.44 5.02265
2.45 5.02938
2.46 5.0361
2.47 5.04279
2.48 5.04945
2.49 5.05609
2.5 5.0627
2.51 5.06928
2.52 5.07583
2.53 5.08234
2.54 5.08883
2.55 5.09528
2.56 5.10169
2.57 5.10807
2.58 5.11442
2.59 5.12072
2.6 5.12698
2.61 5.13321
2.62 5.13939
2.63 5.14553
2.64 5.15163
2.65 5.15769
2.66 5.1637
2.67 5.16967
2.68 5.17559
2.69 5.18147
2.7 5.1873
2.71 5.19308
2.72 5.19882
2.73 5.20451
2.74 5.21015
2.75 5.21574
2.76 5.22129
2.77 5.22678
2.78 5.23223
2.79 5.23763
2.8 5.24298
2.81 5.24828
2.82 5.25353
2.83 5.25873
2.84 5.26388
2.85 5.26898
2.86 5.27403
2.87 5.27903
2.88 5.28399
2.89 5.28889
2.9 5.29374
2.91 5.29855
2.92 5.30331
2.93 5.30801
2.94 5.31267
2.95 5.31728
2.96 5.32185
2.97 5.32636
2.98 5.33083
2.99 5.33525
3 5.33962
3.01 5.34395
3.02 5.34823
3.03 5.35246
3.04 5.35665
3.05 5.36079
3.06 5.36489
3.07 5.36894
3.08 5.37295
3.09 5.37692
3.1 5.38084
3.11 5.38472
3.12 5.38855
3.13 5.39235
3.14 5.3961
3.15 5.39981
3.16 5.40348
3.17 5.40711
3.18 5.41069
3.19 5.41424
3.2 5.41775
3.21 5.42122
3.22 5.42465
3.23 5.42805
3.24 5.4314
3.25 5.43472
3.26 5.438
3.27 5.44125
3.28 5.44446
3.29 5.44763
3.3 5.45077
3.31 5.45388
3.32 5.45695
3.33 5.45998
3.34 5.46299
3.35 5.46596
3.36 5.4689
3.37 5.4718
3.38 5.47467
3.39 5.47752
3.4 5.48033
3.41 5.48311
3.42 5.48586
3.43 5.48858
3.44 5.49127
3.45 5.49394
3.46 5.49657
3.47 5.49917
3.48 5.50175
3.49 5.5043
3.5 5.50683
3.51 5.50932
3.52 5.51179
3.53 5.51424
3.54 5.51666
3.55 5.51905
3.56 5.52142
3.57 5.52376
3.58 5.52608
3.59 5.52837
3.6 5.53064
3.61 5.53289
3.62 5.53512
3.63 5.53732
3.64 5.5395
3.65 5.54166
3.66 5.54379
3.67 5.54591
3.68 5.548
3.69 5.55007
3.7 5.55213
3.71 5.55416
3.72 5.55617
3.73 5.55816
3.74 5.56013
3.75 5.56209
3.76 5.56402
3.77 5.56594
3.78 5.56783
3.79 5.56971
3.8 5.57157
3.81 5.57342
3.82 5.57524
3.83 5.57705
3.84 5.57884
3.85 5.58062
3.86 5.58238
3.87 5.58412
3.88 5.58585
3.89 5.58756
3.9 5.58925
3.91 5.59093
3.92 5.5926
3.93 5.59425
3.94 5.59589
3.95 5.59751
3.96 5.59911
3.97 5.60071
3.98 5.60228
3.99 5.60385
4 5.6054
4.01 5.60694
4.02 5.60847
4.03 5.60998
4.04 5.61148
4.05 5.61297
4.06 5.61444
4.07 5.6159
4.08 5.61735
4.09 5.61879
4.1 5.62022
4.11 5.62164
4.12 5.62304
4.13 5.62443
4.14 5.62582
4.15 5.62719
4.16 5.62855
4.17 5.6299
4.18 5.63124
4.19 5.63257
4.2 5.63389
4.21 5.6352
4.22 5.6365
4.23 5.63779
4.24 5.63907
4.25 5.64034
4.26 5.6416
4.27 5.64285
4.28 5.6441
4.29 5.64533
4.3 5.64656
4.31 5.64778
4.32 5.64899
4.33 5.65019
4.34 5.65138
4.35 5.65256
4.36 5.65374
4.37 5.65491
4.38 5.65607
4.39 5.65722
4.4 5.65837
4.41 5.65951
4.42 5.66064
4.43 5.66176
4.44 5.66288
4.45 5.66399
4.46 5.66509
4.47 5.66618
4.48 5.66727
4.49 5.66835
4.5 5.66943
4.51 5.6705
4.52 5.67156
4.53 5.67262
4.54 5.67367
4.55 5.67472
4.56 5.67575
4.57 5.67679
4.58 5.67781
4.59 5.67884
4.6 5.67985
4.61 5.68086
4.62 5.68187
4.63 5.68287
4.64 5.68386
4.65 5.68485
4.66 5.68583
4.67 5.68681
4.68 5.68779
4.69 5.68876
4.7 5.68972
4.71 5.69068
4.72 5.69163
4.73 5.69258
4.74 5.69353
4.75 5.69447
4.76 5.69541
4.77 5.69634
4.78 5.69727
4.79 5.69819
4.8 5.69911
4.81 5.70003
4.82 5.70094
4.83 5.70185
4.84 5.70275
4.85 5.70366
4.86 5.70455
4.87 5.70545
4.88 5.70633
4.89 5.70722
4.9 5.7081
4.91 5.70898
4.92 5.70986
4.93 5.71073
4.94 5.7116
4.95 5.71246
4.96 5.71333
4.97 5.71419
4.98 5.71504
4.99 5.7159
5 5.71675
5.01 5.7176
5.02 5.71844
5.03 5.71928
5.04 5.72012
5.05 5.72096
5.06 5.72179
5.07 5.72262
5.08 5.72345
5.09 5.72428
5.1 5.7251
5.11 5.72592
5.12 5.72674
5.13 5.72756
5.14 5.72837
5.15 5.72918
5.16 5.72999
5.17 5.7308
5.18 5.73161
5.19 5.73241
5.2 5.73321
5.21 5.73401
5.22 5.73481
5.23 5.7356
5.24 5.7364
5.25 5.73719
5.26 5.73798
5.27 5.73877
5.28 5.73955
5.29 5.74034
5.3 5.74112
5.31 5.7419
5.32 5.74268
5.33 5.74346
5.34 5.74424
5.35 5.74501
5.36 5.74578
5.37 5.74656
5.38 5.74733
5.39 5.7481
5.4 5.74886
5.41 5.74963
5.42 5.7504
5.43 5.75116
5.44 5.75192
5.45 5.75269
5.46 5.75345
5.47 5.75421
5.48 5.75496
5.49 5.75572
5.5 5.75648
5.51 5.75723
5.52 5.75799
5.53 5.75874
5.54 5.75949
5.55 5.76024
5.56 5.761
5.57 5.76175
5.58 5.76249
5.59 5.76324
5.6 5.76399
5.61 5.76474
5.62 5.76548
5.63 5.76623
5.64 5.76697
5.65 5.76772
5.66 5.76846
5.67 5.7692
5.68 5.76994
5.69 5.77069
5.7 5.77143
5.71 5.77217
5.72 5.77291
5.73 5.77365
5.74 5.77438
5.75 5.77512
5.76 5.77586
5.77 5.7766
5.78 5.77734
5.79 5.77807
5.8 5.77881
5.81 5.77955
5.82 5.78028
5.83 5.78102
5.84 5.78175
5.85 5.78249
5.86 5.78322
5.87 5.78396
5.88 5.78469
5.89 5.78543
5.9 5.78616
5.91 5.7869
5.92 5.78763
5.93 5.78836
5.94 5.7891
5.95 5.78983
5.96 5.79057
5.97 5.7913
5.98 5.79203
5.99 5.79277
6 5.7935
6.01 5.79423
6.02 5.79497
6.03 5.7957
6.04 5.79644
6.05 5.79717
6.06 5.7979
6.07 5.79864
6.08 5.79937
6.09 5.80011
6.1 5.80084
6.11 5.80158
6.12 5.80231
6.13 5.80304
6.14 5.80378
6.15 5.80452
6.16 5.80525
6.17 5.80599
6.18 5.80672
6.19 5.80746
6.2 5.80819
6.21 5.80893
6.22 5.80967
6.23 5.8104
6.24 5.81114
6.25 5.81188
6.26 5.81262
6.27 5.81335
6.28 5.81409
6.29 5.81483
6.3 5.81557
6.31 5.81631
6.32 5.81705
6.33 5.81779
6.34 5.81853
6.35 5.81927
6.36 5.82001
6.37 5.82075
6.38 5.82149
6.39 5.82224
6.4 5.82298
6.41 5.82372
6.42 5.82446
6.43 5.82521
6.44 5.82595
6.45 5.8267
6.46 5.82744
6.47 5.82818
6.48 5.82893
6.49 5.82968
6.5 5.83042
6.51 5.83117
6.52 5.83192
6.53 5.83266
6.54 5.83341
6.55 5.83416
6.56 5.83491
6.57 5.83566
6.58 5.83641
6.59 5.83716
6.6 5.83791
6.61 5.83866
6.62 5.83941
6.63 5.84016
6.64 5.84091
6.65 5.84166
6.66 5.84242
6.67 5.84317
6.68 5.84392
6.69 5.84468
6.7 5.84543
6.71 5.84619
6.72 5.84694
6.73 5.8477
6.74 5.84846
6.75 5.84921
6.76 5.84997
6.77 5.85073
6.78 5.85149
6.79 5.85225
6.8 5.85301
6.81 5.85377
6.82 5.85453
6.83 5.85529
6.84 5.85606
6.85 5.85682
6.86 5.85758
6.87 5.85835
6.88 5.85911
6.89 5.85988
6.9 5.86065
6.91 5.86141
6.92 5.86218
6.93 5.86295
6.94 5.86372
6.95 5.8645
6.96 5.86527
6.97 5.86604
6.98 5.86682
6.99 5.86759
7 5.86837
7.01 5.86915
7.02 5.86993
7.03 5.87071
7.04 5.87149
7.05 5.87228
7.06 5.87306
7.07 5.87385
7.08 5.87464
7.09 5.87543
7.1 5.87622
7.11 5.87701
7.12 5.87781
7.13 5.87861
7.14 5.87941
7.15 5.88021
7.16 5.88102
7.17 5.88182
7.18 5.88263
7.19 5.88345
7.2 5.88426
7.21 5.88508
7.22 5.8859
7.23 5.88673
7.24 5.88756
7.25 5.88839
7.26 5.88922
7.27 5.89006
7.28 5.8909
7.29 5.89175
7.3 5.8926
7.31 5.89346
7.32 5.89432
7.33 5.89518
7.34 5.89605
7.35 5.89693
7.36 5.8978
7.37 5.89869
7.38 5.89958
7.39 5.90048
7.4 5.90138
7.41 5.90229
7.42 5.9032
7.43 5.90412
7.44 5.90505
7.45 5.90599
7.46 5.90693
7.47 5.90788
7.48 5.90884
7.49 5.90981
7.5 5.91078
7.51 5.91176
7.52 5.91275
7.53 5.91375
7.54 5.91476
7.55 5.91578
7.56 5.91681
7.57 5.91785
7.58 5.91889
7.59 5.91995
7.6 5.92102
7.61 5.9221
7.62 5.92319
7.63 5.92429
7.64 5.92541
7.65 5.92653
7.66 5.92767
7.67 5.92882
7.68 5.92998
7.69 5.93115
7.7 5.93234
7.71 5.93354
7.72 5.93475
7.73 5.93597
7.74 5.93721
7.75 5.93847
7.76 5.93973
7.77 5.94101
7.78 5.9423
7.79 5.94361
7.8 5.94493
7.81 5.94627
7.82 5.94762
7.83 5.94898
7.84 5.95036
7.85 5.95175
7.86 5.95315
7.87 5.95457
7.88 5.95601
7.89 5.95745
7.9 5.95891
7.91 5.96039
7.92 5.96188
7.93 5.96338
7.94 5.96489
7.95 5.96641
7.96 5.96795
7.97 5.9695
7.98 5.97106
7.99 5.97263
8 5.97421
8.01 5.9758
8.02 5.9774
8.03 5.979
8.04 5.98062
8.05 5.98224
8.06 5.98387
8.07 5.9855
8.08 5.98713
8.09 5.98877
8.1 5.99041
8.11 5.99206
8.12 5.9937
8.13 5.99534
8.14 5.99698
8.15 5.99861
8.16 6.00024
8.17 6.00186
8.18 6.00347
8.19 6.00507
8.2 6.00666
8.21 6.00823
8.22 6.00979
8.23 6.01133
8.24 6.01285
8.25 6.01434
8.26 6.01581
8.27 6.01726
8.28 6.01868
8.29 6.02006
8.3 6.02141
8.31 6.02272
8.32 6.02399
8.33 6.02522
8.34 6.02641
8.35 6.02754
8.36 6.02862
8.37 6.02965
8.38 6.03062
8.39 6.03153
8.4 6.03238
8.41 6.03315
8.42 6.03386
8.43 6.03449
8.44 6.03504
8.45 6.03551
8.46 6.03589
8.47 6.03618
8.48 6.03638
8.49 6.03648
8.5 6.03648
8.51 6.03638
8.52 6.03616
8.53 6.03584
8.54 6.03539
8.55 6.03483
8.56 6.03413
8.57 6.03331
8.58 6.03236
8.59 6.03127
8.6 6.03004
8.61 6.02867
8.62 6.02715
8.63 6.02547
8.64 6.02364
8.65 6.02165
8.66 6.0195
8.67 6.01718
8.68 6.0147
8.69 6.01204
8.7 6.00921
8.71 6.00619
8.72 6.003
8.73 5.99962
8.74 5.99606
8.75 5.99231
8.76 5.98836
8.77 5.98423
8.78 5.9799
8.79 5.97537
8.8 5.97065
8.81 5.96573
8.82 5.96061
8.83 5.95528
8.84 5.94976
8.85 5.94404
8.86 5.93812
8.87 5.93199
8.88 5.92567
8.89 5.91915
8.9 5.91243
8.91 5.90551
8.92 5.8984
8.93 5.8911
8.94 5.8836
8.95 5.87592
8.96 5.86805
8.97 5.86
8.98 5.85177
8.99 5.84336
9 5.83478
9.01 5.82603
9.02 5.81712
9.03 5.80805
9.04 5.79882
9.05 5.78944
9.06 5.77992
9.07 5.77026
9.08 5.76046
9.09 5.75054
9.1 5.74049
9.11 5.73032
9.12 5.72004
9.13 5.70966
9.14 5.69918
9.15 5.68861
9.16 5.67795
9.17 5.6672
9.18 5.65639
9.19 5.64551
9.2 5.63457
9.21 5.62358
9.22 5.61253
9.23 5.60145
9.24 5.59034
9.25 5.57919
9.26 5.56802
9.27 5.55684
9.28 5.54565
9.29 5.53445
9.3 5.52326
9.31 5.51207
9.32 5.5009
9.33 5.48975
9.34 5.47862
9.35 5.46752
9.36 5.45646
9.37 5.44544
9.38 5.43446
9.39 5.42353
9.4 5.41265
9.41 5.40183
9.42 5.39107
9.43 5.38038
9.44 5.36975
9.45 5.3592
9.46 5.34872
9.47 5.33832
9.48 5.328
9.49 5.31777
9.5 5.30762
9.51 5.29756
9.52 5.2876
9.53 5.27772
9.54 5.26794
9.55 5.25826
9.56 5.24868
9.57 5.23919
9.58 5.22981
9.59 5.22053
9.6 5.21135
9.61 5.20227
9.62 5.1933
9.63 5.18444
9.64 5.17568
9.65 5.16703
9.66 5.15848
9.67 5.15004
9.68 5.14171
9.69 5.13348
9.7 5.12536
9.71 5.11734
9.72 5.10943
9.73 5.10163
9.74 5.09393
9.75 5.08633
9.76 5.07884
9.77 5.07145
9.78 5.06417
9.79 5.05698
9.8 5.0499
9.81 5.04292
9.82 5.03604
9.83 5.02925
9.84 5.02256
9.85 5.01597
9.86 5.00948
9.87 5.00308
9.88 4.99677
9.89 4.99055
9.9 4.98443
9.91 4.9784
9.92 4.97245
9.93 4.9666
9.94 4.96083
9.95 4.95514
9.96 4.94954
9.97 4.94403
9.98 4.93859
9.99 4.93324
10 4.92797
10.001 5
