0 0
0.01 0.258171
0.02 0.255891
0.03 0.253605
0.04 0.251314
0.05 0.24902
0.06 0.24672
0.07 0.244417
0.08 0.242111
0.09 0.2398
0.1 0.237487
0.11 0.235171
0.12 0.232853
0.13 0.230532
0.14 0.228209
0.15 0.225886
0.16 0.223561
0.17 0.221235
0.18 0.218909
0.19 0.216583
0.2 0.214257
0.21 0.211932
0.22 0.209609
0.23 0.207287
0.24 0.204967
0.25 0.20265
0.26 0.200337
0.27 0.198026
0.28 0.19572
0.29 0.193418
0.3 0.191122
0.31 0.188831
0.32 0.186546
0.33 0.184268
0.34 0.181997
0.35 0.179734
0.36 0.17748
0.37 0.175235
0.38 0.172999
0.39 0.170774
0.4 0.168559
0.41 0.166357
0.42 0.164166
0.43 0.161989
0.44 0.159825
0.45 0.157676
0.46 0.155541
0.47 0.153423
0.48 0.151321
0.49 0.149236
0.5 0.14717
0.51 0.145122
0.52 0.143094
0.53 0.141087
0.54 0.1391
0.55 0.137136
0.56 0.135195
0.57 0.133277
0.58 0.131384
0.59 0.129516
0.6 0.127675
0.61 0.125861
0.62 0.124074
0.63 0.122317
0.64 0.12059
0.65 0.118893
0.66 0.117228
0.67 0.115596
0.68 0.113997
0.69 0.112432
0.7 0.110903
0.71 0.10941
0.72 0.107954
0.73 0.106537
0.74 0.105158
0.75 0.10382
0.76 0.102522
0.77 0.101267
0.78 0.100054
0.79 0.098885
0.8 0.097761
0.81 0.0966826
0.82 0.0956509
0.83 0.0946668
0.84 0.0937313
0.85 0.0928452
0.86 0.0920095
0.87 0.0912251
0.88 0.0904929
0.89 0.0898139
0.9 0.0891888
0.91 0.0886188
0.92 0.0881045
0.93 0.0876468
0.94 0.0872467
0.95 0.0869049
0.96 0.0866224
0.97 0.0863998
0.98 0.0862381
0.99 0.0861379
1 0.0861001
1.01 0.0861255
1.02 0.0862146
1.03 0.0863683
1.04 0.0865873
1.05 0.0868722
1.06 0.0872236
1.07 0.0876422
1.08 0.0881286
1.09 0.0886833
1.1 0.0893068
1.11 0.0899998
1.12 0.0907626
1.13 0.0915957
1.14 0.0924995
1.15 0.0934744
1.16 0.0945208
1.17 0.095639
1.18 0.0968291
1.19 0.0980915
1.2 0.0994264
1.21 0.100834
1.22 0.102314
1.23 0.103867
1.24 0.105493
1.25 0.107191
1.26 0.108963
1.27 0.110806
1.28 0.112723
1.29 0.114711
1.3 0.116772
1.31 0.118904
1.32 0.121107
1.33 0.123381
1.34 0.125725
1.35 0.128139
1.36 0.130623
1.37 0.133175
1.38 0.135794
1.39 0.138481
1.4 0.141235
1.41 0.144054
1.42 0.146937
1.43 0.149884
1.44 0.152893
1.45 0.155965
1.46 0.159096
1.47 0.162287
1.48 0.165536
1.49 0.168842
1.5 0.172203
1.51 0.175618
1.52 0.179087
1.53 0.182606
1.54 0.186176
1.55 0.189794
1.56 0.193459
1.57 0.197169
1.58 0.200924
1.59 0.20472
1.6 0.208558
1.61 0.212434
1.62 0.216348
1.63 0.220297
1.64 0.224281
1.65 0.228297
1.66 0.232345
1.67 0.236421
1.68 0.240525
1.69 0.244655
1.7 0.248809
1.71 0.252987
1.72 0.257185
1.73 0.261404
1.74 0.26564
1.75 0.269893
1.76 0.274162
1.77 0.278444
1.78 0.282739
1.79 0.287045
1.8 0.291361
1.81 0.295686
1.82 0.300018
1.83 0.304356
1.84 0.308699
1.85 0.313047
1.86 0.317397
1.87 0.32175
1.88 0.326104
1.89 0.330457
1.9 0.334811
1.91 0.339163
1.92 0.343513
1.93 0.34786
1.94 0.352204
1.95 0.356543
1.96 0.360879
1.97 0.365209
1.98 0.369534
1.99 0.373852
2 0.378165
2.01 0.382471
2.02 0.38677
2.03 0.391061
2.04 0.395346
2.05 0.399622
2.06 0.403891
2.07 0.408152
2.08 0.412405
2.09 0.41665
2.1 0.420886
2.11 0.425115
2.12 0.429335
2.13 0.433547
2.14 0.437751
2.15 0.441946
2.16 0.446133
2.17 0.450313
2.18 0.454484
2.19 0.458648
2.2 0.462803
2.21 0.466951
2.22 0.471091
2.23 0.475224
2.24 0.47935
2.25 0.483468
2.26 0.487579
2.27 0.491683
2.28 0.495781
2.29 0.499871
2.3 0.503956
2.31 0.508033
2.32 0.512105
2.33 0.51617
2.34 0.520229
2.35 0.524282
2.36 0.52833
2.37 0.532372
2.38 0.536408
2.39 0.540439
2.4 0.544465
2.41 0.548485
2.42 0.5525
2.43 0.55651
2.44 0.560516
2.45 0.564516
2.46 0.568512
2.47 0.572503
2.48 0.57649
2.49 0.580472
2.5 0.584449
2.51 0.588422
2.52 0.592391
2.53 0.596356
2.54 0.600316
2.55 0.604273
2.56 0.608225
2.57 0.612173
2.58 0.616118
2.59 0.620058
2.6 0.623994
2.61 0.627927
2.62 0.631856
2.63 0.635781
2.64 0.639702
2.65 0.64362
2.66 0.647534
2.67 0.651444
2.68 0.655351
2.69 0.659254
2.7 0.663154
2.71 0.667051
2.72 0.670944
2.73 0.674833
2.74 0.678719
2.75 0.682602
2.76 0.686482
2.77 0.690359
2.78 0.694232
2.79 0.698102
2.8 0.701969
2.81 0.705834
2.82 0.709695
2.83 0.713553
2.84 0.717409
2.85 0.721262
2.86 0.725112
2.87 0.728959
2.88 0.732804
2.89 0.736646
2.9 0.740487
2.91 0.744324
2.92 0.74816
2.93 0.751993
2.94 0.755824
2.95 0.759654
2.96 0.763481
2.97 0.767307
2.98 0.771131
2.99 0.774953
3 0.778774
3.01 0.782594
3.02 0.786412
3.03 0.790229
3.04 0.794045
3.05 0.797861
3.06 0.801675
3.07 0.805489
3.08 0.809303
3.09 0.813116
3.1 0.816929
3.11 0.820742
3.12 0.824554
3.13 0.828368
3.14 0.832181
3.15 0.835995
3.16 0.83981
3.17 0.843625
3.18 0.847442
3.19 0.851259
3.2 0.855078
3.21 0.858898
3.22 0.862721
3.23 0.866544
3.24 0.87037
3.25 0.874198
3.26 0.878029
3.27 0.881861
3.28 0.885697
3.29 0.889535
3.3 0.893377
3.31 0.897222
3.32 0.90107
3.33 0.904922
3.34 0.908777
3.35 0.912637
3.36 0.916501
3.37 0.920369
3.38 0.924242
3.39 0.92812
3.4 0.932003
3.41 0.935891
3.42 0.939784
3.43 0.943683
3.44 0.947588
3.45 0.951498
3.46 0.955415
3.47 0.959339
3.48 0.963269
3.49 0.967206
3.5 0.971149
3.51 0.975101
3.52 0.979059
3.53 0.983025
3.54 0.987
3.55 0.990982
3.56 0.994972
3.57 0.998971
3.58 1.00298
3.59 1.007
3.6 1.01102
3.61 1.01506
3.62 1.0191
3.63 1.02316
3.64 1.02722
3.65 1.0313
3.66 1.03538
3.67 1.03948
3.68 1.04358
3.69 1.0477
3.7 1.05183
3.71 1.05597
3.72 1.06012
3.73 1.06428
3.74 1.06846
3.75 1.07265
3.76 1.07685
3.77 1.08106
3.78 1.08529
3.79 1.08953
3.8 1.09378
3.81 1.09805
3.82 1.10233
3.83 1.10662
3.84 1.11093
3.85 1.11525
3.86 1.11958
3.87 1.12393
3.88 1.1283
3.89 1.13268
3.9 1.13708
3.91 1.14149
3.92 1.14591
3.93 1.15036
3.94 1.15481
3.95 1.15929
3.96 1.16378
3.97 1.16829
3.98 1.17281
3.99 1.17735
4 1.18191
4.01 1.18648
4.02 1.19107
4.03 1.19568
4.04 1.20031
4.05 1.20495
4.06 1.20961
4.07 1.21429
4.08 1.21899
4.09 1.22371
4.1 1.22844
4.11 1.2332
4.12 1.23797
4.13 1.24276
4.14 1.24757
4.15 1.2524
4.16 1.25725
4.17 1.26211
4.18 1.267
4.19 1.27191
4.2 1.27683
4.21 1.28178
4.22 1.28674
4.23 1.29172
4.24 1.29673
4.25 1.30175
4.26 1.3068
4.27 1.31186
4.28 1.31695
4.29 1.32205
4.3 1.32718
4.31 1.33232
4.32 1.33749
4.33 1.34268
4.34 1.34788
4.35 1.35311
4.36 1.35836
4.37 1.36363
4.38 1.36892
4.39 1.37423
4.4 1.37956
4.41 1.38491
4.42 1.39028
4.43 1.39567
4.44 1.40109
4.45 1.40652
4.46 1.41198
4.47 1.41745
4.48 1.42294
4.49 1.42846
4.5 1.434
4.51 1.43955
4.52 1.44513
4.53 1.45072
4.54 1.45634
4.55 1.46198
4.56 1.46763
4.57 1.47331
4.58 1.47901
4.59 1.48472
4.6 1.49046
4.61 1.49621
4.62 1.50199
4.63 1.50778
4.64 1.51359
4.65 1.51942
4.66 1.52527
4.67 1.53114
4.68 1.53703
4.69 1.54294
4.7 1.54886
4.71 1.5548
4.72 1.56076
4.73 1.56674
4.74 1.57274
4.75 1.57875
4.76 1.58478
4.77 1.59083
4.78 1.59689
4.79 1.60297
4.8 1.60907
4.81 1.61518
4.82 1.62131
4.83 1.62746
4.84 1.63362
4.85 1.6398
4.86 1.64599
4.87 1.6522
4.88 1.65842
4.89 1.66466
4.9 1.67091
4.91 1.67718
4.92 1.68345
4.93 1.68975
4.94 1.69606
4.95 1.70238
4.96 1.70871
4.97 1.71506
4.98 1.72142
4.99 1.72779
5 1.73417
5.01 1.74057
5.02 1.74698
5.03 1.7534
5.04 1.75983
5.05 1.76627
5.06 1.77273
5.07 1.7792
5.08 1.78567
5.09 1.79216
5.1 1.79866
5.11 1.80517
5.12 1.81168
5.13 1.81821
5.14 1.82475
5.15 1.8313
5.16 1.83786
5.17 1.84442
5.18 1.851
5.19 1.85759
5.2 1.86418
5.21 1.87079
5.22 1.8774
5.23 1.88402
5.24 1.89065
5.25 1.89729
5.26 1.90394
5.27 1.9106
5.28 1.91726
5.29 1.92394
5.3 1.93062
5.31 1.93732
5.32 1.94402
5.33 1.95073
5.34 1.95744
5.35 1.96417
5.36 1.97091
5.37 1.97765
5.38 1.98441
5.39 1.99117
5.4 1.99794
5.41 2.00472
5.42 2.01151
5.43 2.01831
5.44 2.02512
5.45 2.03194
5.46 2.03877
5.47 2.04561
5.48 2.05246
5.49 2.05933
5.5 2.0662
5.51 2.07308
5.52 2.07998
5.53 2.08688
5.54 2.0938
5.55 2.10073
5.56 2.10767
5.57 2.11463
5.58 2.1216
5.59 2.12858
5.6 2.13557
5.61 2.14258
5.62 2.14961
5.63 2.15665
5.64 2.1637
5.65 2.17077
5.66 2.17785
5.67 2.18496
5.68 2.19207
5.69 2.19921
5.7 2.20636
5.71 2.21353
5.72 2.22072
5.73 2.22793
5.74 2.23515
5.75 2.2424
5.76 2.24967
5.77 2.25696
5.78 2.26426
5.79 2.27159
5.8 2.27895
5.81 2.28632
5.82 2.29372
5.83 2.30114
5.84 2.30859
5.85 2.31606
5.86 2.32355
5.87 2.33107
5.88 2.33862
5.89 2.34619
5.9 2.35379
5.91 2.36142
5.92 2.36907
5.93 2.37676
5.94 2.38447
5.95 2.39221
5.96 2.39998
5.97 2.40779
5.98 2.41562
5.99 2.42348
6 2.43138
6.01 2.43931
6.02 2.44727
6.03 2.45526
6.04 2.46329
6.05 2.47135
6.06 2.47945
6.07 2.48758
6.08 2.49575
6.09 2.50395
6.1 2.51219
6.11 2.52046
6.12 2.52877
6.13 2.53712
6.14 2.54551
6.15 2.55393
6.16 2.56239
6.17 2.57089
6.18 2.57943
6.19 2.58801
6.2 2.59662
6.21 2.60528
6.22 2.61397
6.23 2.62271
6.24 2.63148
6.25 2.64029
6.26 2.64915
6.27 2.65804
6.28 2.66698
6.29 2.67595
6.3 2.68497
6.31 2.69402
6.32 2.70312
6.33 2.71226
6.34 2.72143
6.35 2.73065
6.36 2.73991
6.37 2.74921
6.38 2.75855
6.39 2.76792
6.4 2.77734
6.41 2.7868
6.42 2.7963
6.43 2.80584
6.44 2.81541
6.45 2.82503
6.46 2.83468
6.47 2.84437
6.48 2.8541
6.49 2.86387
6.5 2.87368
6.51 2.88352
6.52 2.89339
6.53 2.90331
6.54 2.91326
6.55 2.92324
6.56 2.93326
6.57 2.94331
6.58 2.9534
6.59 2.96351
6.6 2.97366
6.61 2.98384
6.62 2.99406
6.63 3.0043
6.64 3.01457
6.65 3.02487
6.66 3.0352
6.67 3.04555
6.68 3.05594
6.69 3.06634
6.7 3.07678
6.71 3.08723
6.72 3.09771
6.73 3.10821
6.74 3.11874
6.75 3.12928
6.76 3.13984
6.77 3.15042
6.78 3.16102
6.79 3.17164
6.8 3.18227
6.81 3.19292
6.82 3.20358
6.83 3.21425
6.84 3.22493
6.85 3.23563
6.86 3.24633
6.87 3.25704
6.88 3.26776
6.89 3.27849
6.9 3.28922
6.91 3.29995
6.92 3.31069
6.93 3.32143
6.94 3.33216
6.95 3.3429
6.96 3.35363
6.97 3.36436
6.98 3.37509
6.99 3.38581
7 3.39652
7.01 3.40723
7.02 3.41792
7.03 3.4286
7.04 3.43927
7.05 3.44993
7.06 3.46057
7.07 3.4712
7.08 3.4818
7.09 3.49239
7.1 3.50296
7.11 3.5135
7.12 3.52403
7.13 3.53452
7.14 3.54499
7.15 3.55544
7.16 3.56585
7.17 3.57624
7.18 3.58659
7.19 3.59691
7.2 3.6072
7.21 3.61745
7.22 3.62766
7.23 3.63783
7.24 3.64797
7.25 3.65806
7.26 3.66811
7.27 3.67811
7.28 3.68807
7.29 3.69799
7.3 3.70785
7.31 3.71766
7.32 3.72742
7.33 3.73713
7.34 3.74679
7.35 3.75639
7.36 3.76593
7.37 3.77542
7.38 3.78485
7.39 3.79421
7.4 3.80352
7.41 3.81276
7.42 3.82193
7.43 3.83104
7.44 3.84009
7.45 3.84906
7.46 3.85797
7.47 3.86681
7.48 3.87557
7.49 3.88427
7.5 3.89289
7.51 3.90143
7.52 3.9099
7.53 3.91829
7.54 3.92661
7.55 3.93485
7.56 3.943
7.57 3.95108
7.58 3.95908
7.59 3.96699
7.6 3.97483
7.61 3.98258
7.62 3.99024
7.63 3.99782
7.64 4.00532
7.65 4.01273
7.66 4.02006
7.67 4.02729
7.68 4.03444
7.69 4.04151
7.7 4.04848
7.71 4.05537
7.72 4.06217
7.73 4.06888
7.74 4.0755
7.75 4.08203
7.76 4.08847
7.77 4.09482
7.78 4.10108
7.79 4.10725
7.8 4.11333
7.81 4.11932
7.82 4.12522
7.83 4.13102
7.84 4.13674
7.85 4.14237
7.86 4.14791
7.87 4.15336
7.88 4.15872
7.89 4.16399
7.9 4.16917
7.91 4.17426
7.92 4.17927
7.93 4.18418
7.94 4.18901
7.95 4.19375
7.96 4.1984
7.97 4.20296
7.98 4.20744
7.99 4.21183
8 4.21613
8.01 4.22035
8.02 4.22449
8.03 4.22854
8.04 4.2325
8.05 4.23639
8.06 4.24019
8.07 4.2439
8.08 4.24754
8.09 4.25109
8.1 4.25457
8.11 4.25796
8.12 4.26127
8.13 4.26451
8.14 4.26766
8.15 4.27074
8.16 4.27374
8.17 4.27666
8.18 4.27951
8.19 4.28228
8.2 4.28498
8.21 4.2876
8.22 4.29015
8.23 4.29263
8.24 4.29504
8.25 4.29737
8.26 4.29963
8.27 4.30183
8.28 4.30395
8.29 4.306
8.3 4.30799
8.31 4.30991
8.32 4.31176
8.33 4.31355
8.34 4.31527
8.35 4.31692
8.36 4.31852
8.37 4.32004
8.38 4.32151
8.39 4.32291
8.4 4.32425
8.41 4.32554
8.42 4.32676
8.43 4.32792
8.44 4.32902
8.45 4.33006
8.46 4.33105
8.47 4.33198
8.48 4.33286
8.49 4.33367
8.5 4.33444
8.51 4.33515
8.52 4.3358
8.53 4.3364
8.54 4.33695
8.55 4.33745
8.56 4.3379
8.57 4.3383
8.58 4.33864
8.59 4.33894
8.6 4.33919
8.61 4.33939
8.62 4.33954
8.63 4.33965
8.64 4.33971
8.65 4.33973
8.66 4.3397
8.67 4.33962
8.68 4.3395
8.69 4.33934
8.7 4.33914
8.71 4.33889
8.72 4.3386
8.73 4.33827
8.74 4.3379
8.75 4.33749
8.76 4.33704
8.77 4.33656
8.78 4.33603
8.79 4.33546
8.8 4.33486
8.81 4.33423
8.82 4.33355
8.83 4.33284
8.84 4.3321
8.85 4.33132
8.86 4.3305
8.87 4.32965
8.88 4.32877
8.89 4.32786
8.9 4.32691
8.91 4.32594
8.92 4.32493
8.93 4.32389
8.94 4.32282
8.95 4.32172
8.96 4.32059
8.97 4.31943
8.98 4.31825
8.99 4.31703
9 4.31579
9.01 4.31452
9.02 4.31322
9.03 4.3119
9.04 4.31055
9.05 4.30918
9.06 4.30778
9.07 4.30636
9.08 4.30491
9.09 4.30344
9.1 4.30194
9.11 4.30043
9.12 4.29889
9.13 4.29732
9.14 4.29574
9.15 4.29413
9.16 4.2925
9.17 4.29085
9.18 4.28918
9.19 4.28749
9.2 4.28579
9.21 4.28406
9.22 4.28231
9.23 4.28054
9.24 4.27876
9.25 4.27695
9.26 4.27513
9.27 4.27329
9.28 4.27144
9.29 4.26956
9.3 4.26768
9.31 4.26577
9.32 4.26385
9.33 4.26191
9.34 4.25996
9.35 4.25799
9.36 4.25601
9.37 4.25401
9.38 4.252
9.39 4.24997
9.4 4.24793
9.41 4.24587
9.42 4.24381
9.43 4.24173
9.44 4.23963
9.45 4.23753
9.46 4.23541
9.47 4.23328
9.48 4.23114
9.49 4.22898
9.5 4.22682
9.51 4.22464
9.52 4.22245
9.53 4.22025
9.54 4.21804
9.55 4.21582
9.56 4.21359
9.57 4.21135
9.58 4.2091
9.59 4.20684
9.6 4.20457
9.61 4.20229
9.62 4.2
9.63 4.19771
9.64 4.1954
9.65 4.19309
9.66 4.19076
9.67 4.18843
9.68 4.18609
9.69 4.18374
9.7 4.18139
9.71 4.17902
9.72 4.17665
9.73 4.17428
9.74 4.17189
9.75 4.1695
9.76 4.1671
9.77 4.16469
9.78 4.16228
9.79 4.15986
9.8 4.15743
9.81 4.155
9.82 4.15256
9.83 4.15011
9.84 4.14766
9.85 4.14521
9.86 4.14274
9.87 4.14028
9.88 4.1378
9.89 4.13532
9.9 4.13284
9.91 4.13035
9.92 4.12785
9.93 4.12535
9.94 4.12285
9.95 4.12034
9.96 4.11783
9.97 4.11531
9.98 4.11279
9.99 4.11026
10 4.10773
10.001 0
