0 5
0.01 5.98557
0.02 5.98117
0.03 5.97677
0.04 5.97236
0.05 5.96793
0.06 5.9635
0.07 5.95905
0.08 5.9546
0.09 5.95014
0.1 5.94567
0.11 5.94119
0.12 5.9367
0.13 5.9322
0.14 5.92769
0.15 5.92318
0.16 5.91866
0.17 5.91413
0.18 5.90959
0.19 5.90505
0.2 5.90051
0.21 5.89595
0.22 5.8914
0.23 5.88684
0.24 5.88227
0.25 5.8777
0.26 5.87313
0.27 5.86856
0.28 5.86399
0.29 5.85941
0.3 5.85484
0.31 5.85027
0.32 5.8457
0.33 5.84113
0.34 5.83657
0.35 5.83201
0.36 5.82745
0.37 5.82291
0.38 5.81837
0.39 5.81384
0.4 5.80931
0.41 5.8048
0.42 5.80031
0.43 5.79582
0.44 5.79135
0.45 5.7869
0.46 5.78246
0.47 5.77804
0.48 5.77365
0.49 5.76927
0.5 5.76492
0.51 5.7606
0.52 5.7563
0.53 5.75203
0.54 5.74779
0.55 5.74359
0.56 5.73941
0.57 5.73528
0.58 5.73118
0.59 5.72713
0.6 5.72312
0.61 5.71915
0.62 5.71523
0.63 5.71136
0.64 5.70755
0.65 5.70378
0.66 5.70008
0.67 5.69644
0.68 5.69285
0.69 5.68934
0.7 5.68589
0.71 5.68252
0.72 5.67921
0.73 5.67599
0.74 5.67284
0.75 5.66978
0.76 5.66681
0.77 5.66392
0.78 5.66113
0.79 5.65844
0.8 5.65584
0.81 5.65335
0.82 5.65096
0.83 5.64868
0.84 5.64652
0.85 5.64447
0.86 5.64255
0.87 5.64075
0.88 5.63907
0.89 5.63753
0.9 5.63612
0.91 5.63485
0.92 5.63372
0.93 5.63274
0.94 5.63191
0.95 5.63123
0.96 5.63071
0.97 5.63035
0.98 5.63015
0.99 5.63011
1 5.63025
1.01 5.63056
1.02 5.63105
1.03 5.63171
1.04 5.63256
1.05 5.6336
1.06 5.63482
1.07 5.63623
1.08 5.63784
1.09 5.63964
1.1 5.64164
1.11 5.64384
1.12 5.64624
1.13 5.64885
1.14 5.65166
1.15 5.65468
1.16 5.6579
1.17 5.66134
1.18 5.66498
1.19 5.66884
1.2 5.67291
1.21 5.67719
1.22 5.68168
1.23 5.68638
1.24 5.69129
1.25 5.69642
1.26 5.70175
1.27 5.70729
1.28 5.71304
1.29 5.719
1.3 5.72516
1.31 5.73153
1.32 5.73809
1.33 5.74486
1.34 5.75182
1.35 5.75898
1.36 5.76632
1.37 5.77386
1.38 5.78158
1.39 5.78948
1.4 5.79756
1.41 5.80581
1.42 5.81423
1.43 5.82282
1.44 5.83157
1.45 5.84048
1.46 5.84954
1.47 5.85876
1.48 5.86811
1.49 5.87761
1.5 5.88724
1.51 5.89699
1.52 5.90688
1.53 5.91688
1.54 5.92699
1.55 5.93722
1.56 5.94755
1.57 5.95797
1.58 5.96849
1.59 5.97909
1.6 5.98978
1.61 6.00054
1.62 6.01138
1.63 6.02228
1.64 6.03324
1.65 6.04426
1.66 6.05532
1.67 6.06644
1.68 6.07759
1.69 6.08878
1.7 6.09999
1.71 6.11124
1.72 6.12251
1.73 6.13379
1.74 6.14508
1.75 6.15639
1.76 6.1677
1.77 6.17901
1.78 6.19031
1.79 6.20161
1.8 6.2129
1.81 6.22418
1.82 6.23544
1.83 6.24668
1.84 6.25789
1.85 6.26909
1.86 6.28025
1.87 6.29139
1.88 6.30249
1.89 6.31356
1.9 6.32459
1.91 6.33559
1.92 6.34654
1.93 6.35745
1.94 6.36833
1.95 6.37915
1.96 6.38994
1.97 6.40068
1.98 6.41137
1.99 6.42201
2 6.43261
2.01 6.44316
2.02 6.45365
2.03 6.46411
2.04 6.47451
2.05 6.48486
2.06 6.49516
2.07 6.50541
2.08 6.51562
2.09 6.52577
2.1 6.53588
2.11 6.54594
2.12 6.55595
2.13 6.56591
2.14 6.57582
2.15 6.58569
2.16 6.59552
2.17 6.60529
2.18 6.61503
2.19 6.62472
2.2 6.63436
2.21 6.64396
2.22 6.65353
2.23 6.66305
2.24 6.67253
2.25 6.68197
2.26 6.69138
2.27 6.70074
2.28 6.71007
2.29 6.71937
2.3 6.72863
2.31 6.73786
2.32 6.74705
2.33 6.75621
2.34 6.76534
2.35 6.77444
2.36 6.78352
2.37 6.79256
2.38 6.80158
2.39 6.81057
2.4 6.81953
2.41 6.82847
2.42 6.83739
2.43 6.84628
2.44 6.85515
2.45 6.864
2.46 6.87283
2.47 6.88164
2.48 6.89044
2.49 6.89921
2.5 6.90796
2.51 6.9167
2.52 6.92543
2.53 6.93413
2.54 6.94283
2.55 6.9515
2.56 6.96017
2.57 6.96882
2.58 6.97746
2.59 6.98609
2.6 6.99471
2.61 7.00332
2.62 7.01191
2.63 7.0205
2.64 7.02908
2.65 7.03765
2.66 7.04621
2.67 7.05476
2.68 7.06331
2.69 7.07185
2.7 7.08038
2.71 7.0889
2.72 7.09742
2.73 7.10593
2.74 7.11444
2.75 7.12294
2.76 7.13143
2.77 7.13992
2.78 7.1484
2.79 7.15688
2.8 7.16536
2.81 7.17382
2.82 7.18229
2.83 7.19075
2.84 7.1992
2.85 7.20765
2.86 7.21609
2.87 7.22453
2.88 7.23296
2.89 7.24139
2.9 7.24981
2.91 7.25823
2.92 7.26664
2.93 7.27504
2.94 7.28344
2.95 7.29183
2.96 7.30022
2.97 7.30859
2.98 7.31696
2.99 7.32533
3 7.33368
3.01 7.34203
3.02 7.35037
3.03 7.3587
3.04 7.36702
3.05 7.37533
3.06 7.38363
3.07 7.39192
3.08 7.4002
3.09 7.40846
3.1 7.41672
3.11 7.42496
3.12 7.43319
3.13 7.4414
3.14 7.4496
3.15 7.45779
3.16 7.46596
3.17 7.47412
3.18 7.48226
3.19 7.49038
3.2 7.49848
3.21 7.50657
3.22 7.51464
3.23 7.52268
3.24 7.53071
3.25 7.53872
3.26 7.5467
3.27 7.55467
3.28 7.56261
3.29 7.57052
3.3 7.57842
3.31 7.58628
3.32 7.59413
3.33 7.60194
3.34 7.60973
3.35 7.6175
3.36 7.62523
3.37 7.63293
3.38 7.64061
3.39 7.64825
3.4 7.65587
3.41 7.66345
3.42 7.671
3.43 7.67852
3.44 7.686
3.45 7.69345
3.46 7.70086
3.47 7.70824
3.48 7.71558
3.49 7.72289
3.5 7.73015
3.51 7.73738
3.52 7.74457
3.53 7.75172
3.54 7.75883
3.55 7.76589
3.56 7.77292
3.57 7.7799
3.58 7.78684
3.59 7.79374
3.6 7.8006
3.61 7.8074
3.62 7.81417
3.63 7.82089
3.64 7.82756
3.65 7.83418
3.66 7.84076
3.67 7.84729
3.68 7.85377
3.69 7.86021
3.7 7.86659
3.71 7.87292
3.72 7.87921
3.73 7.88544
3.74 7.89163
3.75 7.89776
3.76 7.90384
3.77 7.90986
3.78 7.91584
3.79 7.92176
3.8 7.92763
3.81 7.93345
3.82 7.93921
3.83 7.94492
3.84 7.95057
3.85 7.95617
3.86 7.96172
3.87 7.96721
3.88 7.97264
3.89 7.97802
3.9 7.98335
3.91 7.98861
3.92 7.99383
3.93 7.99898
3.94 8.00408
3.95 8.00913
3.96 8.01411
3.97 8.01905
3.98 8.02392
3.99 8.02874
4 8.0335
4.01 8.03821
4.02 8.04286
4.03 8.04745
4.04 8.05199
4.05 8.05647
4.06 8.06089
4.07 8.06526
4.08 8.06957
4.09 8.07383
4.1 8.07803
4.11 8.08217
4.12 8.08626
4.13 8.0903
4.14 8.09427
4.15 8.0982
4.16 8.10206
4.17 8.10588
4.18 8.10963
4.19 8.11334
4.2 8.11699
4.21 8.12058
4.22 8.12413
4.23 8.12761
4.24 8.13105
4.25 8.13443
4.26 8.13776
4.27 8.14104
4.28 8.14427
4.29 8.14744
4.3 8.15057
4.31 8.15364
4.32 8.15666
4.33 8.15963
4.34 8.16255
4.35 8.16542
4.36 8.16825
4.37 8.17102
4.38 8.17374
4.39 8.17642
4.4 8.17905
4.41 8.18163
4.42 8.18416
4.43 8.18665
4.44 8.18909
4.45 8.19149
4.46 8.19384
4.47 8.19614
4.48 8.1984
4.49 8.20062
4.5 8.20279
4.51 8.20492
4.52 8.20701
4.53 8.20905
4.54 8.21105
4.55 8.21301
4.56 8.21493
4.57 8.21681
4.58 8.21864
4.59 8.22044
4.6 8.22219
4.61 8.22391
4.62 8.22559
4.63 8.22723
4.64 8.22883
4.65 8.2304
4.66 8.23193
4.67 8.23342
4.68 8.23487
4.69 8.23629
4.7 8.23767
4.71 8.23902
4.72 8.24033
4.73 8.24161
4.74 8.24286
4.75 8.24407
4.76 8.24525
4.77 8.24639
4.78 8.2475
4.79 8.24858
4.8 8.24963
4.81 8.25065
4.82 8.25164
4.83 8.2526
4.84 8.25352
4.85 8.25442
4.86 8.25529
4.87 8.25613
4.88 8.25694
4.89 8.25772
4.9 8.25847
4.91 8.2592
4.92 8.25989
4.93 8.26056
4.94 8.26121
4.95 8.26183
4.96 8.26242
4.97 8.26299
4.98 8.26353
4.99 8.26404
5 8.26453
5.01 8.265
5.02 8.26544
5.03 8.26586
5.04 8.26625
5.05 8.26663
5.06 8.26697
5.07 8.2673
5.08 8.2676
5.09 8.26788
5.1 8.26814
5.11 8.26837
5.12 8.26859
5.13 8.26878
5.14 8.26895
5.15 8.2691
5.16 8.26923
5.17 8.26934
5.18 8.26943
5.19 8.2695
5.2 8.26955
5.21 8.26958
5.22 8.26959
5.23 8.26958
5.24 8.26955
5.25 8.26951
5.26 8.26944
5.27 8.26936
5.28 8.26925
5.29 8.26913
5.3 8.26899
5.31 8.26883
5.32 8.26866
5.33 8.26846
5.34 8.26825
5.35 8.26802
5.36 8.26778
5.37 8.26751
5.38 8.26723
5.39 8.26694
5.4 8.26662
5.41 8.26629
5.42 8.26594
5.43 8.26558
5.44 8.2652
5.45 8.2648
5.46 8.26438
5.47 8.26395
5.48 8.2635
5.49 8.26304
5.5 8.26256
5.51 8.26206
5.52 8.26155
5.53 8.26102
5.54 8.26047
5.55 8.25991
5.56 8.25933
5.57 8.25874
5.58 8.25812
5.59 8.2575
5.6 8.25685
5.61 8.25619
5.62 8.25552
5.63 8.25482
5.64 8.25411
5.65 8.25339
5.66 8.25264
5.67 8.25188
5.68 8.2511
5.69 8.25031
5.7 8.2495
5.71 8.24867
5.72 8.24782
5.73 8.24696
5.74 8.24608
5.75 8.24518
5.76 8.24426
5.77 8.24333
5.78 8.24237
5.79 8.2414
5.8 8.24041
5.81 8.2394
5.82 8.23837
5.83 8.23732
5.84 8.23625
5.85 8.23516
5.86 8.23406
5.87 8.23293
5.88 8.23178
5.89 8.2306
5.9 8.22941
5.91 8.2282
5.92 8.22696
5.93 8.2257
5.94 8.22441
5.95 8.22311
5.96 8.22178
5.97 8.22042
5.98 8.21904
5.99 8.21763
6 8.2162
6.01 8.21475
6.02 8.21326
6.03 8.21175
6.04 8.21021
6.05 8.20864
6.06 8.20704
6.07 8.20541
6.08 8.20375
6.09 8.20206
6.1 8.20033
6.11 8.19858
6.12 8.19679
6.13 8.19496
6.14 8.1931
6.15 8.1912
6.16 8.18927
6.17 8.18729
6.18 8.18528
6.19 8.18323
6.2 8.18113
6.21 8.17899
6.22 8.17681
6.23 8.17458
6.24 8.17231
6.25 8.16999
6.26 8.16762
6.27 8.1652
6.28 8.16272
6.29 8.1602
6.3 8.15761
6.31 8.15497
6.32 8.15228
6.33 8.14952
6.34 8.1467
6.35 8.14381
6.36 8.14086
6.37 8.13783
6.38 8.13474
6.39 8.13158
6.4 8.12833
6.41 8.12501
6.42 8.12161
6.43 8.11812
6.44 8.11455
6.45 8.11089
6.46 8.10713
6.47 8.10328
6.48 8.09932
6.49 8.09527
6.5 8.0911
6.51 8.08682
6.52 8.08242
6.53 8.07791
6.54 8.07326
6.55 8.06849
6.56 8.06358
6.57 8.05852
6.58 8.05332
6.59 8.04796
6.6 8.04244
6.61 8.03675
6.62 8.03089
6.63 8.02484
6.64 8.01859
6.65 8.01215
6.66 8.00549
6.67 7.99861
6.68 7.9915
6.69 7.98415
6.7 7.97654
6.71 7.96867
6.72 7.96051
6.73 7.95206
6.74 7.9433
6.75 7.93422
6.76 7.92479
6.77 7.91501
6.78 7.90485
6.79 7.89429
6.8 7.88332
6.81 7.87192
6.82 7.86006
6.83 7.84773
6.84 7.83489
6.85 7.82154
6.86 7.80764
6.87 7.79318
6.88 7.77813
6.89 7.76246
6.9 7.74616
6.91 7.72921
6.92 7.71157
6.93 7.69325
6.94 7.67421
6.95 7.65444
6.96 7.63393
6.97 7.61268
6.98 7.59066
6.99 7.56789
7 7.54437
7.01 7.5201
7.02 7.49508
7.03 7.46935
7.04 7.44293
7.05 7.41583
7.06 7.3881
7.07 7.35977
7.08 7.33089
7.09 7.3015
7.1 7.27167
7.11 7.24144
7.12 7.21089
7.13 7.18006
7.14 7.14903
7.15 7.11786
7.16 7.08661
7.17 7.05535
7.18 7.02414
7.19 6.99303
7.2 6.96207
7.21 6.93132
7.22 6.90082
7.23 6.8706
7.24 6.8407
7.25 6.81114
7.26 6.78195
7.27 6.75313
7.28 6.7247
7.29 6.69666
7.3 6.669
7.31 6.64172
7.32 6.61481
7.33 6.58825
7.34 6.56202
7.35 6.5361
7.36 6.51048
7.37 6.48512
7.38 6.46
7.39 6.43509
7.4 6.41037
7.41 6.3858
7.42 6.36136
7.43 6.33702
7.44 6.31275
7.45 6.28854
7.46 6.26435
7.47 6.24016
7.48 6.21595
7.49 6.1917
7.5 6.1674
7.51 6.14302
7.52 6.11855
7.53 6.09399
7.54 6.06931
7.55 6.04452
7.56 6.0196
7.57 5.99456
7.58 5.96939
7.59 5.94409
7.6 5.91867
7.61 5.89313
7.62 5.86748
7.63 5.84172
7.64 5.81586
7.65 5.78992
7.66 5.76391
7.67 5.73785
7.68 5.71174
7.69 5.68562
7.7 5.65948
7.71 5.63335
7.72 5.60726
7.73 5.58121
7.74 5.55522
7.75 5.52932
7.76 5.50353
7.77 5.47786
7.78 5.45232
7.79 5.42695
7.8 5.40174
7.81 5.37673
7.82 5.35192
7.83 5.32734
7.84 5.30298
7.85 5.27887
7.86 5.25502
7.87 5.23143
7.88 5.20813
7.89 5.18511
7.9 5.16238
7.91 5.13995
7.92 5.11783
7.93 5.09602
7.94 5.07453
7.95 5.05335
7.96 5.0325
7.97 5.01196
7.98 4.99175
7.99 4.97187
8 4.9523
8.01 4.93306
8.02 4.91414
8.03 4.89554
8.04 4.87725
8.05 4.85928
8.06 4.84161
8.07 4.82426
8.08 4.8072
8.09 4.79045
8.1 4.77399
8.11 4.75782
8.12 4.74194
8.13 4.72634
8.14 4.71102
8.15 4.69596
8.16 4.68118
8.17 4.66666
8.18 4.6524
8.19 4.63839
8.2 4.62463
8.21 4.61111
8.22 4.59783
8.23 4.58479
8.24 4.57198
8.25 4.55939
8.26 4.54702
8.27 4.53486
8.28 4.52292
8.29 4.51118
8.3 4.49965
8.31 4.48831
8.32 4.47717
8.33 4.46623
8.34 4.45546
8.35 4.44488
8.36 4.43448
8.37 4.42426
8.38 4.4142
8.39 4.40432
8.4 4.3946
8.41 4.38504
8.42 4.37564
8.43 4.3664
8.44 4.35731
8.45 4.34836
8.46 4.33957
8.47 4.33092
8.48 4.3224
8.49 4.31403
8.5 4.30579
8.51 4.29769
8.52 4.28971
8.53 4.28187
8.54 4.27415
8.55 4.26655
8.56 4.25907
8.57 4.25171
8.58 4.24447
8.59 4.23735
8.6 4.23033
8.61 4.22343
8.62 4.21663
8.63 4.20994
8.64 4.20336
8.65 4.19688
8.66 4.1905
8.67 4.18421
8.68 4.17803
8.69 4.17194
8.7 4.16595
8.71 4.16005
8.72 4.15424
8.73 4.14852
8.74 4.14289
8.75 4.13734
8.76 4.13188
8.77 4.1265
8.78 4.12121
8.79 4.116
8.8 4.11086
8.81 4.10581
8.82 4.10083
8.83 4.09593
8.84 4.0911
8.85 4.08635
8.86 4.08166
8.87 4.07705
8.88 4.07251
8.89 4.06804
8.9 4.06364
8.91 4.0593
8.92 4.05503
8.93 4.05082
8.94 4.04668
8.95 4.0426
8.96 4.03858
8.97 4.03462
8.98 4.03072
8.99 4.02688
9 4.0231
9.01 4.01937
9.02 4.01571
9.03 4.01209
9.04 4.00853
9.05 4.00503
9.06 4.00158
9.07 3.99818
9.08 3.99483
9.09 3.99153
9.1 3.98829
9.11 3.98509
9.12 3.98194
9.13 3.97883
9.14 3.97578
9.15 3.97277
9.16 3.96981
9.17 3.96689
9.18 3.96401
9.19 3.96118
9.2 3.95839
9.21 3.95565
9.22 3.95294
9.23 3.95028
9.24 3.94766
9.25 3.94507
9.26 3.94253
9.27 3.94003
9.28 3.93756
9.29 3.93513
9.3 3.93274
9.31 3.93039
9.32 3.92807
9.33 3.92578
9.34 3.92354
9.35 3.92132
9.36 3.91915
9.37 3.917
9.38 3.91489
9.39 3.91281
9.4 3.91076
9.41 3.90875
9.42 3.90676
9.43 3.90481
9.44 3.90289
9.45 3.901
9.46 3.89913
9.47 3.8973
9.48 3.89549
9.49 3.89372
9.5 3.89197
9.51 3.89025
9.52 3.88856
9.53 3.88689
9.54 3.88525
9.55 3.88364
9.56 3.88205
9.57 3.88049
9.58 3.87896
9.59 3.87744
9.6 3.87596
9.61 3.87449
9.62 3.87306
9.63 3.87164
9.64 3.87025
9.65 3.86888
9.66 3.86753
9.67 3.86621
9.68 3.86491
9.69 3.86363
9.7 3.86237
9.71 3.86113
9.72 3.85992
9.73 3.85872
9.74 3.85755
9.75 3.85639
9.76 3.85525
9.77 3.85414
9.78 3.85304
9.79 3.85197
9.8 3.85091
9.81 3.84987
9.82 3.84885
9.83 3.84784
9.84 3.84686
9.85 3.84589
9.86 3.84494
9.87 3.84401
9.88 3.84309
9.89 3.84219
9.9 3.84131
9.91 3.84045
9.92 3.8396
9.93 3.83876
9.94 3.83794
9.95 3.83714
9.96 3.83636
9.97 3.83558
9.98 3.83483
9.99 3.83409
10 3.83336
10.001 5
