0 -10
0.01 -9.76813
0.02 -9.77524
0.03 -9.78235
0.04 -9.78947
0.05 -9.79661
0.06 -9.80375
0.07 -9.8109
0.08 -9.81805
0.09 -9.82522
0.1 -9.83239
0.11 -9.83957
0.12 -9.84675
0.13 -9.85394
0.14 -9.86113
0.15 -9.86833
0.16 -9.87553
0.17 -9.88272
0.18 -9.88992
0.19 -9.89712
0.2 -9.90432
0.21 -9.91152
0.22 -9.91871
0.23 -9.9259
0.24 -9.93309
0.25 -9.94026
0.26 -9.94743
0.27 -9.95459
0.28 -9.96174
0.29 -9.96888
0.3 -9.976
0.31 -9.98311
0.32 -9.9902
0.33 -9.99727
0.34 -10.0043
0.35 -10.0114
0.36 -10.0184
0.37 -10.0253
0.38 -10.0323
0.39 -10.0392
0.4 -10.0461
0.41 -10.053
0.42 -10.0598
0.43 -10.0666
0.44 -10.0733
0.45 -10.08
0.46 -10.0867
0.47 -10.0933
0.48 -10.0999
0.49 -10.1064
0.5 -10.1128
0.51 -10.1192
0.52 -10.1255
0.53 -10.1318
0.54 -10.138
0.55 -10.1441
0.56 -10.1502
0.57 -10.1561
0.58 -10.162
0.59 -10.1678
0.6 -10.1735
0.61 -10.1792
0.62 -10.1847
0.63 -10.1901
0.64 -10.1955
0.65 -10.2007
0.66 -10.2058
0.67 -10.2108
0.68 -10.2157
0.69 -10.2204
0.7 -10.2251
0.71 -10.2296
0.72 -10.234
0.73 -10.2382
0.74 -10.2423
0.75 -10.2462
0.76 -10.25
0.77 -10.2537
0.78 -10.2571
0.79 -10.2604
0.8 -10.2636
0.81 -10.2666
0.82 -10.2693
0.83 -10.272
0.84 -10.2744
0.85 -10.2766
0.86 -10.2786
0.87 -10.2805
0.88 -10.2821
0.89 -10.2835
0.9 -10.2847
0.91 -10.2857
0.92 -10.2864
0.93 -10.2869
0.94 -10.2872
0.95 -10.2873
0.96 -10.2871
0.97 -10.2866
0.98 -10.2859
0.99 -10.2849
1 -10.2837
1.01 -10.2822
1.02 -10.2804
1.03 -10.2784
1.04 -10.276
1.05 -10.2734
1.06 -10.2705
1.07 -10.2673
1.08 -10.2638
1.09 -10.26
1.1 -10.2559
1.11 -10.2514
1.12 -10.2467
1.13 -10.2416
1.14 -10.2362
1.15 -10.2305
1.16 -10.2245
1.17 -10.2181
1.18 -10.2114
1.19 -10.2044
1.2 -10.197
1.21 -10.1892
1.22 -10.1812
1.23 -10.1728
1.24 -10.164
1.25 -10.1549
1.26 -10.1455
1.27 -10.1357
1.28 -10.1255
1.29 -10.115
1.3 -10.1042
1.31 -10.093
1.32 -10.0815
1.33 -10.0697
1.34 -10.0575
1.35 -10.0449
1.36 -10.0321
1.37 -10.0189
1.38 -10.0054
1.39 -9.9916
1.4 -9.97748
1.41 -9.96304
1.42 -9.94831
1.43 -9.93328
1.44 -9.91796
1.45 -9.90236
1.46 -9.88648
1.47 -9.87034
1.48 -9.85394
1.49 -9.8373
1.5 -9.8204
1.51 -9.80328
1.52 -9.78593
1.53 -9.76836
1.54 -9.75059
1.55 -9.73262
1.56 -9.71446
1.57 -9.69612
1.58 -9.67761
1.59 -9.65894
1.6 -9.64013
1.61 -9.62117
1.62 -9.60208
1.63 -9.58288
1.64 -9.56356
1.65 -9.54413
1.66 -9.52462
1.67 -9.50502
1.68 -9.48535
1.69 -9.46561
1.7 -9.44581
1.71 -9.42597
1.72 -9.40608
1.73 -9.38617
1.74 -9.36622
1.75 -9.34626
1.76 -9.32629
1.77 -9.30632
1.78 -9.28635
1.79 -9.26639
1.8 -9.24645
1.81 -9.22653
1.82 -9.20664
1.83 -9.18678
1.84 -9.16696
1.85 -9.14718
1.86 -9.12745
1.87 -9.10777
1.88 -9.08814
1.89 -9.06858
1.9 -9.04908
1.91 -9.02964
1.92 -9.01027
1.93 -8.99097
1.94 -8.97174
1.95 -8.95259
1.96 -8.93352
1.97 -8.91452
1.98 -8.89561
1.99 -8.87678
2 -8.85802
2.01 -8.83935
2.02 -8.82077
2.03 -8.80227
2.04 -8.78385
2.05 -8.76552
2.06 -8.74727
2.07 -8.7291
2.08 -8.71102
2.09 -8.69303
2.1 -8.67511
2.11 -8.65728
2.12 -8.63953
2.13 -8.62186
2.14 -8.60427
2.15 -8.58675
2.16 -8.56932
2.17 -8.55196
2.18 -8.53467
2.19 -8.51746
2.2 -8.50032
2.21 -8.48325
2.22 -8.46625
2.23 -8.44931
2.24 -8.43244
2.25 -8.41564
2.26 -8.3989
2.27 -8.38222
2.28 -8.36559
2.29 -8.34903
2.3 -8.33252
2.31 -8.31607
2.32 -8.29966
2.33 -8.28331
2.34 -8.267
2.35 -8.25075
2.36 -8.23453
2.37 -8.21836
2.38 -8.20224
2.39 -8.18615
2.4 -8.1701
2.41 -8.15409
2.42 -8.13811
2.43 -8.12216
2.44 -8.10625
2.45 -8.09037
2.46 -8.07451
2.47 -8.05868
2.48 -8.04288
2.49 -8.0271
2.5 -8.01134
2.51 -7.99561
2.52 -7.97989
2.53 -7.96419
2.54 -7.94851
2.55 -7.93284
2.56 -7.91719
2.57 -7.90154
2.58 -7.88592
2.59 -7.8703
2.6 -7.85469
2.61 -7.83908
2.62 -7.82349
2.63 -7.8079
2.64 -7.79231
2.65 -7.77673
2.66 -7.76115
2.67 -7.74558
2.68 -7.73
2.69 -7.71442
2.7 -7.69885
2.71 -7.68327
2.72 -7.66769
2.73 -7.6521
2.74 -7.63652
2.75 -7.62093
2.76 -7.60533
2.77 -7.58973
2.78 -7.57412
2.79 -7.5585
2.8 -7.54288
2.81 -7.52725
2.82 -7.51162
2.83 -7.49597
2.84 -7.48032
2.85 -7.46466
2.86 -7.44899
2.87 -7.43331
2.88 -7.41762
2.89 -7.40192
2.9 -7.38621
2.91 -7.37049
2.92 -7.35477
2.93 -7.33903
2.94 -7.32328
2.95 -7.30753
2.96 -7.29176
2.97 -7.27598
2.98 -7.2602
2.99 -7.24441
3 -7.2286
3.01 -7.21279
3.02 -7.19697
3.03 -7.18115
3.04 -7.16531
3.05 -7.14947
3.06 -7.13362
3.07 -7.11776
3.08 -7.1019
3.09 -7.08604
3.1 -7.07016
3.11 -7.05429
3.12 -7.03841
3.13 -7.02252
3.14 -7.00664
3.15 -6.99075
3.16 -6.97486
3.17 -6.95897
3.18 -6.94308
3.19 -6.92719
3.2 -6.9113
3.21 -6.89541
3.22 -6.87953
3.23 -6.86365
3.24 -6.84777
3.25 -6.8319
3.26 -6.81604
3.27 -6.80019
3.28 -6.78434
3.29 -6.7685
3.3 -6.75267
3.31 -6.73685
3.32 -6.72105
3.33 -6.70525
3.34 -6.68947
3.35 -6.67371
3.36 -6.65796
3.37 -6.64223
3.38 -6.62651
3.39 -6.61082
3.4 -6.59514
3.41 -6.57949
3.42 -6.56386
3.43 -6.54825
3.44 -6.53266
3.45 -6.5171
3.46 -6.50157
3.47 -6.48606
3.48 -6.47058
3.49 -6.45514
3.5 -6.43972
3.51 -6.42433
3.52 -6.40898
3.53 -6.39366
3.54 -6.37838
3.55 -6.36313
3.56 -6.34792
3.57 -6.33275
3.58 -6.31762
3.59 -6.30253
3.6 -6.28748
3.61 -6.27247
3.62 -6.25751
3.63 -6.24259
3.64 -6.22772
3.65 -6.21289
3.66 -6.19811
3.67 -6.18338
3.68 -6.1687
3.69 -6.15407
3.7 -6.1395
3.71 -6.12497
3.72 -6.1105
3.73 -6.09609
3.74 -6.08173
3.75 -6.06743
3.76 -6.05318
3.77 -6.039
3.78 -6.02487
3.79 -6.0108
3.8 -5.9968
3.81 -5.98285
3.82 -5.96897
3.83 -5.95515
3.84 -5.9414
3.85 -5.92771
3.86 -5.91409
3.87 -5.90054
3.88 -5.88705
3.89 -5.87363
3.9 -5.86028
3.91 -5.84699
3.92 -5.83378
3.93 -5.82064
3.94 -5.80757
3.95 -5.79457
3.96 -5.78165
3.97 -5.7688
3.98 -5.75602
3.99 -5.74331
4 -5.73068
4.01 -5.71812
4.02 -5.70564
4.03 -5.69324
4.04 -5.68091
4.05 -5.66866
4.06 -5.65648
4.07 -5.64438
4.08 -5.63236
4.09 -5.62042
4.1 -5.60855
4.11 -5.59676
4.12 -5.58506
4.13 -5.57343
4.14 -5.56187
4.15 -5.5504
4.16 -5.53901
4.17 -5.5277
4.18 -5.51646
4.19 -5.50531
4.2 -5.49423
4.21 -5.48323
4.22 -5.47232
4.23 -5.46148
4.24 -5.45072
4.25 -5.44004
4.26 -5.42945
4.27 -5.41893
4.28 -5.40849
4.29 -5.39812
4.3 -5.38784
4.31 -5.37764
4.32 -5.36751
4.33 -5.35747
4.34 -5.3475
4.35 -5.33761
4.36 -5.32779
4.37 -5.31806
4.38 -5.3084
4.39 -5.29882
4.4 -5.28931
4.41 -5.27988
4.42 -5.27053
4.43 -5.26125
4.44 -5.25204
4.45 -5.24291
4.46 -5.23386
4.47 -5.22488
4.48 -5.21597
4.49 -5.20714
4.5 -5.19837
4.51 -5.18968
4.52 -5.18106
4.53 -5.17251
4.54 -5.16404
4.55 -5.15563
4.56 -5.14729
4.57 -5.13902
4.58 -5.13082
4.59 -5.12268
4.6 -5.11462
4.61 -5.10662
4.62 -5.09868
4.63 -5.09081
4.64 -5.08301
4.65 -5.07527
4.66 -5.06759
4.67 -5.05998
4.68 -5.05242
4.69 -5.04493
4.7 -5.0375
4.71 -5.03013
4.72 -5.02282
4.73 -5.01557
4.74 -5.00838
4.75 -5.00124
4.76 -4.99417
4.77 -4.98714
4.78 -4.98017
4.79 -4.97326
4.8 -4.9664
4.81 -4.9596
4.82 -4.95284
4.83 -4.94614
4.84 -4.93949
4.85 -4.93289
4.86 -4.92634
4.87 -4.91984
4.88 -4.91339
4.89 -4.90698
4.9 -4.90062
4.91 -4.89431
4.92 -4.88804
4.93 -4.88182
4.94 -4.87564
4.95 -4.8695
4.96 -4.86341
4.97 -4.85735
4.98 -4.85134
4.99 -4.84537
5 -4.83943
5.01 -4.83354
5.02 -4.82768
5.03 -4.82186
5.04 -4.81608
5.05 -4.81033
5.06 -4.80462
5.07 -4.79894
5.08 -4.79329
5.09 -4.78768
5.1 -4.7821
5.11 -4.77655
5.12 -4.77103
5.13 -4.76553
5.14 -4.76007
5.15 -4.75464
5.16 -4.74923
5.17 -4.74385
5.18 -4.7385
5.19 -4.73317
5.2 -4.72786
5.21 -4.72258
5.22 -4.71733
5.23 -4.71209
5.24 -4.70688
5.25 -4.70168
5.26 -4.69651
5.27 -4.69136
5.28 -4.68622
5.29 -4.6811
5.3 -4.676
5.31 -4.67092
5.32 -4.66585
5.33 -4.6608
5.34 -4.65576
5.35 -4.65073
5.36 -4.64572
5.37 -4.64071
5.38 -4.63572
5.39 -4.63075
5.4 -4.62578
5.41 -4.62082
5.42 -4.61586
5.43 -4.61092
5.44 -4.60598
5.45 -4.60105
5.46 -4.59612
5.47 -4.5912
5.48 -4.58628
5.49 -4.58137
5.5 -4.57646
5.51 -4.57155
5.52 -4.56664
5.53 -4.56173
5.54 -4.55682
5.55 -4.55191
5.56 -4.54699
5.57 -4.54208
5.58 -4.53716
5.59 -4.53223
5.6 -4.5273
5.61 -4.52237
5.62 -4.51743
5.63 -4.51248
5.64 -4.50752
5.65 -4.50255
5.66 -4.49758
5.67 -4.49259
5.68 -4.48759
5.69 -4.48258
5.7 -4.47755
5.71 -4.47251
5.72 -4.46746
5.73 -4.46239
5.74 -4.45731
5.75 -4.4522
5.76 -4.44708
5.77 -4.44194
5.78 -4.43678
5.79 -4.4316
5.8 -4.42639
5.81 -4.42116
5.82 -4.41591
5.83 -4.41064
5.84 -4.40534
5.85 -4.40001
5.86 -4.39465
5.87 -4.38927
5.88 -4.38385
5.89 -4.37841
5.9 -4.37293
5.91 -4.36743
5.92 -4.36188
5.93 -4.35631
5.94 -4.35069
5.95 -4.34504
5.96 -4.33936
5.97 -4.33363
5.98 -4.32786
5.99 -4.32205
6 -4.3162
6.01 -4.31031
6.02 -4.30437
6.03 -4.29838
6.04 -4.29235
6.05 -4.28627
6.06 -4.28014
6.07 -4.27396
6.08 -4.26772
6.09 -4.26143
6.1 -4.25509
6.11 -4.24869
6.12 -4.24224
6.13 -4.23572
6.14 -4.22915
6.15 -4.22252
6.16 -4.21582
6.17 -4.20906
6.18 -4.20223
6.19 -4.19533
6.2 -4.18837
6.21 -4.18134
6.22 -4.17424
6.23 -4.16706
6.24 -4.15981
6.25 -4.15249
6.26 -4.14509
6.27 -4.13761
6.28 -4.13005
6.29 -4.12242
6.3 -4.1147
6.31 -4.10689
6.32 -4.09901
6.33 -4.09103
6.34 -4.08297
6.35 -4.07482
6.36 -4.06659
6.37 -4.05826
6.38 -4.04984
6.39 -4.04132
6.4 -4.03272
6.41 -4.02401
6.42 -4.01522
6.43 -4.00632
6.44 -3.99733
6.45 -3.98825
6.46 -3.97906
6.47 -3.96978
6.48 -3.9604
6.49 -3.95092
6.5 -3.94134
6.51 -3.93167
6.52 -3.9219
6.53 -3.91203
6.54 -3.90207
6.55 -3.89201
6.56 -3.88187
6.57 -3.87163
6.58 -3.8613
6.59 -3.85089
6.6 -3.84039
6.61 -3.82981
6.62 -3.81916
6.63 -3.80844
6.64 -3.79764
6.65 -3.78679
6.66 -3.77588
6.67 -3.76491
6.68 -3.7539
6.69 -3.74286
6.7 -3.73179
6.71 -3.72069
6.72 -3.70958
6.73 -3.69848
6.74 -3.68738
6.75 -3.6763
6.76 -3.66526
6.77 -3.65427
6.78 -3.64333
6.79 -3.63248
6.8 -3.62171
6.81 -3.61106
6.82 -3.60053
6.83 -3.59014
6.84 -3.57992
6.85 -3.56989
6.86 -3.56007
6.87 -3.55047
6.88 -3.54113
6.89 -3.53206
6.9 -3.52329
6.91 -3.51484
6.92 -3.50674
6.93 -3.49902
6.94 -3.4917
6.95 -3.4848
6.96 -3.47835
6.97 -3.47238
6.98 -3.46691
6.99 -3.46196
7 -3.45756
7.01 -3.45374
7.02 -3.4505
7.03 -3.44787
7.04 -3.44587
7.05 -3.44451
7.06 -3.44381
7.07 -3.44378
7.08 -3.44443
7.09 -3.44577
7.1 -3.4478
7.11 -3.45052
7.12 -3.45393
7.13 -3.45804
7.14 -3.46284
7.15 -3.46831
7.16 -3.47446
7.17 -3.48127
7.18 -3.48873
7.19 -3.49682
7.2 -3.50553
7.21 -3.51484
7.22 -3.52473
7.23 -3.53519
7.24 -3.5462
7.25 -3.55774
7.26 -3.56979
7.27 -3.58233
7.28 -3.59534
7.29 -3.60882
7.3 -3.62273
7.31 -3.63707
7.32 -3.65183
7.33 -3.66699
7.34 -3.68253
7.35 -3.69846
7.36 -3.71475
7.37 -3.73141
7.38 -3.74843
7.39 -3.7658
7.4 -3.78352
7.41 -3.80159
7.42 -3.82
7.43 -3.83877
7.44 -3.85788
7.45 -3.87733
7.46 -3.89714
7.47 -3.9173
7.48 -3.93782
7.49 -3.9587
7.5 -3.97993
7.51 -4.00153
7.52 -4.02349
7.53 -4.04581
7.54 -4.0685
7.55 -4.09155
7.56 -4.11496
7.57 -4.13873
7.58 -4.16285
7.59 -4.18732
7.6 -4.21213
7.61 -4.23727
7.62 -4.26273
7.63 -4.28851
7.64 -4.31458
7.65 -4.34093
7.66 -4.36754
7.67 -4.39441
7.68 -4.4215
7.69 -4.44881
7.7 -4.47631
7.71 -4.50397
7.72 -4.53179
7.73 -4.55972
7.74 -4.58776
7.75 -4.61588
7.76 -4.64406
7.77 -4.67227
7.78 -4.70049
7.79 -4.72869
7.8 -4.75686
7.81 -4.78498
7.82 -4.81301
7.83 -4.84095
7.84 -4.86877
7.85 -4.89646
7.86 -4.92399
7.87 -4.95136
7.88 -4.97854
7.89 -5.00551
7.9 -5.03228
7.91 -5.05882
7.92 -5.08512
7.93 -5.11117
7.94 -5.13697
7.95 -5.16251
7.96 -5.18777
7.97 -5.21275
7.98 -5.23745
7.99 -5.26187
8 -5.28599
8.01 -5.30981
8.02 -5.33334
8.03 -5.35657
8.04 -5.3795
8.05 -5.40213
8.06 -5.42446
8.07 -5.44649
8.08 -5.46823
8.09 -5.48966
8.1 -5.51081
8.11 -5.53166
8.12 -5.55222
8.13 -5.57249
8.14 -5.59248
8.15 -5.61218
8.16 -5.63161
8.17 -5.65077
8.18 -5.66966
8.19 -5.68827
8.2 -5.70663
8.21 -5.72473
8.22 -5.74257
8.23 -5.76016
8.24 -5.7775
8.25 -5.7946
8.26 -5.81146
8.27 -5.82809
8.28 -5.84448
8.29 -5.86065
8.3 -5.87659
8.31 -5.89231
8.32 -5.90781
8.33 -5.92311
8.34 -5.93819
8.35 -5.95307
8.36 -5.96774
8.37 -5.98222
8.38 -5.9965
8.39 -6.01059
8.4 -6.02449
8.41 -6.0382
8.42 -6.05174
8.43 -6.06509
8.44 -6.07826
8.45 -6.09127
8.46 -6.1041
8.47 -6.11676
8.48 -6.12926
8.49 -6.14159
8.5 -6.15376
8.51 -6.16578
8.52 -6.17764
8.53 -6.18935
8.54 -6.2009
8.55 -6.21231
8.56 -6.22357
8.57 -6.23469
8.58 -6.24566
8.59 -6.2565
8.6 -6.2672
8.61 -6.27776
8.62 -6.28819
8.63 -6.29848
8.64 -6.30865
8.65 -6.31869
8.66 -6.3286
8.67 -6.33839
8.68 -6.34805
8.69 -6.35759
8.7 -6.36702
8.71 -6.37632
8.72 -6.38551
8.73 -6.39458
8.74 -6.40354
8.75 -6.41239
8.76 -6.42113
8.77 -6.42976
8.78 -6.43828
8.79 -6.44669
8.8 -6.45501
8.81 -6.46321
8.82 -6.47132
8.83 -6.47932
8.84 -6.48723
8.85 -6.49504
8.86 -6.50275
8.87 -6.51036
8.88 -6.51788
8.89 -6.52531
8.9 -6.53264
8.91 -6.53988
8.92 -6.54704
8.93 -6.5541
8.94 -6.56108
8.95 -6.56797
8.96 -6.57478
8.97 -6.5815
8.98 -6.58814
8.99 -6.59469
9 -6.60117
9.01 -6.60756
9.02 -6.61388
9.03 -6.62011
9.04 -6.62627
9.05 -6.63235
9.06 -6.63836
9.07 -6.64429
9.08 -6.65015
9.09 -6.65594
9.1 -6.66165
9.11 -6.66729
9.12 -6.67287
9.13 -6.67837
9.14 -6.6838
9.15 -6.68917
9.16 -6.69447
9.17 -6.6997
9.18 -6.70487
9.19 -6.70998
9.2 -6.71502
9.21 -6.72
9.22 -6.72491
9.23 -6.72977
9.24 -6.73456
9.25 -6.73929
9.26 -6.74397
9.27 -6.74858
9.28 -6.75314
9.29 -6.75764
9.3 -6.76209
9.31 -6.76648
9.32 -6.77081
9.33 -6.77509
9.34 -6.77931
9.35 -6.78348
9.36 -6.7876
9.37 -6.79167
9.38 -6.79569
9.39 -6.79965
9.4 -6.80357
9.41 -6.80743
9.42 -6.81125
9.43 -6.81502
9.44 -6.81874
9.45 -6.82241
9.46 -6.82604
9.47 -6.82962
9.48 -6.83315
9.49 -6.83664
9.5 -6.84009
9.51 -6.84349
9.52 -6.84685
9.53 -6.85016
9.54 -6.85343
9.55 -6.85667
9.56 -6.85985
9.57 -6.863
9.58 -6.86611
9.59 -6.86918
9.6 -6.8722
9.61 -6.87519
9.62 -6.87814
9.63 -6.88105
9.64 -6.88393
9.65 -6.88676
9.66 -6.88956
9.67 -6.89233
9.68 -6.89505
9.69 -6.89775
9.7 -6.9004
9.71 -6.90302
9.72 -6.90561
9.73 -6.90816
9.74 -6.91068
9.75 -6.91317
9.76 -6.91562
9.77 -6.91804
9.78 -6.92043
9.79 -6.92279
9.8 -6.92511
9.81 -6.92741
9.82 -6.92967
9.83 -6.9319
9.84 -6.9341
9.85 -6.93628
9.86 -6.93842
9.87 -6.94054
9.88 -6.94262
9.89 -6.94468
9.9 -6.94671
9.91 -6.94871
9.92 -6.95069
9.93 -6.95264
9.94 -6.95456
9.95 -6.95645
9.96 -6.95832
9.97 -6.96016
9.98 -6.96198
9.99 -6.96377
10 -6.96554
10.001 -10
