0 -10
0.01 -8.2907
0.02 -8.28508
0.03 -8.27943
0.04 -8.27377
0.05 -8.26808
0.06 -8.26237
0.07 -8.25664
0.08 -8.25089
0.09 -8.24512
0.1 -8.23932
0.11 -8.23351
0.12 -8.22767
0.13 -8.2218
0.14 -8.21592
0.15 -8.21001
0.16 -8.20409
0.17 -8.19813
0.18 -8.19216
0.19 -8.18617
0.2 -8.18015
0.21 -8.17411
0.22 -8.16804
0.23 -8.16195
0.24 -8.15584
0.25 -8.14971
0.26 -8.14355
0.27 -8.13737
0.28 -8.13117
0.29 -8.12494
0.3 -8.11869
0.31 -8.11241
0.32 -8.10611
0.33 -8.09979
0.34 -8.09344
0.35 -8.08706
0.36 -8.08066
0.37 -8.07423
0.38 -8.06778
0.39 -8.0613
0.4 -8.0548
0.41 -8.04826
0.42 -8.0417
0.43 -8.03512
0.44 -8.0285
0.45 -8.02186
0.46 -8.01518
0.47 -8.00848
0.48 -8.00175
0.49 -7.99498
0.5 -7.98819
0.51 -7.98136
0.52 -7.97451
0.53 -7.96761
0.54 -7.96069
0.55 -7.95373
0.56 -7.94674
0.57 -7.93971
0.58 -7.93265
0.59 -7.92555
0.6 -7.91841
0.61 -7.91124
0.62 -7.90402
0.63 -7.89677
0.64 -7.88948
0.65 -7.88214
0.66 -7.87476
0.67 -7.86734
0.68 -7.85987
0.69 -7.85236
0.7 -7.8448
0.71 -7.83719
0.72 -7.82953
0.73 -7.82183
0.74 -7.81407
0.75 -7.80626
0.76 -7.7984
0.77 -7.79048
0.78 -7.78251
0.79 -7.77448
0.8 -7.76639
0.81 -7.75824
0.82 -7.75003
0.83 -7.74176
0.84 -7.73342
0.85 -7.72502
0.86 -7.71654
0.87 -7.708
0.88 -7.69939
0.89 -7.69071
0.9 -7.68196
0.91 -7.67312
0.92 -7.66422
0.93 -7.65523
0.94 -7.64616
0.95 -7.63701
0.96 -7.62778
0.97 -7.61847
0.98 -7.60906
0.99 -7.59957
1 -7.58999
1.01 -7.58031
1.02 -7.57054
1.03 -7.56068
1.04 -7.55072
1.05 -7.54066
1.06 -7.5305
1.07 -7.52024
1.08 -7.50988
1.09 -7.49941
1.1 -7.48884
1.11 -7.47815
1.12 -7.46736
1.13 -7.45646
1.14 -7.44544
1.15 -7.43432
1.16 -7.42308
1.17 -7.41172
1.18 -7.40024
1.19 -7.38865
1.2 -7.37694
1.21 -7.36512
1.22 -7.35317
1.23 -7.3411
1.24 -7.32891
1.25 -7.3166
1.26 -7.30416
1.27 -7.29161
1.28 -7.27893
1.29 -7.26613
1.3 -7.25322
1.31 -7.24018
1.32 -7.22701
1.33 -7.21373
1.34 -7.20034
1.35 -7.18682
1.36 -7.17318
1.37 -7.15944
1.38 -7.14557
1.39 -7.1316
1.4 -7.11751
1.41 -7.10332
1.42 -7.08902
1.43 -7.07462
1.44 -7.06012
1.45 -7.04552
1.46 -7.03083
1.47 -7.01604
1.48 -7.00117
1.49 -6.98621
1.5 -6.97117
1.51 -6.95606
1.52 -6.94087
1.53 -6.92562
1.54 -6.9103
1.55 -6.89492
1.56 -6.87949
1.57 -6.86401
1.58 -6.84849
1.59 -6.83293
1.6 -6.81733
1.61 -6.80171
1.62 -6.78607
1.63 -6.77041
1.64 -6.75474
1.65 -6.73907
1.66 -6.7234
1.67 -6.70774
1.68 -6.69209
1.69 -6.67646
1.7 -6.66086
1.71 -6.6453
1.72 -6.62977
1.73 -6.61429
1.74 -6.59886
1.75 -6.58349
1.76 -6.56818
1.77 -6.55294
1.78 -6.53778
1.79 -6.52271
1.8 -6.50772
1.81 -6.49282
1.82 -6.47802
1.83 -6.46333
1.84 -6.44874
1.85 -6.43428
1.86 -6.41993
1.87 -6.4057
1.88 -6.39161
1.89 -6.37765
1.9 -6.36382
1.91 -6.35014
1.92 -6.3366
1.93 -6.32322
1.94 -6.30998
1.95 -6.2969
1.96 -6.28398
1.97 -6.27123
1.98 -6.25863
1.99 -6.2462
2 -6.23394
2.01 -6.22185
2.02 -6.20993
2.03 -6.19819
2.04 -6.18662
2.05 -6.17522
2.06 -6.164
2.07 -6.15296
2.08 -6.14209
2.09 -6.13141
2.1 -6.1209
2.11 -6.11056
2.12 -6.10041
2.13 -6.09043
2.14 -6.08063
2.15 -6.071
2.16 -6.06155
2.17 -6.05227
2.18 -6.04317
2.19 -6.03423
2.2 -6.02547
2.21 -6.01687
2.22 -6.00844
2.23 -6.00018
2.24 -5.99208
2.25 -5.98414
2.26 -5.97636
2.27 -5.96874
2.28 -5.96128
2.29 -5.95397
2.3 -5.94681
2.31 -5.9398
2.32 -5.93293
2.33 -5.92622
2.34 -5.91964
2.35 -5.91321
2.36 -5.90691
2.37 -5.90075
2.38 -5.89472
2.39 -5.88882
2.4 -5.88306
2.41 -5.87741
2.42 -5.8719
2.43 -5.8665
2.44 -5.86123
2.45 -5.85607
2.46 -5.85102
2.47 -5.84609
2.48 -5.84127
2.49 -5.83655
2.5 -5.83194
2.51 -5.82744
2.52 -5.82303
2.53 -5.81873
2.54 -5.81452
2.55 -5.8104
2.56 -5.80638
2.57 -5.80245
2.58 -5.79861
2.59 -5.79485
2.6 -5.79118
2.61 -5.78759
2.62 -5.78408
2.63 -5.78065
2.64 -5.7773
2.65 -5.77402
2.66 -5.77082
2.67 -5.76769
2.68 -5.76462
2.69 -5.76163
2.7 -5.7587
2.71 -5.75584
2.72 -5.75304
2.73 -5.7503
2.74 -5.74762
2.75 -5.745
2.76 -5.74244
2.77 -5.73994
2.78 -5.73749
2.79 -5.73509
2.8 -5.73274
2.81 -5.73045
2.82 -5.7282
2.83 -5.726
2.84 -5.72385
2.85 -5.72175
2.86 -5.71969
2.87 -5.71767
2.88 -5.71569
2.89 -5.71376
2.9 -5.71186
2.91 -5.71001
2.92 -5.70819
2.93 -5.70641
2.94 -5.70467
2.95 -5.70296
2.96 -5.70129
2.97 -5.69965
2.98 -5.69804
2.99 -5.69646
3 -5.69491
3.01 -5.6934
3.02 -5.69191
3.03 -5.69045
3.04 -5.68902
3.05 -5.68762
3.06 -5.68624
3.07 -5.68489
3.08 -5.68357
3.09 -5.68226
3.1 -5.68099
3.11 -5.67973
3.12 -5.6785
3.13 -5.67729
3.14 -5.6761
3.15 -5.67493
3.16 -5.67378
3.17 -5.67265
3.18 -5.67154
3.19 -5.67044
3.2 -5.66937
3.21 -5.66831
3.22 -5.66727
3.23 -5.66625
3.24 -5.66524
3.25 -5.66425
3.26 -5.66328
3.27 -5.66232
3.28 -5.66137
3.29 -5.66044
3.3 -5.65952
3.31 -5.65861
3.32 -5.65772
3.33 -5.65684
3.34 -5.65598
3.35 -5.65512
3.36 -5.65428
3.37 -5.65344
3.38 -5.65262
3.39 -5.65181
3.4 -5.65101
3.41 -5.65022
3.42 -5.64944
3.43 -5.64867
3.44 -5.64791
3.45 -5.64716
3.46 -5.64641
3.47 -5.64568
3.48 -5.64495
3.49 -5.64423
3.5 -5.64352
3.51 -5.64282
3.52 -5.64212
3.53 -5.64143
3.54 -5.64075
3.55 -5.64008
3.56 -5.63941
3.57 -5.63875
3.58 -5.63809
3.59 -5.63744
3.6 -5.6368
3.61 -5.63616
3.62 -5.63553
3.63 -5.6349
3.64 -5.63428
3.65 -5.63366
3.66 -5.63305
3.67 -5.63245
3.68 -5.63184
3.69 -5.63125
3.7 -5.63065
3.71 -5.63006
3.72 -5.62948
3.73 -5.6289
3.74 -5.62832
3.75 -5.62775
3.76 -5.62718
3.77 -5.62662
3.78 -5.62605
3.79 -5.6255
3.8 -5.62494
3.81 -5.62439
3.82 -5.62384
3.83 -5.6233
3.84 -5.62275
3.85 -5.62221
3.86 -5.62168
3.87 -5.62114
3.88 -5.62061
3.89 -5.62008
3.9 -5.61956
3.91 -5.61904
3.92 -5.61851
3.93 -5.618
3.94 -5.61748
3.95 -5.61697
3.96 -5.61645
3.97 -5.61594
3.98 -5.61544
3.99 -5.61493
4 -5.61443
4.01 -5.61393
4.02 -5.61343
4.03 -5.61293
4.04 -5.61243
4.05 -5.61194
4.06 -5.61145
4.07 -5.61096
4.08 -5.61047
4.09 -5.60998
4.1 -5.6095
4.11 -5.60901
4.12 -5.60853
4.13 -5.60805
4.14 -5.60757
4.15 -5.6071
4.16 -5.60662
4.17 -5.60615
4.18 -5.60567
4.19 -5.6052
4.2 -5.60473
4.21 -5.60426
4.22 -5.6038
4.23 -5.60333
4.24 -5.60287
4.25 -5.60241
4.26 -5.60194
4.27 -5.60149
4.28 -5.60103
4.29 -5.60057
4.3 -5.60011
4.31 -5.59966
4.32 -5.59921
4.33 -5.59876
4.34 -5.59831
4.35 -5.59786
4.36 -5.59741
4.37 -5.59697
4.38 -5.59652
4.39 -5.59608
4.4 -5.59564
4.41 -5.5952
4.42 -5.59476
4.43 -5.59432
4.44 -5.59389
4.45 -5.59345
4.46 -5.59302
4.47 -5.59259
4.48 -5.59216
4.49 -5.59173
4.5 -5.5913
4.51 -5.59088
4.52 -5.59045
4.53 -5.59003
4.54 -5.58961
4.55 -5.58919
4.56 -5.58877
4.57 -5.58835
4.58 -5.58794
4.59 -5.58752
4.6 -5.58711
4.61 -5.5867
4.62 -5.58629
4.63 -5.58588
4.64 -5.58548
4.65 -5.58507
4.66 -5.58467
4.67 -5.58427
4.68 -5.58387
4.69 -5.58347
4.7 -5.58307
4.71 -5.58268
4.72 -5.58228
4.73 -5.58189
4.74 -5.5815
4.75 -5.58111
4.76 -5.58072
4.77 -5.58033
4.78 -5.57995
4.79 -5.57956
4.8 -5.57918
4.81 -5.5788
4.82 -5.57842
4.83 -5.57804
4.84 -5.57767
4.85 -5.57729
4.86 -5.57692
4.87 -5.57655
4.88 -5.57617
4.89 -5.5758
4.9 -5.57544
4.91 -5.57507
4.92 -5.5747
4.93 -5.57434
4.94 -5.57397
4.95 -5.57361
4.96 -5.57325
4.97 -5.57289
4.98 -5.57253
4.99 -5.57217
5 -5.57181
5.01 -5.57145
5.02 -5.5711
5.03 -5.57074
5.04 -5.57039
5.05 -5.57004
5.06 -5.56968
5.07 -5.56933
5.08 -5.56898
5.09 -5.56863
5.1 -5.56828
5.11 -5.56793
5.12 -5.56758
5.13 -5.56723
5.14 -5.56688
5.15 -5.56653
5.16 -5.56618
5.17 -5.56583
5.18 -5.56548
5.19 -5.56513
5.2 -5.56479
5.21 -5.56444
5.22 -5.56409
5.23 -5.56374
5.24 -5.56339
5.25 -5.56304
5.26 -5.56269
5.27 -5.56233
5.28 -5.56198
5.29 -5.56163
5.3 -5.56127
5.31 -5.56092
5.32 -5.56056
5.33 -5.56021
5.34 -5.55985
5.35 -5.55949
5.36 -5.55913
5.37 -5.55877
5.38 -5.55841
5.39 -5.55804
5.4 -5.55768
5.41 -5.55731
5.42 -5.55694
5.43 -5.55657
5.44 -5.5562
5.45 -5.55582
5.46 -5.55544
5.47 -5.55507
5.48 -5.55469
5.49 -5.5543
5.5 -5.55392
5.51 -5.55353
5.52 -5.55314
5.53 -5.55275
5.54 -5.55236
5.55 -5.55196
5.56 -5.55156
5.57 -5.55116
5.58 -5.55076
5.59 -5.55035
5.6 -5.54994
5.61 -5.54953
5.62 -5.54912
5.63 -5.5487
5.64 -5.54828
5.65 -5.54786
5.66 -5.54743
5.67 -5.54701
5.68 -5.54658
5.69 -5.54614
5.7 -5.54571
5.71 -5.54527
5.72 -5.54483
5.73 -5.54438
5.74 -5.54394
5.75 -5.54349
5.76 -5.54304
5.77 -5.54258
5.78 -5.54212
5.79 -5.54167
5.8 -5.5412
5.81 -5.54074
5.82 -5.54027
5.83 -5.53981
5.84 -5.53934
5.85 -5.53886
5.86 -5.53839
5.87 -5.53792
5.88 -5.53744
5.89 -5.53696
5.9 -5.53648
5.91 -5.536
5.92 -5.53552
5.93 -5.53504
5.94 -5.53456
5.95 -5.53407
5.96 -5.53359
5.97 -5.53311
5.98 -5.53262
5.99 -5.53214
6 -5.53166
6.01 -5.53118
6.02 -5.5307
6.03 -5.53022
6.04 -5.52974
6.05 -5.52927
6.06 -5.5288
6.07 -5.52833
6.08 -5.52786
6.09 -5.5274
6.1 -5.52694
6.11 -5.52648
6.12 -5.52603
6.13 -5.52559
6.14 -5.52515
6.15 -5.52471
6.16 -5.52428
6.17 -5.52386
6.18 -5.52345
6.19 -5.52304
6.2 -5.52264
6.21 -5.52225
6.22 -5.52187
6.23 -5.52149
6.24 -5.52113
6.25 -5.52078
6.26 -5.52044
6.27 -5.52011
6.28 -5.5198
6.29 -5.5195
6.3 -5.51921
6.31 -5.51893
6.32 -5.51867
6.33 -5.51843
6.34 -5.5182
6.35 -5.51799
6.36 -5.5178
6.37 -5.51763
6.38 -5.51747
6.39 -5.51734
6.4 -5.51723
6.41 -5.51714
6.42 -5.51707
6.43 -5.51702
6.44 -5.517
6.45 -5.51701
6.46 -5.51704
6.47 -5.51709
6.48 -5.51718
6.49 -5.51729
6.5 -5.51743
6.51 -5.51761
6.52 -5.51781
6.53 -5.51805
6.54 -5.51832
6.55 -5.51862
6.56 -5.51896
6.57 -5.51934
6.58 -5.51975
6.59 -5.52021
6.6 -5.5207
6.61 -5.52123
6.62 -5.5218
6.63 -5.52242
6.64 -5.52308
6.65 -5.52378
6.66 -5.52453
6.67 -5.52533
6.68 -5.52617
6.69 -5.52706
6.7 -5.528
6.71 -5.529
6.72 -5.53004
6.73 -5.53114
6.74 -5.53229
6.75 -5.5335
6.76 -5.53476
6.77 -5.53608
6.78 -5.53746
6.79 -5.5389
6.8 -5.5404
6.81 -5.54196
6.82 -5.54358
6.83 -5.54526
6.84 -5.54701
6.85 -5.54883
6.86 -5.55071
6.87 -5.55266
6.88 -5.55467
6.89 -5.55676
6.9 -5.55891
6.91 -5.56114
6.92 -5.56344
6.93 -5.56581
6.94 -5.56825
6.95 -5.57077
6.96 -5.57336
6.97 -5.57603
6.98 -5.57877
6.99 -5.58159
7 -5.58449
7.01 -5.58746
7.02 -5.59052
7.03 -5.59365
7.04 -5.59687
7.05 -5.60016
7.06 -5.60353
7.07 -5.60699
7.08 -5.61053
7.09 -5.61415
7.1 -5.61785
7.11 -5.62163
7.12 -5.6255
7.13 -5.62945
7.14 -5.63348
7.15 -5.63759
7.16 -5.64179
7.17 -5.64607
7.18 -5.65044
7.19 -5.65489
7.2 -5.65942
7.21 -5.66403
7.22 -5.66873
7.23 -5.67351
7.24 -5.67837
7.25 -5.68332
7.26 -5.68834
7.27 -5.69345
7.28 -5.69864
7.29 -5.70391
7.3 -5.70926
7.31 -5.71469
7.32 -5.7202
7.33 -5.72579
7.34 -5.73145
7.35 -5.7372
7.36 -5.74302
7.37 -5.74891
7.38 -5.75488
7.39 -5.76093
7.4 -5.76705
7.41 -5.77324
7.42 -5.7795
7.43 -5.78584
7.44 -5.79224
7.45 -5.79872
7.46 -5.80526
7.47 -5.81187
7.48 -5.81855
7.49 -5.82529
7.5 -5.8321
7.51 -5.83897
7.52 -5.8459
7.53 -5.8529
7.54 -5.85995
7.55 -5.86706
7.56 -5.87424
7.57 -5.88146
7.58 -5.88875
7.59 -5.89609
7.6 -5.90348
7.61 -5.91092
7.62 -5.91842
7.63 -5.92596
7.64 -5.93356
7.65 -5.9412
7.66 -5.94889
7.67 -5.95662
7.68 -5.9644
7.69 -5.97222
7.7 -5.98009
7.71 -5.98799
7.72 -5.99594
7.73 -6.00392
7.74 -6.01194
7.75 -6.02
7.76 -6.02809
7.77 -6.03621
7.78 -6.04437
7.79 -6.05256
7.8 -6.06078
7.81 -6.06903
7.82 -6.07731
7.83 -6.08562
7.84 -6.09395
7.85 -6.10231
7.86 -6.11069
7.87 -6.1191
7.88 -6.12753
7.89 -6.13598
7.9 -6.14445
7.91 -6.15294
7.92 -6.16145
7.93 -6.16997
7.94 -6.17851
7.95 -6.18707
7.96 -6.19564
7.97 -6.20423
7.98 -6.21283
7.99 -6.22144
8 -6.23006
8.01 -6.23869
8.02 -6.24734
8.03 -6.25599
8.04 -6.26464
8.05 -6.27331
8.06 -6.28198
8.07 -6.29065
8.08 -6.29933
8.09 -6.30802
8.1 -6.31671
8.11 -6.3254
8.12 -6.33409
8.13 -6.34278
8.14 -6.35147
8.15 -6.36016
8.16 -6.36885
8.17 -6.37754
8.18 -6.38623
8.19 -6.39491
8.2 -6.40359
8.21 -6.41227
8.22 -6.42094
8.23 -6.4296
8.24 -6.43826
8.25 -6.44691
8.26 -6.45555
8.27 -6.46419
8.28 -6.47282
8.29 -6.48144
8.3 -6.49005
8.31 -6.49865
8.32 -6.50724
8.33 -6.51581
8.34 -6.52438
8.35 -6.53294
8.36 -6.54148
8.37 -6.55001
8.38 -6.55852
8.39 -6.56703
8.4 -6.57552
8.41 -6.58399
8.42 -6.59245
8.43 -6.60089
8.44 -6.60932
8.45 -6.61773
8.46 -6.62613
8.47 -6.63451
8.48 -6.64287
8.49 -6.65122
8.5 -6.65954
8.51 -6.66785
8.52 -6.67614
8.53 -6.68441
8.54 -6.69266
8.55 -6.7009
8.56 -6.70911
8.57 -6.7173
8.58 -6.72548
8.59 -6.73363
8.6 -6.74176
8.61 -6.74987
8.62 -6.75796
8.63 -6.76603
8.64 -6.77407
8.65 -6.7821
8.66 -6.7901
8.67 -6.79808
8.68 -6.80603
8.69 -6.81396
8.7 -6.82187
8.71 -6.82976
8.72 -6.83762
8.73 -6.84546
8.74 -6.85328
8.75 -6.86107
8.76 -6.86884
8.77 -6.87658
8.78 -6.8843
8.79 -6.89199
8.8 -6.89966
8.81 -6.9073
8.82 -6.91492
8.83 -6.92251
8.84 -6.93008
8.85 -6.93762
8.86 -6.94513
8.87 -6.95262
8.88 -6.96008
8.89 -6.96752
8.9 -6.97493
8.91 -6.98231
8.92 -6.98967
8.93 -6.997
8.94 -7.0043
8.95 -7.01158
8.96 -7.01883
8.97 -7.02605
8.98 -7.03325
8.99 -7.04042
9 -7.04756
9.01 -7.05467
9.02 -7.06176
9.03 -7.06882
9.04 -7.07585
9.05 -7.08285
9.06 -7.08983
9.07 -7.09677
9.08 -7.10369
9.09 -7.11058
9.1 -7.11745
9.11 -7.12428
9.12 -7.13109
9.13 -7.13787
9.14 -7.14462
9.15 -7.15135
9.16 -7.15804
9.17 -7.16471
9.18 -7.17135
9.19 -7.17796
9.2 -7.18454
9.21 -7.1911
9.22 -7.19763
9.23 -7.20412
9.24 -7.21059
9.25 -7.21703
9.26 -7.22345
9.27 -7.22983
9.28 -7.23619
9.29 -7.24252
9.3 -7.24882
9.31 -7.25509
9.32 -7.26134
9.33 -7.26755
9.34 -7.27374
9.35 -7.2799
9.36 -7.28603
9.37 -7.29214
9.38 -7.29821
9.39 -7.30426
9.4 -7.31028
9.41 -7.31628
9.42 -7.32224
9.43 -7.32818
9.44 -7.33409
9.45 -7.33997
9.46 -7.34582
9.47 -7.35165
9.48 -7.35745
9.49 -7.36322
9.5 -7.36897
9.51 -7.37469
9.52 -7.38038
9.53 -7.38604
9.54 -7.39168
9.55 -7.39729
9.56 -7.40287
9.57 -7.40843
9.58 -7.41396
9.59 -7.41946
9.6 -7.42494
9.61 -7.43039
9.62 -7.43581
9.63 -7.44121
9.64 -7.44658
9.65 -7.45193
9.66 -7.45725
9.67 -7.46254
9.68 -7.46781
9.69 -7.47306
9.7 -7.47827
9.71 -7.48347
9.72 -7.48864
9.73 -7.49378
9.74 -7.49889
9.75 -7.50399
9.76 -7.50906
9.77 -7.5141
9.78 -7.51912
9.79 -7.52411
9.8 -7.52908
9.81 -7.53403
9.82 -7.53895
9.83 -7.54385
9.84 -7.54872
9.85 -7.55357
9.86 -7.5584
9.87 -7.5632
9.88 -7.56798
9.89 -7.57274
9.9 -7.57747
9.91 -7.58218
9.92 -7.58687
9.93 -7.59153
9.94 -7.59617
9.95 -7.60079
9.96 -7.60539
9.97 -7.60997
9.98 -7.61452
9.99 -7.61905
10 -7.62356
10.001 -10
