0 5
0.01 4.37461
0.02 4.37573
0.03 4.37686
0.04 4.37801
0.05 4.37918
0.06 4.38037
0.07 4.38157
0.08 4.38279
0.09 4.38403
0.1 4.38529
0.11 4.38657
0.12 4.38786
0.13 4.38918
0.14 4.39051
0.15 4.39187
0.16 4.39324
0.17 4.39463
0.18 4.39605
0.19 4.39749
0.2 4.39894
0.21 4.40042
0.22 4.40192
0.23 4.40344
0.24 4.40499
0.25 4.40655
0.26 4.40814
0.27 4.40975
0.28 4.41139
0.29 4.41304
0.3 4.41472
0.31 4.41643
0.32 4.41816
0.33 4.41991
0.34 4.42169
0.35 4.42349
0.36 4.42531
0.37 4.42717
0.38 4.42904
0.39 4.43094
0.4 4.43287
0.41 4.43482
0.42 4.4368
0.43 4.4388
0.44 4.44083
0.45 4.44289
0.46 4.44497
0.47 4.44708
0.48 4.44922
0.49 4.45138
0.5 4.45357
0.51 4.45579
0.52 4.45803
0.53 4.4603
0.54 4.4626
0.55 4.46493
0.56 4.46728
0.57 4.46967
0.58 4.47208
0.59 4.47451
0.6 4.47698
0.61 4.47948
0.62 4.482
0.63 4.48455
0.64 4.48714
0.65 4.48975
0.66 4.49239
0.67 4.49506
0.68 4.49775
0.69 4.50048
0.7 4.50324
0.71 4.50603
0.72 4.50885
0.73 4.5117
0.74 4.51458
0.75 4.51749
0.76 4.52043
0.77 4.5234
0.78 4.52641
0.79 4.52945
0.8 4.53252
0.81 4.53562
0.82 4.53875
0.83 4.54192
0.84 4.54512
0.85 4.54836
0.86 4.55163
0.87 4.55493
0.88 4.55827
0.89 4.56164
0.9 4.56505
0.91 4.5685
0.92 4.57199
0.93 4.57551
0.94 4.57906
0.95 4.58266
0.96 4.5863
0.97 4.58997
0.98 4.59369
0.99 4.59744
1 4.60124
1.01 4.60508
1.02 4.60896
1.03 4.61289
1.04 4.61685
1.05 4.62087
1.06 4.62493
1.07 4.62903
1.08 4.63318
1.09 4.63738
1.1 4.64163
1.11 4.64592
1.12 4.65027
1.13 4.65467
1.14 4.65911
1.15 4.66361
1.16 4.66817
1.17 4.67277
1.18 4.67744
1.19 4.68215
1.2 4.68693
1.21 4.69176
1.22 4.69665
1.23 4.70159
1.24 4.7066
1.25 4.71166
1.26 4.71679
1.27 4.72198
1.28 4.72723
1.29 4.73254
1.3 4.73792
1.31 4.74336
1.32 4.74887
1.33 4.75444
1.34 4.76008
1.35 4.76578
1.36 4.77155
1.37 4.77739
1.38 4.78329
1.39 4.78926
1.4 4.7953
1.41 4.80141
1.42 4.80759
1.43 4.81383
1.44 4.82014
1.45 4.82652
1.46 4.83297
1.47 4.83948
1.48 4.84606
1.49 4.85271
1.5 4.85942
1.51 4.8662
1.52 4.87304
1.53 4.87995
1.54 4.88692
1.55 4.89395
1.56 4.90104
1.57 4.9082
1.58 4.91541
1.59 4.92268
1.6 4.93
1.61 4.93738
1.62 4.94481
1.63 4.95229
1.64 4.95982
1.65 4.96739
1.66 4.97502
1.67 4.98268
1.68 4.99039
1.69 4.99813
1.7 5.00591
1.71 5.01373
1.72 5.02157
1.73 5.02945
1.74 5.03735
1.75 5.04528
1.76 5.05323
1.77 5.0612
1.78 5.06918
1.79 5.07718
1.8 5.08518
1.81 5.0932
1.82 5.10122
1.83 5.10924
1.84 5.11726
1.85 5.12528
1.86 5.1333
1.87 5.1413
1.88 5.1493
1.89 5.15728
1.9 5.16524
1.91 5.17318
1.92 5.18111
1.93 5.189
1.94 5.19687
1.95 5.20472
1.96 5.21253
1.97 5.2203
1.98 5.22805
1.99 5.23575
2 5.24341
2.01 5.25103
2.02 5.25861
2.03 5.26614
2.04 5.27362
2.05 5.28106
2.06 5.28844
2.07 5.29577
2.08 5.30305
2.09 5.31027
2.1 5.31744
2.11 5.32455
2.12 5.3316
2.13 5.33859
2.14 5.34552
2.15 5.35239
2.16 5.3592
2.17 5.36594
2.18 5.37262
2.19 5.37924
2.2 5.38579
2.21 5.39228
2.22 5.3987
2.23 5.40506
2.24 5.41135
2.25 5.41758
2.26 5.42374
2.27 5.42984
2.28 5.43587
2.29 5.44183
2.3 5.44773
2.31 5.45356
2.32 5.45933
2.33 5.46503
2.34 5.47067
2.35 5.47624
2.36 5.48175
2.37 5.48719
2.38 5.49258
2.39 5.4979
2.4 5.50315
2.41 5.50835
2.42 5.51348
2.43 5.51855
2.44 5.52357
2.45 5.52852
2.46 5.53341
2.47 5.53825
2.48 5.54303
2.49 5.54775
2.5 5.55241
2.51 5.55702
2.52 5.56157
2.53 5.56607
2.54 5.57051
2.55 5.5749
2.56 5.57924
2.57 5.58353
2.58 5.58776
2.59 5.59195
2.6 5.59608
2.61 5.60017
2.62 5.60421
2.63 5.60819
2.64 5.61214
2.65 5.61603
2.66 5.61988
2.67 5.62369
2.68 5.62745
2.69 5.63117
2.7 5.63484
2.71 5.63847
2.72 5.64206
2.73 5.64561
2.74 5.64912
2.75 5.65259
2.76 5.65602
2.77 5.65941
2.78 5.66277
2.79 5.66608
2.8 5.66936
2.81 5.67261
2.82 5.67582
2.83 5.67899
2.84 5.68213
2.85 5.68523
2.86 5.68831
2.87 5.69135
2.88 5.69436
2.89 5.69733
2.9 5.70028
2.91 5.70319
2.92 5.70608
2.93 5.70893
2.94 5.71176
2.95 5.71456
2.96 5.71733
2.97 5.72007
2.98 5.72279
2.99 5.72548
3 5.72814
3.01 5.73078
3.02 5.7334
3.03 5.73598
3.04 5.73855
3.05 5.74109
3.06 5.74361
3.07 5.7461
3.08 5.74857
3.09 5.75102
3.1 5.75345
3.11 5.75586
3.12 5.75825
3.13 5.76061
3.14 5.76296
3.15 5.76528
3.16 5.76759
3.17 5.76988
3.18 5.77215
3.19 5.7744
3.2 5.77663
3.21 5.77884
3.22 5.78104
3.23 5.78322
3.24 5.78538
3.25 5.78753
3.26 5.78966
3.27 5.79178
3.28 5.79388
3.29 5.79596
3.3 5.79803
3.31 5.80009
3.32 5.80213
3.33 5.80416
3.34 5.80617
3.35 5.80817
3.36 5.81016
3.37 5.81213
3.38 5.81409
3.39 5.81604
3.4 5.81797
3.41 5.8199
3.42 5.82181
3.43 5.82371
3.44 5.8256
3.45 5.82748
3.46 5.82935
3.47 5.8312
3.48 5.83305
3.49 5.83489
3.5 5.83672
3.51 5.83853
3.52 5.84034
3.53 5.84214
3.54 5.84393
3.55 5.84571
3.56 5.84748
3.57 5.84924
3.58 5.851
3.59 5.85274
3.6 5.85448
3.61 5.85621
3.62 5.85793
3.63 5.85965
3.64 5.86136
3.65 5.86306
3.66 5.86475
3.67 5.86644
3.68 5.86812
3.69 5.86979
3.7 5.87146
3.71 5.87312
3.72 5.87478
3.73 5.87643
3.74 5.87807
3.75 5.87971
3.76 5.88134
3.77 5.88297
3.78 5.88459
3.79 5.88621
3.8 5.88782
3.81 5.88943
3.82 5.89103
3.83 5.89263
3.84 5.89422
3.85 5.89581
3.86 5.8974
3.87 5.89898
3.88 5.90055
3.89 5.90213
3.9 5.90369
3.91 5.90526
3.92 5.90682
3.93 5.90838
3.94 5.90994
3.95 5.91149
3.96 5.91304
3.97 5.91458
3.98 5.91612
3.99 5.91766
4 5.9192
4.01 5.92074
4.02 5.92227
4.03 5.9238
4.04 5.92532
4.05 5.92685
4.06 5.92837
4.07 5.92989
4.08 5.93141
4.09 5.93293
4.1 5.93444
4.11 5.93595
4.12 5.93746
4.13 5.93897
4.14 5.94048
4.15 5.94198
4.16 5.94349
4.17 5.94499
4.18 5.94649
4.19 5.94799
4.2 5.94949
4.21 5.95099
4.22 5.95248
4.23 5.95398
4.24 5.95547
4.25 5.95696
4.26 5.95845
4.27 5.95995
4.28 5.96144
4.29 5.96292
4.3 5.96441
4.31 5.9659
4.32 5.96739
4.33 5.96888
4.34 5.97036
4.35 5.97185
4.36 5.97333
4.37 5.97482
4.38 5.9763
4.39 5.97778
4.4 5.97927
4.41 5.98075
4.42 5.98223
4.43 5.98372
4.44 5.9852
4.45 5.98668
4.46 5.98816
4.47 5.98964
4.48 5.99112
4.49 5.99261
4.5 5.99409
4.51 5.99557
4.52 5.99705
4.53 5.99853
4.54 6.00001
4.55 6.00149
4.56 6.00298
4.57 6.00446
4.58 6.00594
4.59 6.00742
4.6 6.0089
4.61 6.01038
4.62 6.01187
4.63 6.01335
4.64 6.01483
4.65 6.01631
4.66 6.0178
4.67 6.01928
4.68 6.02076
4.69 6.02225
4.7 6.02373
4.71 6.02521
4.72 6.0267
4.73 6.02818
4.74 6.02967
4.75 6.03115
4.76 6.03263
4.77 6.03412
4.78 6.0356
4.79 6.03709
4.8 6.03858
4.81 6.04006
4.82 6.04155
4.83 6.04304
4.84 6.04452
4.85 6.04601
4.86 6.0475
4.87 6.04898
4.88 6.05047
4.89 6.05196
4.9 6.05345
4.91 6.05494
4.92 6.05643
4.93 6.05792
4.94 6.05941
4.95 6.0609
4.96 6.06239
4.97 6.06388
4.98 6.06537
4.99 6.06686
5 6.06835
5.01 6.06984
5.02 6.07133
5.03 6.07283
5.04 6.07432
5.05 6.07581
5.06 6.07731
5.07 6.0788
5.08 6.08029
5.09 6.08179
5.1 6.08328
5.11 6.08478
5.12 6.08627
5.13 6.08777
5.14 6.08927
5.15 6.09076
5.16 6.09226
5.17 6.09376
5.18 6.09526
5.19 6.09676
5.2 6.09826
5.21 6.09976
5.22 6.10126
5.23 6.10276
5.24 6.10426
5.25 6.10576
5.26 6.10727
5.27 6.10877
5.28 6.11028
5.29 6.11178
5.3 6.11329
5.31 6.11479
5.32 6.1163
5.33 6.11781
5.34 6.11932
5.35 6.12083
5.36 6.12234
5.37 6.12385
5.38 6.12537
5.39 6.12688
5.4 6.1284
5.41 6.12991
5.42 6.13143
5.43 6.13295
5.44 6.13447
5.45 6.13599
5.46 6.13751
5.47 6.13903
5.48 6.14056
5.49 6.14208
5.5 6.14361
5.51 6.14514
5.52 6.14667
5.53 6.1482
5.54 6.14973
5.55 6.15126
5.56 6.1528
5.57 6.15433
5.58 6.15587
5.59 6.15741
5.6 6.15895
5.61 6.16049
5.62 6.16203
5.63 6.16358
5.64 6.16512
5.65 6.16667
5.66 6.16822
5.67 6.16977
5.68 6.17132
5.69 6.17287
5.7 6.17443
5.71 6.17598
5.72 6.17754
5.73 6.1791
5.74 6.18066
5.75 6.18222
5.76 6.18378
5.77 6.18534
5.78 6.18691
5.79 6.18847
5.8 6.19004
5.81 6.1916
5.82 6.19317
5.83 6.19474
5.84 6.19631
5.85 6.19787
5.86 6.19944
5.87 6.20101
5.88 6.20258
5.89 6.20415
5.9 6.20572
5.91 6.20729
5.92 6.20885
5.93 6.21042
5.94 6.21198
5.95 6.21355
5.96 6.21511
5.97 6.21667
5.98 6.21823
5.99 6.21979
6 6.22134
6.01 6.22289
6.02 6.22444
6.03 6.22599
6.04 6.22753
6.05 6.22907
6.06 6.23061
6.07 6.23214
6.08 6.23366
6.09 6.23518
6.1 6.2367
6.11 6.2382
6.12 6.23971
6.13 6.2412
6.14 6.24269
6.15 6.24417
6.16 6.24564
6.17 6.24711
6.18 6.24856
6.19 6.25001
6.2 6.25144
6.21 6.25286
6.22 6.25428
6.23 6.25568
6.24 6.25706
6.25 6.25844
6.26 6.2598
6.27 6.26114
6.28 6.26248
6.29 6.26379
6.3 6.26509
6.31 6.26637
6.32 6.26763
6.33 6.26888
6.34 6.2701
6.35 6.2713
6.36 6.27249
6.37 6.27365
6.38 6.27479
6.39 6.2759
6.4 6.27699
6.41 6.27805
6.42 6.27909
6.43 6.2801
6.44 6.28108
6.45 6.28203
6.46 6.28295
6.47 6.28384
6.48 6.28469
6.49 6.28551
6.5 6.2863
6.51 6.28705
6.52 6.28777
6.53 6.28845
6.54 6.28908
6.55 6.28968
6.56 6.29024
6.57 6.29075
6.58 6.29122
6.59 6.29165
6.6 6.29203
6.61 6.29236
6.62 6.29264
6.63 6.29288
6.64 6.29306
6.65 6.29319
6.66 6.29327
6.67 6.29329
6.68 6.29326
6.69 6.29317
6.7 6.29303
6.71 6.29282
6.72 6.29255
6.73 6.29222
6.74 6.29183
6.75 6.29138
6.76 6.29086
6.77 6.29027
6.78 6.28961
6.79 6.28889
6.8 6.2881
6.81 6.28723
6.82 6.28629
6.83 6.28528
6.84 6.2842
6.85 6.28304
6.86 6.28181
6.87 6.28049
6.88 6.2791
6.89 6.27763
6.9 6.27608
6.91 6.27445
6.92 6.27274
6.93 6.27094
6.94 6.26906
6.95 6.2671
6.96 6.26505
6.97 6.26292
6.98 6.2607
6.99 6.2584
7 6.25601
7.01 6.25353
7.02 6.25096
7.03 6.24831
7.04 6.24556
7.05 6.24273
7.06 6.23981
7.07 6.2368
7.08 6.2337
7.09 6.23052
7.1 6.22724
7.11 6.22388
7.12 6.22042
7.13 6.21688
7.14 6.21325
7.15 6.20953
7.16 6.20572
7.17 6.20183
7.18 6.19785
7.19 6.19378
7.2 6.18963
7.21 6.18539
7.22 6.18107
7.23 6.17666
7.24 6.17217
7.25 6.1676
7.26 6.16295
7.27 6.15822
7.28 6.15342
7.29 6.14853
7.3 6.14357
7.31 6.13853
7.32 6.13342
7.33 6.12824
7.34 6.12298
7.35 6.11766
7.36 6.11226
7.37 6.1068
7.38 6.10128
7.39 6.09569
7.4 6.09003
7.41 6.08432
7.42 6.07855
7.43 6.07272
7.44 6.06683
7.45 6.06089
7.46 6.0549
7.47 6.04886
7.48 6.04277
7.49 6.03663
7.5 6.03045
7.51 6.02422
7.52 6.01795
7.53 6.01164
7.54 6.00529
7.55 5.99891
7.56 5.99249
7.57 5.98604
7.58 5.97955
7.59 5.97304
7.6 5.9665
7.61 5.95994
7.62 5.95335
7.63 5.94674
7.64 5.9401
7.65 5.93345
7.66 5.92678
7.67 5.9201
7.68 5.9134
7.69 5.90669
7.7 5.89997
7.71 5.89324
7.72 5.8865
7.73 5.87976
7.74 5.87301
7.75 5.86626
7.76 5.85951
7.77 5.85275
7.78 5.846
7.79 5.83925
7.8 5.83251
7.81 5.82576
7.82 5.81903
7.83 5.8123
7.84 5.80558
7.85 5.79888
7.86 5.79218
7.87 5.78549
7.88 5.77882
7.89 5.77216
7.9 5.76552
7.91 5.7589
7.92 5.75229
7.93 5.7457
7.94 5.73913
7.95 5.73258
7.96 5.72605
7.97 5.71954
7.98 5.71305
7.99 5.70659
8 5.70015
8.01 5.69374
8.02 5.68735
8.03 5.68099
8.04 5.67466
8.05 5.66835
8.06 5.66207
8.07 5.65582
8.08 5.6496
8.09 5.6434
8.1 5.63724
8.11 5.63111
8.12 5.62501
8.13 5.61894
8.14 5.6129
8.15 5.6069
8.16 5.60093
8.17 5.59499
8.18 5.58908
8.19 5.58321
8.2 5.57737
8.21 5.57157
8.22 5.5658
8.23 5.56007
8.24 5.55437
8.25 5.54871
8.26 5.54308
8.27 5.53749
8.28 5.53193
8.29 5.52641
8.3 5.52093
8.31 5.51548
8.32 5.51007
8.33 5.5047
8.34 5.49936
8.35 5.49406
8.36 5.48879
8.37 5.48357
8.38 5.47838
8.39 5.47322
8.4 5.46811
8.41 5.46303
8.42 5.45799
8.43 5.45299
8.44 5.44802
8.45 5.44309
8.46 5.4382
8.47 5.43334
8.48 5.42852
8.49 5.42374
8.5 5.41899
8.51 5.41429
8.52 5.40961
8.53 5.40498
8.54 5.40038
8.55 5.39582
8.56 5.39129
8.57 5.3868
8.58 5.38235
8.59 5.37793
8.6 5.37355
8.61 5.36921
8.62 5.3649
8.63 5.36062
8.64 5.35639
8.65 5.35218
8.66 5.34801
8.67 5.34388
8.68 5.33978
8.69 5.33572
8.7 5.33169
8.71 5.32769
8.72 5.32373
8.73 5.3198
8.74 5.3159
8.75 5.31204
8.76 5.30822
8.77 5.30442
8.78 5.30066
8.79 5.29693
8.8 5.29323
8.81 5.28957
8.82 5.28593
8.83 5.28233
8.84 5.27876
8.85 5.27522
8.86 5.27172
8.87 5.26824
8.88 5.2648
8.89 5.26138
8.9 5.258
8.91 5.25464
8.92 5.25132
8.93 5.24802
8.94 5.24475
8.95 5.24152
8.96 5.23831
8.97 5.23513
8.98 5.23198
8.99 5.22885
9 5.22576
9.01 5.22269
9.02 5.21965
9.03 5.21664
9.04 5.21365
9.05 5.21069
9.06 5.20776
9.07 5.20485
9.08 5.20197
9.09 5.19912
9.1 5.19629
9.11 5.19349
9.12 5.19071
9.13 5.18795
9.14 5.18522
9.15 5.18252
9.16 5.17984
9.17 5.17718
9.18 5.17455
9.19 5.17194
9.2 5.16935
9.21 5.16679
9.22 5.16425
9.23 5.16173
9.24 5.15923
9.25 5.15676
9.26 5.15431
9.27 5.15188
9.28 5.14947
9.29 5.14708
9.3 5.14471
9.31 5.14237
9.32 5.14004
9.33 5.13774
9.34 5.13545
9.35 5.13319
9.36 5.13094
9.37 5.12872
9.38 5.12651
9.39 5.12432
9.4 5.12215
9.41 5.12
9.42 5.11787
9.43 5.11576
9.44 5.11366
9.45 5.11159
9.46 5.10953
9.47 5.10748
9.48 5.10546
9.49 5.10345
9.5 5.10146
9.51 5.09948
9.52 5.09753
9.53 5.09558
9.54 5.09366
9.55 5.09175
9.56 5.08985
9.57 5.08798
9.58 5.08611
9.59 5.08426
9.6 5.08243
9.61 5.08061
9.62 5.07881
9.63 5.07702
9.64 5.07525
9.65 5.07349
9.66 5.07174
9.67 5.07001
9.68 5.06829
9.69 5.06658
9.7 5.06489
9.71 5.06321
9.72 5.06155
9.73 5.05989
9.74 5.05825
9.75 5.05662
9.76 5.05501
9.77 5.05341
9.78 5.05182
9.79 5.05024
9.8 5.04867
9.81 5.04712
9.82 5.04557
9.83 5.04404
9.84 5.04252
9.85 5.04101
9.86 5.03951
9.87 5.03802
9.88 5.03655
9.89 5.03508
9.9 5.03362
9.91 5.03218
9.92 5.03074
9.93 5.02932
9.94 5.0279
9.95 5.0265
9.96 5.02511
9.97 5.02372
9.98 5.02234
9.99 5.02098
10 5.01962
10.001 5
