0 0
0.01 0.113039
0.02 0.114351
0.03 0.115681
0.04 0.117027
0.05 0.118391
0.06 0.119772
0.07 0.12117
0.08 0.122587
0.09 0.124021
0.1 0.125474
0.11 0.126945
0.12 0.128435
0.13 0.129944
0.14 0.131472
0.15 0.133019
0.16 0.134585
0.17 0.136171
0.18 0.137776
0.19 0.139401
0.2 0.141047
0.21 0.142712
0.22 0.144398
0.23 0.146104
0.24 0.14783
0.25 0.149578
0.26 0.151346
0.27 0.153134
0.28 0.154944
0.29 0.156775
0.3 0.158626
0.31 0.160499
0.32 0.162392
0.33 0.164306
0.34 0.166242
0.35 0.168198
0.36 0.170175
0.37 0.172173
0.38 0.174191
0.39 0.17623
0.4 0.17829
0.41 0.180369
0.42 0.182469
0.43 0.184588
0.44 0.186726
0.45 0.188884
0.46 0.19106
0.47 0.193255
0.48 0.195467
0.49 0.197697
0.5 0.199944
0.51 0.202208
0.52 0.204487
0.53 0.206782
0.54 0.209091
0.55 0.211414
0.56 0.21375
0.57 0.216098
0.58 0.218458
0.59 0.220828
0.6 0.223208
0.61 0.225596
0.62 0.227992
0.63 0.230394
0.64 0.2328
0.65 0.235211
0.66 0.237624
0.67 0.240038
0.68 0.242451
0.69 0.244863
0.7 0.247271
0.71 0.249674
0.72 0.252071
0.73 0.254458
0.74 0.256836
0.75 0.259201
0.76 0.261552
0.77 0.263887
0.78 0.266204
0.79 0.268501
0.8 0.270776
0.81 0.273027
0.82 0.27525
0.83 0.277446
0.84 0.27961
0.85 0.281741
0.86 0.283837
0.87 0.285894
0.88 0.287912
0.89 0.289888
0.9 0.291819
0.91 0.293703
0.92 0.295538
0.93 0.297323
0.94 0.299053
0.95 0.300729
0.96 0.302346
0.97 0.303905
0.98 0.305402
0.99 0.306836
1 0.308205
1.01 0.309508
1.02 0.310742
1.03 0.311908
1.04 0.313003
1.05 0.314026
1.06 0.314976
1.07 0.315852
1.08 0.316655
1.09 0.317382
1.1 0.318035
1.11 0.318612
1.12 0.319114
1.13 0.31954
1.14 0.319891
1.15 0.320168
1.16 0.320372
1.17 0.320502
1.18 0.32056
1.19 0.320547
1.2 0.320465
1.21 0.320315
1.22 0.320098
1.23 0.319817
1.24 0.319474
1.25 0.31907
1.26 0.318607
1.27 0.318088
1.28 0.317516
1.29 0.316892
1.3 0.31622
1.31 0.315502
1.32 0.314741
1.33 0.313939
1.34 0.3131
1.35 0.312226
1.36 0.31132
1.37 0.310385
1.38 0.309424
1.39 0.308439
1.4 0.307435
1.41 0.306412
1.42 0.305374
1.43 0.304325
1.44 0.303266
1.45 0.3022
1.46 0.301129
1.47 0.300057
1.48 0.298986
1.49 0.297917
1.5 0.296854
1.51 0.295797
1.52 0.29475
1.53 0.293715
1.54 0.292692
1.55 0.291684
1.56 0.290693
1.57 0.28972
1.58 0.288767
1.59 0.287835
1.6 0.286925
1.61 0.286038
1.62 0.285176
1.63 0.28434
1.64 0.28353
1.65 0.282748
1.66 0.281993
1.67 0.281268
1.68 0.280571
1.69 0.279905
1.7 0.279268
1.71 0.278662
1.72 0.278088
1.73 0.277544
1.74 0.277032
1.75 0.276551
1.76 0.276101
1.77 0.275683
1.78 0.275296
1.79 0.274941
1.8 0.274617
1.81 0.274324
1.82 0.274062
1.83 0.27383
1.84 0.273629
1.85 0.273457
1.86 0.273315
1.87 0.273203
1.88 0.27312
1.89 0.273065
1.9 0.273038
1.91 0.273039
1.92 0.273067
1.93 0.273123
1.94 0.273204
1.95 0.273312
1.96 0.273445
1.97 0.273604
1.98 0.273787
1.99 0.273994
2 0.274225
2.01 0.27448
2.02 0.274757
2.03 0.275057
2.04 0.275378
2.05 0.275722
2.06 0.276086
2.07 0.276471
2.08 0.276877
2.09 0.277303
2.1 0.277748
2.11 0.278212
2.12 0.278696
2.13 0.279198
2.14 0.279718
2.15 0.280256
2.16 0.280812
2.17 0.281385
2.18 0.281976
2.19 0.282583
2.2 0.283207
2.21 0.283847
2.22 0.284503
2.23 0.285175
2.24 0.285862
2.25 0.286565
2.26 0.287284
2.27 0.288018
2.28 0.288766
2.29 0.28953
2.3 0.290308
2.31 0.291101
2.32 0.291908
2.33 0.29273
2.34 0.293566
2.35 0.294417
2.36 0.295281
2.37 0.29616
2.38 0.297053
2.39 0.29796
2.4 0.298881
2.41 0.299817
2.42 0.300766
2.43 0.301729
2.44 0.302706
2.45 0.303698
2.46 0.304703
2.47 0.305723
2.48 0.306757
2.49 0.307805
2.5 0.308868
2.51 0.309945
2.52 0.311036
2.53 0.312142
2.54 0.313263
2.55 0.314399
2.56 0.315549
2.57 0.316714
2.58 0.317894
2.59 0.31909
2.6 0.320301
2.61 0.321527
2.62 0.322769
2.63 0.324027
2.64 0.3253
2.65 0.32659
2.66 0.327895
2.67 0.329217
2.68 0.330556
2.69 0.331911
2.7 0.333283
2.71 0.334673
2.72 0.336079
2.73 0.337503
2.74 0.338944
2.75 0.340404
2.76 0.341881
2.77 0.343376
2.78 0.34489
2.79 0.346422
2.8 0.347974
2.81 0.349544
2.82 0.351133
2.83 0.352742
2.84 0.354371
2.85 0.35602
2.86 0.357688
2.87 0.359377
2.88 0.361087
2.89 0.362818
2.9 0.364569
2.91 0.366342
2.92 0.368137
2.93 0.369953
2.94 0.371791
2.95 0.373652
2.96 0.375535
2.97 0.377441
2.98 0.37937
2.99 0.381322
3 0.383298
3.01 0.385297
3.02 0.387321
3.03 0.389369
3.04 0.391442
3.05 0.393539
3.06 0.395662
3.07 0.39781
3.08 0.399983
3.09 0.402183
3.1 0.404409
3.11 0.406661
3.12 0.40894
3.13 0.411246
3.14 0.413579
3.15 0.415939
3.16 0.418328
3.17 0.420745
3.18 0.42319
3.19 0.425663
3.2 0.428166
3.21 0.430697
3.22 0.433259
3.23 0.435849
3.24 0.43847
3.25 0.441122
3.26 0.443803
3.27 0.446516
3.28 0.44926
3.29 0.452035
3.3 0.454842
3.31 0.45768
3.32 0.460551
3.33 0.463455
3.34 0.466391
3.35 0.46936
3.36 0.472363
3.37 0.475399
3.38 0.478469
3.39 0.481573
3.4 0.484712
3.41 0.487885
3.42 0.491093
3.43 0.494337
3.44 0.497616
3.45 0.50093
3.46 0.504281
3.47 0.507667
3.48 0.51109
3.49 0.51455
3.5 0.518047
3.51 0.521581
3.52 0.525153
3.53 0.528762
3.54 0.532409
3.55 0.536094
3.56 0.539818
3.57 0.54358
3.58 0.547381
3.59 0.551221
3.6 0.555101
3.61 0.559019
3.62 0.562977
3.63 0.566976
3.64 0.571014
3.65 0.575092
3.66 0.57921
3.67 0.583369
3.68 0.587569
3.69 0.591809
3.7 0.59609
3.71 0.600413
3.72 0.604776
3.73 0.609181
3.74 0.613627
3.75 0.618114
3.76 0.622643
3.77 0.627213
3.78 0.631825
3.79 0.636479
3.8 0.641174
3.81 0.645911
3.82 0.65069
3.83 0.65551
3.84 0.660372
3.85 0.665276
3.86 0.670221
3.87 0.675208
3.88 0.680236
3.89 0.685305
3.9 0.690416
3.91 0.695568
3.92 0.70076
3.93 0.705994
3.94 0.711268
3.95 0.716583
3.96 0.721938
3.97 0.727332
3.98 0.732767
3.99 0.738241
4 0.743755
4.01 0.749307
4.02 0.754898
4.03 0.760528
4.04 0.766196
4.05 0.771901
4.06 0.777644
4.07 0.783423
4.08 0.78924
4.09 0.795092
4.1 0.80098
4.11 0.806904
4.12 0.812862
4.13 0.818855
4.14 0.824881
4.15 0.830941
4.16 0.837034
4.17 0.84316
4.18 0.849317
4.19 0.855505
4.2 0.861724
4.21 0.867974
4.22 0.874253
4.23 0.880561
4.24 0.886897
4.25 0.893261
4.26 0.899653
4.27 0.906071
4.28 0.912515
4.29 0.918984
4.3 0.925478
4.31 0.931995
4.32 0.938536
4.33 0.9451
4.34 0.951686
4.35 0.958293
4.36 0.964921
4.37 0.971569
4.38 0.978236
4.39 0.984921
4.4 0.991625
4.41 0.998346
4.42 1.00508
4.43 1.01184
4.44 1.01861
4.45 1.02539
4.46 1.03219
4.47 1.039
4.48 1.04582
4.49 1.05265
4.5 1.0595
4.51 1.06636
4.52 1.07322
4.53 1.0801
4.54 1.08698
4.55 1.09388
4.56 1.10078
4.57 1.10769
4.58 1.1146
4.59 1.12152
4.6 1.12844
4.61 1.13537
4.62 1.14231
4.63 1.14924
4.64 1.15618
4.65 1.16312
4.66 1.17007
4.67 1.17701
4.68 1.18396
4.69 1.19091
4.7 1.19786
4.71 1.2048
4.72 1.21175
4.73 1.21869
4.74 1.22564
4.75 1.23258
4.76 1.23952
4.77 1.24645
4.78 1.25339
4.79 1.26032
4.8 1.26724
4.81 1.27416
4.82 1.28108
4.83 1.28799
4.84 1.2949
4.85 1.30181
4.86 1.3087
4.87 1.3156
4.88 1.32248
4.89 1.32936
4.9 1.33624
4.91 1.3431
4.92 1.34997
4.93 1.35682
4.94 1.36367
4.95 1.37051
4.96 1.37735
4.97 1.38417
4.98 1.39099
4.99 1.39781
5 1.40461
5.01 1.41141
5.02 1.41821
5.03 1.42499
5.04 1.43177
5.05 1.43854
5.06 1.44531
5.07 1.45206
5.08 1.45881
5.09 1.46556
5.1 1.47229
5.11 1.47903
5.12 1.48575
5.13 1.49247
5.14 1.49918
5.15 1.50589
5.16 1.51259
5.17 1.51928
5.18 1.52597
5.19 1.53265
5.2 1.53933
5.21 1.54601
5.22 1.55268
5.23 1.55934
5.24 1.566
5.25 1.57266
5.26 1.57932
5.27 1.58597
5.28 1.59262
5.29 1.59926
5.3 1.60591
5.31 1.61255
5.32 1.61919
5.33 1.62583
5.34 1.63247
5.35 1.63911
5.36 1.64575
5.37 1.65239
5.38 1.65903
5.39 1.66567
5.4 1.67231
5.41 1.67896
5.42 1.68561
5.43 1.69226
5.44 1.69892
5.45 1.70558
5.46 1.71225
5.47 1.71892
5.48 1.72559
5.49 1.73228
5.5 1.73897
5.51 1.74566
5.52 1.75237
5.53 1.75908
5.54 1.76581
5.55 1.77254
5.56 1.77929
5.57 1.78604
5.58 1.79281
5.59 1.79959
5.6 1.80638
5.61 1.81319
5.62 1.82001
5.63 1.82685
5.64 1.83371
5.65 1.84058
5.66 1.84747
5.67 1.85437
5.68 1.8613
5.69 1.86825
5.7 1.87522
5.71 1.88221
5.72 1.88922
5.73 1.89625
5.74 1.90332
5.75 1.9104
5.76 1.91751
5.77 1.92465
5.78 1.93182
5.79 1.93902
5.8 1.94625
5.81 1.95351
5.82 1.9608
5.83 1.96812
5.84 1.97548
5.85 1.98288
5.86 1.99031
5.87 1.99778
5.88 2.00529
5.89 2.01284
5.9 2.02043
5.91 2.02807
5.92 2.03574
5.93 2.04347
5.94 2.05124
5.95 2.05906
5.96 2.06693
5.97 2.07485
5.98 2.08282
5.99 2.09085
6 2.09893
6.01 2.10707
6.02 2.11526
6.03 2.12352
6.04 2.13184
6.05 2.14022
6.06 2.14867
6.07 2.15718
6.08 2.16576
6.09 2.17442
6.1 2.18314
6.11 2.19194
6.12 2.20081
6.13 2.20976
6.14 2.21879
6.15 2.22791
6.16 2.2371
6.17 2.24638
6.18 2.25575
6.19 2.26521
6.2 2.27476
6.21 2.28441
6.22 2.29415
6.23 2.30399
6.24 2.31393
6.25 2.32397
6.26 2.33412
6.27 2.34438
6.28 2.35474
6.29 2.36522
6.3 2.37581
6.31 2.38652
6.32 2.39735
6.33 2.40831
6.34 2.41938
6.35 2.43059
6.36 2.44192
6.37 2.45339
6.38 2.46499
6.39 2.47673
6.4 2.4886
6.41 2.50062
6.42 2.51279
6.43 2.5251
6.44 2.53756
6.45 2.55017
6.46 2.56294
6.47 2.57586
6.48 2.58895
6.49 2.60219
6.5 2.6156
6.51 2.62917
6.52 2.64291
6.53 2.65681
6.54 2.67089
6.55 2.68514
6.56 2.69956
6.57 2.71416
6.58 2.72894
6.59 2.74389
6.6 2.75901
6.61 2.77432
6.62 2.7898
6.63 2.80547
6.64 2.82131
6.65 2.83732
6.66 2.85352
6.67 2.86989
6.68 2.88643
6.69 2.90315
6.7 2.92003
6.71 2.93709
6.72 2.95431
6.73 2.97169
6.74 2.98922
6.75 3.00691
6.76 3.02476
6.77 3.04274
6.78 3.06086
6.79 3.07912
6.8 3.0975
6.81 3.11601
6.82 3.13463
6.83 3.15335
6.84 3.17218
6.85 3.1911
6.86 3.2101
6.87 3.22918
6.88 3.24832
6.89 3.26753
6.9 3.28679
6.91 3.3061
6.92 3.32545
6.93 3.34482
6.94 3.36423
6.95 3.38365
6.96 3.40309
6.97 3.42253
6.98 3.44199
6.99 3.46145
7 3.48092
7.01 3.5004
7.02 3.51988
7.03 3.53938
7.04 3.55889
7.05 3.57842
7.06 3.59797
7.07 3.61757
7.08 3.63721
7.09 3.6569
7.1 3.67666
7.11 3.6965
7.12 3.71642
7.13 3.73644
7.14 3.75657
7.15 3.77682
7.16 3.7972
7.17 3.81772
7.18 3.83837
7.19 3.85918
7.2 3.88015
7.21 3.90126
7.22 3.92254
7.23 3.94398
7.24 3.96558
7.25 3.98733
7.26 4.00923
7.27 4.03128
7.28 4.05347
7.29 4.0758
7.3 4.09826
7.31 4.12085
7.32 4.14355
7.33 4.16637
7.34 4.18929
7.35 4.21231
7.36 4.23543
7.37 4.25864
7.38 4.28193
7.39 4.30531
7.4 4.32876
7.41 4.35229
7.42 4.37589
7.43 4.39955
7.44 4.42328
7.45 4.44707
7.46 4.47092
7.47 4.49481
7.48 4.51875
7.49 4.54272
7.5 4.56672
7.51 4.59074
7.52 4.61477
7.53 4.6388
7.54 4.6628
7.55 4.68678
7.56 4.7107
7.57 4.73456
7.58 4.75833
7.59 4.782
7.6 4.80553
7.61 4.82892
7.62 4.85213
7.63 4.87513
7.64 4.89792
7.65 4.92046
7.66 4.94272
7.67 4.96468
7.68 4.98632
7.69 5.00761
7.7 5.02854
7.71 5.04907
7.72 5.06919
7.73 5.08888
7.74 5.10813
7.75 5.12691
7.76 5.14522
7.77 5.16303
7.78 5.18035
7.79 5.19716
7.8 5.21346
7.81 5.22924
7.82 5.24449
7.83 5.25923
7.84 5.27344
7.85 5.28713
7.86 5.3003
7.87 5.31296
7.88 5.32511
7.89 5.33676
7.9 5.34791
7.91 5.35858
7.92 5.36877
7.93 5.3785
7.94 5.38777
7.95 5.39659
7.96 5.40498
7.97 5.41294
7.98 5.42049
7.99 5.42765
8 5.43441
8.01 5.44079
8.02 5.44681
8.03 5.45247
8.04 5.45779
8.05 5.46278
8.06 5.46744
8.07 5.4718
8.08 5.47585
8.09 5.47962
8.1 5.4831
8.11 5.48632
8.12 5.48928
8.13 5.49198
8.14 5.49444
8.15 5.49667
8.16 5.49868
8.17 5.50047
8.18 5.50204
8.19 5.50342
8.2 5.50461
8.21 5.5056
8.22 5.50642
8.23 5.50707
8.24 5.50754
8.25 5.50786
8.26 5.50802
8.27 5.50804
8.28 5.50791
8.29 5.50764
8.3 5.50725
8.31 5.50672
8.32 5.50607
8.33 5.50531
8.34 5.50443
8.35 5.50344
8.36 5.50235
8.37 5.50116
8.38 5.49987
8.39 5.49849
8.4 5.49702
8.41 5.49547
8.42 5.49383
8.43 5.49212
8.44 5.49033
8.45 5.48847
8.46 5.48654
8.47 5.48454
8.48 5.48249
8.49 5.48037
8.5 5.4782
8.51 5.47597
8.52 5.47369
8.53 5.47136
8.54 5.46898
8.55 5.46655
8.56 5.46409
8.57 5.46158
8.58 5.45904
8.59 5.45646
8.6 5.45385
8.61 5.4512
8.62 5.44852
8.63 5.44581
8.64 5.44308
8.65 5.44032
8.66 5.43754
8.67 5.43474
8.68 5.43191
8.69 5.42907
8.7 5.42621
8.71 5.42333
8.72 5.42044
8.73 5.41753
8.74 5.41462
8.75 5.41169
8.76 5.40875
8.77 5.4058
8.78 5.40284
8.79 5.39988
8.8 5.39692
8.81 5.39394
8.82 5.39097
8.83 5.38799
8.84 5.38501
8.85 5.38203
8.86 5.37905
8.87 5.37607
8.88 5.37309
8.89 5.37011
8.9 5.36714
8.91 5.36417
8.92 5.3612
8.93 5.35824
8.94 5.35528
8.95 5.35233
8.96 5.34939
8.97 5.34645
8.98 5.34352
8.99 5.3406
9 5.33769
9.01 5.33479
9.02 5.3319
9.03 5.32902
9.04 5.32614
9.05 5.32328
9.06 5.32043
9.07 5.31759
9.08 5.31476
9.09 5.31195
9.1 5.30914
9.11 5.30635
9.12 5.30358
9.13 5.30081
9.14 5.29806
9.15 5.29532
9.16 5.2926
9.17 5.28989
9.18 5.2872
9.19 5.28451
9.2 5.28185
9.21 5.2792
9.22 5.27656
9.23 5.27394
9.24 5.27133
9.25 5.26874
9.26 5.26617
9.27 5.26361
9.28 5.26106
9.29 5.25853
9.3 5.25602
9.31 5.25352
9.32 5.25104
9.33 5.24858
9.34 5.24613
9.35 5.24369
9.36 5.24128
9.37 5.23887
9.38 5.23649
9.39 5.23412
9.4 5.23177
9.41 5.22943
9.42 5.22711
9.43 5.22481
9.44 5.22252
9.45 5.22025
9.46 5.21799
9.47 5.21575
9.48 5.21353
9.49 5.21132
9.5 5.20913
9.51 5.20695
9.52 5.20479
9.53 5.20265
9.54 5.20052
9.55 5.19841
9.56 5.19631
9.57 5.19423
9.58 5.19217
9.59 5.19012
9.6 5.18808
9.61 5.18606
9.62 5.18406
9.63 5.18207
9.64 5.1801
9.65 5.17814
9.66 5.1762
9.67 5.17428
9.68 5.17236
9.69 5.17047
9.7 5.16858
9.71 5.16672
9.72 5.16486
9.73 5.16303
9.74 5.1612
9.75 5.15939
9.76 5.1576
9.77 5.15582
9.78 5.15405
9.79 5.1523
9.8 5.15056
9.81 5.14884
9.82 5.14713
9.83 5.14543
9.84 5.14375
9.85 5.14208
9.86 5.14043
9.87 5.13878
9.88 5.13715
9.89 5.13554
9.9 5.13394
9.91 5.13235
9.92 5.13077
9.93 5.12921
9.94 5.12766
9.95 5.12612
9.96 5.12459
9.97 5.12308
9.98 5.12158
9.99 5.12009
10 5.11862
10.001 0
