0 -10
0.01 -8.58962
0.02 -8.58359
0.03 -8.57754
0.04 -8.57146
0.05 -8.56535
0.06 -8.55922
0.07 -8.55307
0.08 -8.54688
0.09 -8.54068
0.1 -8.53444
0.11 -8.52818
0.12 -8.5219
0.13 -8.51559
0.14 -8.50925
0.15 -8.50289
0.16 -8.4965
0.17 -8.49009
0.18 -8.48365
0.19 -8.47719
0.2 -8.4707
0.21 -8.46419
0.22 -8.45765
0.23 -8.45109
0.24 -8.4445
0.25 -8.43788
0.26 -8.43124
0.27 -8.42458
0.28 -8.41789
0.29 -8.41117
0.3 -8.40443
0.31 -8.39767
0.32 -8.39088
0.33 -8.38406
0.34 -8.37722
0.35 -8.37035
0.36 -8.36345
0.37 -8.35653
0.38 -8.34959
0.39 -8.34261
0.4 -8.33562
0.41 -8.32859
0.42 -8.32154
0.43 -8.31446
0.44 -8.30736
0.45 -8.30023
0.46 -8.29307
0.47 -8.28588
0.48 -8.27867
0.49 -8.27142
0.5 -8.26415
0.51 -8.25686
0.52 -8.24953
0.53 -8.24217
0.54 -8.23478
0.55 -8.22737
0.56 -8.21992
0.57 -8.21244
0.58 -8.20494
0.59 -8.1974
0.6 -8.18982
0.61 -8.18222
0.62 -8.17458
0.63 -8.16691
0.64 -8.1592
0.65 -8.15146
0.66 -8.14368
0.67 -8.13587
0.68 -8.12802
0.69 -8.12013
0.7 -8.1122
0.71 -8.10423
0.72 -8.09623
0.73 -8.08818
0.74 -8.08009
0.75 -8.07195
0.76 -8.06378
0.77 -8.05555
0.78 -8.04729
0.79 -8.03897
0.8 -8.03061
0.81 -8.02219
0.82 -8.01373
0.83 -8.00521
0.84 -7.99664
0.85 -7.98802
0.86 -7.97934
0.87 -7.97061
0.88 -7.96181
0.89 -7.95296
0.9 -7.94404
0.91 -7.93506
0.92 -7.92602
0.93 -7.91691
0.94 -7.90773
0.95 -7.89849
0.96 -7.88917
0.97 -7.87978
0.98 -7.87032
0.99 -7.86078
1 -7.85116
1.01 -7.84146
1.02 -7.83168
1.03 -7.82182
1.04 -7.81187
1.05 -7.80184
1.06 -7.79172
1.07 -7.7815
1.08 -7.7712
1.09 -7.7608
1.1 -7.7503
1.11 -7.7397
1.12 -7.72901
1.13 -7.71821
1.14 -7.70731
1.15 -7.6963
1.16 -7.68518
1.17 -7.67396
1.18 -7.66262
1.19 -7.65117
1.2 -7.63961
1.21 -7.62793
1.22 -7.61613
1.23 -7.60421
1.24 -7.59217
1.25 -7.58001
1.26 -7.56773
1.27 -7.55532
1.28 -7.54278
1.29 -7.53012
1.3 -7.51733
1.31 -7.50441
1.32 -7.49136
1.33 -7.47818
1.34 -7.46486
1.35 -7.45142
1.36 -7.43784
1.37 -7.42413
1.38 -7.41029
1.39 -7.39631
1.4 -7.38221
1.41 -7.36797
1.42 -7.3536
1.43 -7.3391
1.44 -7.32447
1.45 -7.30971
1.46 -7.29482
1.47 -7.27981
1.48 -7.26467
1.49 -7.24942
1.5 -7.23404
1.51 -7.21854
1.52 -7.20293
1.53 -7.1872
1.54 -7.17137
1.55 -7.15543
1.56 -7.13939
1.57 -7.12324
1.58 -7.107
1.59 -7.09067
1.6 -7.07425
1.61 -7.05774
1.62 -7.04116
1.63 -7.0245
1.64 -7.00777
1.65 -6.99098
1.66 -6.97413
1.67 -6.95722
1.68 -6.94027
1.69 -6.92327
1.7 -6.90624
1.71 -6.88918
1.72 -6.87209
1.73 -6.85498
1.74 -6.83787
1.75 -6.82075
1.76 -6.80363
1.77 -6.78652
1.78 -6.76942
1.79 -6.75235
1.8 -6.7353
1.81 -6.71829
1.82 -6.70133
1.83 -6.68441
1.84 -6.66754
1.85 -6.65074
1.86 -6.63401
1.87 -6.61735
1.88 -6.60078
1.89 -6.58429
1.9 -6.5679
1.91 -6.55161
1.92 -6.53542
1.93 -6.51935
1.94 -6.5034
1.95 -6.48757
1.96 -6.47187
1.97 -6.4563
1.98 -6.44087
1.99 -6.42559
2 -6.41045
2.01 -6.39547
2.02 -6.38064
2.03 -6.36598
2.04 -6.35148
2.05 -6.33714
2.06 -6.32298
2.07 -6.30899
2.08 -6.29518
2.09 -6.28155
2.1 -6.2681
2.11 -6.25483
2.12 -6.24175
2.13 -6.22885
2.14 -6.21615
2.15 -6.20363
2.16 -6.1913
2.17 -6.17916
2.18 -6.16721
2.19 -6.15546
2.2 -6.14389
2.21 -6.13252
2.22 -6.12134
2.23 -6.11035
2.24 -6.09955
2.25 -6.08894
2.26 -6.07851
2.27 -6.06828
2.28 -6.05823
2.29 -6.04837
2.3 -6.03868
2.31 -6.02918
2.32 -6.01987
2.33 -6.01072
2.34 -6.00176
2.35 -5.99297
2.36 -5.98435
2.37 -5.97591
2.38 -5.96763
2.39 -5.95952
2.4 -5.95157
2.41 -5.94378
2.42 -5.93615
2.43 -5.92868
2.44 -5.92136
2.45 -5.9142
2.46 -5.90718
2.47 -5.90031
2.48 -5.89359
2.49 -5.88701
2.5 -5.88056
2.51 -5.87425
2.52 -5.86808
2.53 -5.86204
2.54 -5.85613
2.55 -5.85035
2.56 -5.84469
2.57 -5.83915
2.58 -5.83373
2.59 -5.82843
2.6 -5.82324
2.61 -5.81816
2.62 -5.8132
2.63 -5.80834
2.64 -5.80359
2.65 -5.79894
2.66 -5.79439
2.67 -5.78994
2.68 -5.78559
2.69 -5.78133
2.7 -5.77716
2.71 -5.77308
2.72 -5.76909
2.73 -5.76519
2.74 -5.76137
2.75 -5.75763
2.76 -5.75398
2.77 -5.7504
2.78 -5.7469
2.79 -5.74347
2.8 -5.74011
2.81 -5.73683
2.82 -5.73362
2.83 -5.73047
2.84 -5.72739
2.85 -5.72438
2.86 -5.72143
2.87 -5.71854
2.88 -5.71571
2.89 -5.71294
2.9 -5.71023
2.91 -5.70757
2.92 -5.70497
2.93 -5.70242
2.94 -5.69992
2.95 -5.69747
2.96 -5.69508
2.97 -5.69273
2.98 -5.69043
2.99 -5.68817
3 -5.68596
3.01 -5.68379
3.02 -5.68167
3.03 -5.67959
3.04 -5.67754
3.05 -5.67554
3.06 -5.67358
3.07 -5.67165
3.08 -5.66976
3.09 -5.66791
3.1 -5.66609
3.11 -5.66431
3.12 -5.66256
3.13 -5.66084
3.14 -5.65915
3.15 -5.65749
3.16 -5.65587
3.17 -5.65427
3.18 -5.6527
3.19 -5.65117
3.2 -5.64965
3.21 -5.64817
3.22 -5.64671
3.23 -5.64527
3.24 -5.64386
3.25 -5.64248
3.26 -5.64112
3.27 -5.63978
3.28 -5.63846
3.29 -5.63717
3.3 -5.6359
3.31 -5.63464
3.32 -5.63341
3.33 -5.6322
3.34 -5.63101
3.35 -5.62983
3.36 -5.62868
3.37 -5.62754
3.38 -5.62642
3.39 -5.62532
3.4 -5.62423
3.41 -5.62317
3.42 -5.62211
3.43 -5.62108
3.44 -5.62005
3.45 -5.61905
3.46 -5.61805
3.47 -5.61708
3.48 -5.61611
3.49 -5.61516
3.5 -5.61422
3.51 -5.6133
3.52 -5.61239
3.53 -5.61149
3.54 -5.6106
3.55 -5.60972
3.56 -5.60886
3.57 -5.60801
3.58 -5.60716
3.59 -5.60633
3.6 -5.60551
3.61 -5.6047
3.62 -5.6039
3.63 -5.60311
3.64 -5.60233
3.65 -5.60156
3.66 -5.6008
3.67 -5.60004
3.68 -5.5993
3.69 -5.59856
3.7 -5.59784
3.71 -5.59712
3.72 -5.59641
3.73 -5.5957
3.74 -5.59501
3.75 -5.59432
3.76 -5.59364
3.77 -5.59297
3.78 -5.5923
3.79 -5.59165
3.8 -5.59099
3.81 -5.59035
3.82 -5.58971
3.83 -5.58908
3.84 -5.58845
3.85 -5.58783
3.86 -5.58722
3.87 -5.58661
3.88 -5.58601
3.89 -5.58542
3.9 -5.58483
3.91 -5.58425
3.92 -5.58367
3.93 -5.58309
3.94 -5.58253
3.95 -5.58196
3.96 -5.58141
3.97 -5.58085
3.98 -5.58031
3.99 -5.57977
4 -5.57923
4.01 -5.5787
4.02 -5.57817
4.03 -5.57764
4.04 -5.57713
4.05 -5.57661
4.06 -5.5761
4.07 -5.5756
4.08 -5.5751
4.09 -5.5746
4.1 -5.57411
4.11 -5.57362
4.12 -5.57313
4.13 -5.57265
4.14 -5.57218
4.15 -5.5717
4.16 -5.57124
4.17 -5.57077
4.18 -5.57031
4.19 -5.56985
4.2 -5.5694
4.21 -5.56895
4.22 -5.56851
4.23 -5.56806
4.24 -5.56763
4.25 -5.56719
4.26 -5.56676
4.27 -5.56633
4.28 -5.56591
4.29 -5.56549
4.3 -5.56507
4.31 -5.56466
4.32 -5.56425
4.33 -5.56384
4.34 -5.56344
4.35 -5.56304
4.36 -5.56264
4.37 -5.56225
4.38 -5.56186
4.39 -5.56148
4.4 -5.56109
4.41 -5.56071
4.42 -5.56034
4.43 -5.55996
4.44 -5.55959
4.45 -5.55923
4.46 -5.55886
4.47 -5.5585
4.48 -5.55815
4.49 -5.55779
4.5 -5.55744
4.51 -5.55709
4.52 -5.55675
4.53 -5.55641
4.54 -5.55607
4.55 -5.55573
4.56 -5.5554
4.57 -5.55507
4.58 -5.55475
4.59 -5.55443
4.6 -5.55411
4.61 -5.55379
4.62 -5.55348
4.63 -5.55317
4.64 -5.55286
4.65 -5.55255
4.66 -5.55225
4.67 -5.55195
4.68 -5.55166
4.69 -5.55137
4.7 -5.55108
4.71 -5.55079
4.72 -5.55051
4.73 -5.55022
4.74 -5.54995
4.75 -5.54967
4.76 -5.5494
4.77 -5.54913
4.78 -5.54886
4.79 -5.5486
4.8 -5.54834
4.81 -5.54808
4.82 -5.54782
4.83 -5.54757
4.84 -5.54732
4.85 -5.54707
4.86 -5.54683
4.87 -5.54658
4.88 -5.54634
4.89 -5.54611
4.9 -5.54587
4.91 -5.54564
4.92 -5.54541
4.93 -5.54518
4.94 -5.54496
4.95 -5.54473
4.96 -5.54451
4.97 -5.54429
4.98 -5.54408
4.99 -5.54386
5 -5.54365
5.01 -5.54344
5.02 -5.54323
5.03 -5.54303
5.04 -5.54282
5.05 -5.54262
5.06 -5.54242
5.07 -5.54222
5.08 -5.54202
5.09 -5.54183
5.1 -5.54163
5.11 -5.54144
5.12 -5.54125
5.13 -5.54106
5.14 -5.54087
5.15 -5.54069
5.16 -5.5405
5.17 -5.54032
5.18 -5.54013
5.19 -5.53995
5.2 -5.53977
5.21 -5.53959
5.22 -5.53941
5.23 -5.53923
5.24 -5.53906
5.25 -5.53888
5.26 -5.5387
5.27 -5.53853
5.28 -5.53835
5.29 -5.53818
5.3 -5.538
5.31 -5.53783
5.32 -5.53765
5.33 -5.53748
5.34 -5.53731
5.35 -5.53713
5.36 -5.53696
5.37 -5.53678
5.38 -5.53661
5.39 -5.53643
5.4 -5.53626
5.41 -5.53608
5.42 -5.5359
5.43 -5.53573
5.44 -5.53555
5.45 -5.53537
5.46 -5.53519
5.47 -5.53501
5.48 -5.53483
5.49 -5.53465
5.5 -5.53446
5.51 -5.53428
5.52 -5.53409
5.53 -5.5339
5.54 -5.53371
5.55 -5.53352
5.56 -5.53333
5.57 -5.53314
5.58 -5.53294
5.59 -5.53275
5.6 -5.53255
5.61 -5.53235
5.62 -5.53215
5.63 -5.53194
5.64 -5.53174
5.65 -5.53153
5.66 -5.53132
5.67 -5.53111
5.68 -5.5309
5.69 -5.53068
5.7 -5.53047
5.71 -5.53025
5.72 -5.53003
5.73 -5.52981
5.74 -5.52958
5.75 -5.52935
5.76 -5.52913
5.77 -5.52889
5.78 -5.52866
5.79 -5.52843
5.8 -5.52819
5.81 -5.52795
5.82 -5.52771
5.83 -5.52747
5.84 -5.52723
5.85 -5.52698
5.86 -5.52674
5.87 -5.52649
5.88 -5.52624
5.89 -5.52599
5.9 -5.52574
5.91 -5.52549
5.92 -5.52523
5.93 -5.52498
5.94 -5.52472
5.95 -5.52447
5.96 -5.52421
5.97 -5.52396
5.98 -5.5237
5.99 -5.52344
6 -5.52319
6.01 -5.52293
6.02 -5.52268
6.03 -5.52243
6.04 -5.52218
6.05 -5.52193
6.06 -5.52168
6.07 -5.52143
6.08 -5.52119
6.09 -5.52095
6.1 -5.52071
6.11 -5.52047
6.12 -5.52024
6.13 -5.52001
6.14 -5.51979
6.15 -5.51957
6.16 -5.51936
6.17 -5.51915
6.18 -5.51895
6.19 -5.51875
6.2 -5.51856
6.21 -5.51838
6.22 -5.51821
6.23 -5.51804
6.24 -5.51789
6.25 -5.51774
6.26 -5.5176
6.27 -5.51748
6.28 -5.51736
6.29 -5.51726
6.3 -5.51717
6.31 -5.51709
6.32 -5.51702
6.33 -5.51697
6.34 -5.51694
6.35 -5.51692
6.36 -5.51691
6.37 -5.51693
6.38 -5.51696
6.39 -5.51701
6.4 -5.51708
6.41 -5.51717
6.42 -5.51728
6.43 -5.51741
6.44 -5.51757
6.45 -5.51775
6.46 -5.51796
6.47 -5.51819
6.48 -5.51845
6.49 -5.51873
6.5 -5.51905
6.51 -5.51939
6.52 -5.51977
6.53 -5.52018
6.54 -5.52062
6.55 -5.52109
6.56 -5.5216
6.57 -5.52215
6.58 -5.52273
6.59 -5.52335
6.6 -5.52401
6.61 -5.52472
6.62 -5.52546
6.63 -5.52625
6.64 -5.52709
6.65 -5.52796
6.66 -5.52889
6.67 -5.52987
6.68 -5.53089
6.69 -5.53197
6.7 -5.5331
6.71 -5.53428
6.72 -5.53552
6.73 -5.53681
6.74 -5.53816
6.75 -5.53958
6.76 -5.54105
6.77 -5.54258
6.78 -5.54418
6.79 -5.54584
6.8 -5.54757
6.81 -5.54936
6.82 -5.55123
6.83 -5.55316
6.84 -5.55516
6.85 -5.55724
6.86 -5.55939
6.87 -5.56162
6.88 -5.56392
6.89 -5.56631
6.9 -5.56877
6.91 -5.57131
6.92 -5.57393
6.93 -5.57664
6.94 -5.57943
6.95 -5.58231
6.96 -5.58527
6.97 -5.58833
6.98 -5.59147
6.99 -5.5947
7 -5.59802
7.01 -5.60143
7.02 -5.60494
7.03 -5.60854
7.04 -5.61224
7.05 -5.61603
7.06 -5.61992
7.07 -5.62391
7.08 -5.62799
7.09 -5.63218
7.1 -5.63646
7.11 -5.64085
7.12 -5.64533
7.13 -5.64992
7.14 -5.65461
7.15 -5.6594
7.16 -5.6643
7.17 -5.6693
7.18 -5.6744
7.19 -5.6796
7.2 -5.68491
7.21 -5.69033
7.22 -5.69584
7.23 -5.70146
7.24 -5.70719
7.25 -5.71302
7.26 -5.71895
7.27 -5.72498
7.28 -5.73112
7.29 -5.73736
7.3 -5.7437
7.31 -5.75014
7.32 -5.75668
7.33 -5.76333
7.34 -5.77007
7.35 -5.77691
7.36 -5.78385
7.37 -5.79089
7.38 -5.79802
7.39 -5.80525
7.4 -5.81257
7.41 -5.81998
7.42 -5.82748
7.43 -5.83508
7.44 -5.84276
7.45 -5.85054
7.46 -5.8584
7.47 -5.86634
7.48 -5.87437
7.49 -5.88248
7.5 -5.89067
7.51 -5.89894
7.52 -5.90729
7.53 -5.91571
7.54 -5.92421
7.55 -5.93278
7.56 -5.94142
7.57 -5.95014
7.58 -5.95892
7.59 -5.96776
7.6 -5.97667
7.61 -5.98564
7.62 -5.99467
7.63 -6.00376
7.64 -6.01291
7.65 -6.02211
7.66 -6.03137
7.67 -6.04068
7.68 -6.05003
7.69 -6.05944
7.7 -6.06889
7.71 -6.07838
7.72 -6.08792
7.73 -6.0975
7.74 -6.10712
7.75 -6.11677
7.76 -6.12646
7.77 -6.13618
7.78 -6.14594
7.79 -6.15572
7.8 -6.16553
7.81 -6.17537
7.82 -6.18524
7.83 -6.19512
7.84 -6.20503
7.85 -6.21496
7.86 -6.22491
7.87 -6.23487
7.88 -6.24485
7.89 -6.25484
7.9 -6.26485
7.91 -6.27487
7.92 -6.28489
7.93 -6.29493
7.94 -6.30497
7.95 -6.31501
7.96 -6.32506
7.97 -6.33512
7.98 -6.34517
7.99 -6.35522
8 -6.36528
8.01 -6.37533
8.02 -6.38537
8.03 -6.39542
8.04 -6.40545
8.05 -6.41548
8.06 -6.4255
8.07 -6.43551
8.08 -6.44551
8.09 -6.45551
8.1 -6.46548
8.11 -6.47545
8.12 -6.4854
8.13 -6.49534
8.14 -6.50526
8.15 -6.51516
8.16 -6.52505
8.17 -6.53492
8.18 -6.54477
8.19 -6.5546
8.2 -6.56441
8.21 -6.57419
8.22 -6.58396
8.23 -6.5937
8.24 -6.60342
8.25 -6.61312
8.26 -6.62279
8.27 -6.63244
8.28 -6.64206
8.29 -6.65165
8.3 -6.66122
8.31 -6.67076
8.32 -6.68028
8.33 -6.68976
8.34 -6.69922
8.35 -6.70865
8.36 -6.71804
8.37 -6.72741
8.38 -6.73675
8.39 -6.74606
8.4 -6.75533
8.41 -6.76458
8.42 -6.77379
8.43 -6.78297
8.44 -6.79212
8.45 -6.80124
8.46 -6.81032
8.47 -6.81937
8.48 -6.82839
8.49 -6.83737
8.5 -6.84632
8.51 -6.85524
8.52 -6.86412
8.53 -6.87297
8.54 -6.88178
8.55 -6.89055
8.56 -6.8993
8.57 -6.908
8.58 -6.91668
8.59 -6.92531
8.6 -6.93391
8.61 -6.94248
8.62 -6.95101
8.63 -6.9595
8.64 -6.96796
8.65 -6.97638
8.66 -6.98477
8.67 -6.99312
8.68 -7.00143
8.69 -7.00971
8.7 -7.01795
8.71 -7.02615
8.72 -7.03432
8.73 -7.04245
8.74 -7.05055
8.75 -7.05861
8.76 -7.06663
8.77 -7.07461
8.78 -7.08256
8.79 -7.09048
8.8 -7.09835
8.81 -7.10619
8.82 -7.11399
8.83 -7.12176
8.84 -7.12949
8.85 -7.13718
8.86 -7.14484
8.87 -7.15246
8.88 -7.16005
8.89 -7.1676
8.9 -7.17511
8.91 -7.18258
8.92 -7.19002
8.93 -7.19743
8.94 -7.2048
8.95 -7.21213
8.96 -7.21943
8.97 -7.22669
8.98 -7.23391
8.99 -7.2411
9 -7.24825
9.01 -7.25537
9.02 -7.26245
9.03 -7.2695
9.04 -7.27651
9.05 -7.28349
9.06 -7.29043
9.07 -7.29734
9.08 -7.30421
9.09 -7.31105
9.1 -7.31785
9.11 -7.32462
9.12 -7.33135
9.13 -7.33805
9.14 -7.34472
9.15 -7.35135
9.16 -7.35795
9.17 -7.36451
9.18 -7.37104
9.19 -7.37753
9.2 -7.384
9.21 -7.39042
9.22 -7.39682
9.23 -7.40318
9.24 -7.40951
9.25 -7.41581
9.26 -7.42207
9.27 -7.4283
9.28 -7.4345
9.29 -7.44067
9.3 -7.4468
9.31 -7.4529
9.32 -7.45897
9.33 -7.46501
9.34 -7.47102
9.35 -7.47699
9.36 -7.48294
9.37 -7.48885
9.38 -7.49473
9.39 -7.50058
9.4 -7.5064
9.41 -7.51219
9.42 -7.51795
9.43 -7.52368
9.44 -7.52937
9.45 -7.53504
9.46 -7.54068
9.47 -7.54629
9.48 -7.55187
9.49 -7.55741
9.5 -7.56294
9.51 -7.56843
9.52 -7.57389
9.53 -7.57932
9.54 -7.58473
9.55 -7.5901
9.56 -7.59545
9.57 -7.60077
9.58 -7.60606
9.59 -7.61133
9.6 -7.61656
9.61 -7.62177
9.62 -7.62695
9.63 -7.63211
9.64 -7.63724
9.65 -7.64234
9.66 -7.64741
9.67 -7.65246
9.68 -7.65748
9.69 -7.66248
9.7 -7.66745
9.71 -7.67239
9.72 -7.67731
9.73 -7.6822
9.74 -7.68707
9.75 -7.69191
9.76 -7.69673
9.77 -7.70152
9.78 -7.70629
9.79 -7.71103
9.8 -7.71575
9.81 -7.72045
9.82 -7.72512
9.83 -7.72976
9.84 -7.73439
9.85 -7.73899
9.86 -7.74356
9.87 -7.74812
9.88 -7.75265
9.89 -7.75716
9.9 -7.76164
9.91 -7.76611
9.92 -7.77055
9.93 -7.77497
9.94 -7.77936
9.95 -7.78374
9.96 -7.78809
9.97 -7.79242
9.98 -7.79673
9.99 -7.80102
10 -7.80529
10.001 -10
