0 0
0.01 0.273187
0.02 0.270543
0.03 0.267891
0.04 0.265231
0.05 0.262565
0.06 0.259891
0.07 0.257212
0.08 0.254525
0.09 0.251833
0.1 0.249136
0.11 0.246432
0.12 0.243724
0.13 0.241011
0.14 0.238293
0.15 0.235572
0.16 0.232846
0.17 0.230117
0.18 0.227386
0.19 0.224651
0.2 0.221914
0.21 0.219176
0.22 0.216436
0.23 0.213694
0.24 0.210953
0.25 0.208211
0.26 0.205469
0.27 0.202729
0.28 0.199989
0.29 0.197251
0.3 0.194516
0.31 0.191783
0.32 0.189053
0.33 0.186328
0.34 0.183606
0.35 0.18089
0.36 0.178179
0.37 0.175474
0.38 0.172776
0.39 0.170085
0.4 0.167402
0.41 0.164727
0.42 0.162062
0.43 0.159406
0.44 0.156761
0.45 0.154127
0.46 0.151505
0.47 0.148896
0.48 0.1463
0.49 0.143717
0.5 0.14115
0.51 0.138598
0.52 0.136062
0.53 0.133543
0.54 0.131042
0.55 0.128559
0.56 0.126096
0.57 0.123653
0.58 0.121231
0.59 0.118831
0.6 0.116454
0.61 0.1141
0.62 0.11177
0.63 0.109466
0.64 0.107188
0.65 0.104936
0.66 0.102713
0.67 0.100519
0.68 0.0983538
0.69 0.0962196
0.7 0.0941169
0.71 0.0920468
0.72 0.09001
0.73 0.0880075
0.74 0.0860403
0.75 0.0841093
0.76 0.0822154
0.77 0.0803597
0.78 0.078543
0.79 0.0767663
0.8 0.0750306
0.81 0.0733369
0.82 0.071686
0.83 0.070079
0.84 0.0685168
0.85 0.0670003
0.86 0.0655306
0.87 0.0641085
0.88 0.0627351
0.89 0.0614113
0.9 0.0601379
0.91 0.0589161
0.92 0.0577466
0.93 0.0566304
0.94 0.0555685
0.95 0.0545617
0.96 0.053611
0.97 0.0527172
0.98 0.0518813
0.99 0.051104
1 0.0503864
1.01 0.0497292
1.02 0.0491332
1.03 0.0485994
1.04 0.0481284
1.05 0.0477212
1.06 0.0473785
1.07 0.047101
1.08 0.0468894
1.09 0.0467447
1.1 0.0466673
1.11 0.046658
1.12 0.0467175
1.13 0.0468464
1.14 0.0470454
1.15 0.0473149
1.16 0.0476556
1.17 0.048068
1.18 0.0485527
1.19 0.04911
1.2 0.0497404
1.21 0.0504444
1.22 0.0512223
1.23 0.0520745
1.24 0.0530012
1.25 0.0540028
1.26 0.0550795
1.27 0.0562314
1.28 0.0574587
1.29 0.0587615
1.3 0.0601399
1.31 0.0615939
1.32 0.0631234
1.33 0.0647284
1.34 0.0664087
1.35 0.0681642
1.36 0.0699947
1.37 0.0718998
1.38 0.0738792
1.39 0.0759325
1.4 0.0780593
1.41 0.0802591
1.42 0.0825313
1.43 0.0848753
1.44 0.0872904
1.45 0.0897759
1.46 0.0923309
1.47 0.0949547
1.48 0.0976463
1.49 0.100405
1.5 0.103229
1.51 0.106118
1.52 0.109071
1.53 0.112086
1.54 0.115162
1.55 0.118298
1.56 0.121492
1.57 0.124743
1.58 0.12805
1.59 0.131411
1.6 0.134824
1.61 0.138288
1.62 0.141801
1.63 0.145362
1.64 0.148969
1.65 0.152619
1.66 0.156312
1.67 0.160045
1.68 0.163816
1.69 0.167624
1.7 0.171467
1.71 0.175343
1.72 0.179249
1.73 0.183185
1.74 0.187148
1.75 0.191136
1.76 0.195147
1.77 0.19918
1.78 0.203232
1.79 0.207302
1.8 0.211387
1.81 0.215487
1.82 0.219599
1.83 0.223721
1.84 0.227852
1.85 0.23199
1.86 0.236134
1.87 0.240281
1.88 0.244431
1.89 0.248582
1.9 0.252732
1.91 0.25688
1.92 0.261025
1.93 0.265165
1.94 0.2693
1.95 0.273428
1.96 0.277548
1.97 0.281659
1.98 0.28576
1.99 0.289851
2 0.293929
2.01 0.297996
2.02 0.30205
2.03 0.306089
2.04 0.310115
2.05 0.314126
2.06 0.318122
2.07 0.322102
2.08 0.326066
2.09 0.330014
2.1 0.333945
2.11 0.33786
2.12 0.341758
2.13 0.345638
2.14 0.349502
2.15 0.353349
2.16 0.357179
2.17 0.360992
2.18 0.364787
2.19 0.368567
2.2 0.372329
2.21 0.376075
2.22 0.379805
2.23 0.383518
2.24 0.387216
2.25 0.390898
2.26 0.394565
2.27 0.398217
2.28 0.401854
2.29 0.405477
2.3 0.409085
2.31 0.41268
2.32 0.416261
2.33 0.419829
2.34 0.423385
2.35 0.426928
2.36 0.430458
2.37 0.433977
2.38 0.437485
2.39 0.440982
2.4 0.444468
2.41 0.447943
2.42 0.451408
2.43 0.454864
2.44 0.45831
2.45 0.461747
2.46 0.465176
2.47 0.468595
2.48 0.472007
2.49 0.475411
2.5 0.478807
2.51 0.482195
2.52 0.485577
2.53 0.488951
2.54 0.49232
2.55 0.495681
2.56 0.499037
2.57 0.502387
2.58 0.505731
2.59 0.50907
2.6 0.512403
2.61 0.515732
2.62 0.519056
2.63 0.522375
2.64 0.525689
2.65 0.528999
2.66 0.532306
2.67 0.535608
2.68 0.538906
2.69 0.542201
2.7 0.545492
2.71 0.54878
2.72 0.552064
2.73 0.555346
2.74 0.558625
2.75 0.5619
2.76 0.565173
2.77 0.568444
2.78 0.571711
2.79 0.574977
2.8 0.57824
2.81 0.581501
2.82 0.58476
2.83 0.588017
2.84 0.591272
2.85 0.594526
2.86 0.597778
2.87 0.601028
2.88 0.604276
2.89 0.607524
2.9 0.61077
2.91 0.614015
2.92 0.617258
2.93 0.620501
2.94 0.623743
2.95 0.626984
2.96 0.630224
2.97 0.633464
2.98 0.636703
2.99 0.639941
3 0.643179
3.01 0.646417
3.02 0.649655
3.03 0.652893
3.04 0.656131
3.05 0.659368
3.06 0.662606
3.07 0.665845
3.08 0.669084
3.09 0.672323
3.1 0.675563
3.11 0.678803
3.12 0.682045
3.13 0.685287
3.14 0.688531
3.15 0.691776
3.16 0.695022
3.17 0.698269
3.18 0.701518
3.19 0.704768
3.2 0.708021
3.21 0.711275
3.22 0.714531
3.23 0.717789
3.24 0.72105
3.25 0.724313
3.26 0.727578
3.27 0.730846
3.28 0.734117
3.29 0.73739
3.3 0.740667
3.31 0.743947
3.32 0.74723
3.33 0.750517
3.34 0.753807
3.35 0.757101
3.36 0.760399
3.37 0.7637
3.38 0.767006
3.39 0.770316
3.4 0.773631
3.41 0.77695
3.42 0.780274
3.43 0.783603
3.44 0.786937
3.45 0.790276
3.46 0.793621
3.47 0.796971
3.48 0.800326
3.49 0.803688
3.5 0.807055
3.51 0.810429
3.52 0.813809
3.53 0.817195
3.54 0.820588
3.55 0.823987
3.56 0.827394
3.57 0.830808
3.58 0.834229
3.59 0.837657
3.6 0.841093
3.61 0.844537
3.62 0.847988
3.63 0.851448
3.64 0.854916
3.65 0.858392
3.66 0.861877
3.67 0.865371
3.68 0.868873
3.69 0.872385
3.7 0.875906
3.71 0.879436
3.72 0.882976
3.73 0.886525
3.74 0.890085
3.75 0.893654
3.76 0.897234
3.77 0.900824
3.78 0.904424
3.79 0.908036
3.8 0.911658
3.81 0.915291
3.82 0.918935
3.83 0.922591
3.84 0.926258
3.85 0.929937
3.86 0.933628
3.87 0.937331
3.88 0.941045
3.89 0.944773
3.9 0.948512
3.91 0.952265
3.92 0.95603
3.93 0.959808
3.94 0.963599
3.95 0.967403
3.96 0.971221
3.97 0.975052
3.98 0.978897
3.99 0.982755
4 0.986628
4.01 0.990515
4.02 0.994416
4.03 0.998331
4.04 1.00226
4.05 1.00621
4.06 1.01016
4.07 1.01414
4.08 1.01813
4.09 1.02213
4.1 1.02615
4.11 1.03019
4.12 1.03424
4.13 1.0383
4.14 1.04239
4.15 1.04649
4.16 1.0506
4.17 1.05473
4.18 1.05888
4.19 1.06304
4.2 1.06722
4.21 1.07141
4.22 1.07563
4.23 1.07986
4.24 1.0841
4.25 1.08837
4.26 1.09265
4.27 1.09694
4.28 1.10126
4.29 1.10559
4.3 1.10994
4.31 1.11431
4.32 1.11869
4.33 1.12309
4.34 1.12751
4.35 1.13195
4.36 1.1364
4.37 1.14087
4.38 1.14536
4.39 1.14987
4.4 1.1544
4.41 1.15894
4.42 1.16351
4.43 1.16809
4.44 1.17268
4.45 1.1773
4.46 1.18194
4.47 1.18659
4.48 1.19126
4.49 1.19595
4.5 1.20066
4.51 1.20538
4.52 1.21012
4.53 1.21489
4.54 1.21967
4.55 1.22446
4.56 1.22928
4.57 1.23412
4.58 1.23897
4.59 1.24384
4.6 1.24873
4.61 1.25363
4.62 1.25856
4.63 1.2635
4.64 1.26846
4.65 1.27344
4.66 1.27844
4.67 1.28345
4.68 1.28848
4.69 1.29353
4.7 1.2986
4.71 1.30368
4.72 1.30879
4.73 1.3139
4.74 1.31904
4.75 1.32419
4.76 1.32937
4.77 1.33455
4.78 1.33976
4.79 1.34498
4.8 1.35022
4.81 1.35547
4.82 1.36074
4.83 1.36603
4.84 1.37134
4.85 1.37666
4.86 1.38199
4.87 1.38734
4.88 1.39271
4.89 1.3981
4.9 1.4035
4.91 1.40891
4.92 1.41434
4.93 1.41979
4.94 1.42525
4.95 1.43073
4.96 1.43622
4.97 1.44173
4.98 1.44725
4.99 1.45278
5 1.45833
5.01 1.4639
5.02 1.46948
5.03 1.47507
5.04 1.48068
5.05 1.4863
5.06 1.49193
5.07 1.49758
5.08 1.50325
5.09 1.50892
5.1 1.51461
5.11 1.52031
5.12 1.52603
5.13 1.53176
5.14 1.5375
5.15 1.54326
5.16 1.54903
5.17 1.55481
5.18 1.5606
5.19 1.56641
5.2 1.57223
5.21 1.57806
5.22 1.58391
5.23 1.58976
5.24 1.59563
5.25 1.60152
5.26 1.60741
5.27 1.61332
5.28 1.61924
5.29 1.62517
5.3 1.63112
5.31 1.63708
5.32 1.64305
5.33 1.64903
5.34 1.65502
5.35 1.66103
5.36 1.66705
5.37 1.67309
5.38 1.67913
5.39 1.68519
5.4 1.69127
5.41 1.69735
5.42 1.70345
5.43 1.70956
5.44 1.71569
5.45 1.72183
5.46 1.72798
5.47 1.73415
5.48 1.74034
5.49 1.74653
5.5 1.75274
5.51 1.75897
5.52 1.76521
5.53 1.77147
5.54 1.77774
5.55 1.78403
5.56 1.79033
5.57 1.79665
5.58 1.80299
5.59 1.80934
5.6 1.81571
5.61 1.8221
5.62 1.82851
5.63 1.83493
5.64 1.84137
5.65 1.84783
5.66 1.85431
5.67 1.86081
5.68 1.86733
5.69 1.87388
5.7 1.88044
5.71 1.88702
5.72 1.89362
5.73 1.90025
5.74 1.9069
5.75 1.91357
5.76 1.92027
5.77 1.92698
5.78 1.93373
5.79 1.9405
5.8 1.94729
5.81 1.95411
5.82 1.96095
5.83 1.96783
5.84 1.97473
5.85 1.98165
5.86 1.98861
5.87 1.9956
5.88 2.00261
5.89 2.00965
5.9 2.01673
5.91 2.02384
5.92 2.03097
5.93 2.03814
5.94 2.04535
5.95 2.05258
5.96 2.05985
5.97 2.06716
5.98 2.0745
5.99 2.08187
6 2.08928
6.01 2.09673
6.02 2.10422
6.03 2.11174
6.04 2.1193
6.05 2.1269
6.06 2.13454
6.07 2.14222
6.08 2.14994
6.09 2.1577
6.1 2.1655
6.11 2.17335
6.12 2.18124
6.13 2.18917
6.14 2.19714
6.15 2.20516
6.16 2.21322
6.17 2.22133
6.18 2.22948
6.19 2.23768
6.2 2.24593
6.21 2.25422
6.22 2.26256
6.23 2.27095
6.24 2.27938
6.25 2.28787
6.26 2.2964
6.27 2.30498
6.28 2.31361
6.29 2.32229
6.3 2.33102
6.31 2.3398
6.32 2.34863
6.33 2.35751
6.34 2.36645
6.35 2.37543
6.36 2.38446
6.37 2.39355
6.38 2.40269
6.39 2.41187
6.4 2.42111
6.41 2.4304
6.42 2.43975
6.43 2.44914
6.44 2.45859
6.45 2.46809
6.46 2.47764
6.47 2.48724
6.48 2.49689
6.49 2.50659
6.5 2.51634
6.51 2.52615
6.52 2.536
6.53 2.54591
6.54 2.55586
6.55 2.56586
6.56 2.57592
6.57 2.58602
6.58 2.59617
6.59 2.60637
6.6 2.61661
6.61 2.6269
6.62 2.63724
6.63 2.64763
6.64 2.65806
6.65 2.66853
6.66 2.67905
6.67 2.68961
6.68 2.70021
6.69 2.71086
6.7 2.72154
6.71 2.73227
6.72 2.74304
6.73 2.75384
6.74 2.76469
6.75 2.77557
6.76 2.78648
6.77 2.79744
6.78 2.80842
6.79 2.81944
6.8 2.83049
6.81 2.84157
6.82 2.85269
6.83 2.86383
6.84 2.875
6.85 2.88619
6.86 2.89741
6.87 2.90866
6.88 2.91993
6.89 2.93122
6.9 2.94253
6.91 2.95387
6.92 2.96522
6.93 2.97659
6.94 2.98797
6.95 2.99937
6.96 3.01078
6.97 3.0222
6.98 3.03364
6.99 3.04508
7 3.05653
7.01 3.06799
7.02 3.07945
7.03 3.09092
7.04 3.10238
7.05 3.11385
7.06 3.12532
7.07 3.13678
7.08 3.14825
7.09 3.1597
7.1 3.17115
7.11 3.18259
7.12 3.19402
7.13 3.20544
7.14 3.21685
7.15 3.22824
7.16 3.23961
7.17 3.25097
7.18 3.26231
7.19 3.27363
7.2 3.28492
7.21 3.29619
7.22 3.30743
7.23 3.31865
7.24 3.32984
7.25 3.34099
7.26 3.35212
7.27 3.36321
7.28 3.37426
7.29 3.38528
7.3 3.39626
7.31 3.40719
7.32 3.41809
7.33 3.42894
7.34 3.43974
7.35 3.4505
7.36 3.4612
7.37 3.47186
7.38 3.48247
7.39 3.49302
7.4 3.50351
7.41 3.51395
7.42 3.52433
7.43 3.53465
7.44 3.54491
7.45 3.5551
7.46 3.56523
7.47 3.57529
7.48 3.58529
7.49 3.59521
7.5 3.60507
7.51 3.61485
7.52 3.62456
7.53 3.63419
7.54 3.64375
7.55 3.65323
7.56 3.66263
7.57 3.67195
7.58 3.6812
7.59 3.69035
7.6 3.69943
7.61 3.70842
7.62 3.71733
7.63 3.72615
7.64 3.73488
7.65 3.74352
7.66 3.75208
7.67 3.76054
7.68 3.76891
7.69 3.7772
7.7 3.78539
7.71 3.79348
7.72 3.80149
7.73 3.8094
7.74 3.81721
7.75 3.82494
7.76 3.83256
7.77 3.84009
7.78 3.84752
7.79 3.85486
7.8 3.8621
7.81 3.86925
7.82 3.87629
7.83 3.88324
7.84 3.89009
7.85 3.89685
7.86 3.90351
7.87 3.91007
7.88 3.91653
7.89 3.9229
7.9 3.92917
7.91 3.93534
7.92 3.94142
7.93 3.9474
7.94 3.95328
7.95 3.95907
7.96 3.96477
7.97 3.97036
7.98 3.97587
7.99 3.98128
8 3.9866
8.01 3.99182
8.02 3.99695
8.03 4.00199
8.04 4.00694
8.05 4.01179
8.06 4.01656
8.07 4.02124
8.08 4.02582
8.09 4.03032
8.1 4.03473
8.11 4.03906
8.12 4.04329
8.13 4.04745
8.14 4.05151
8.15 4.0555
8.16 4.05939
8.17 4.06321
8.18 4.06694
8.19 4.0706
8.2 4.07417
8.21 4.07766
8.22 4.08107
8.23 4.08441
8.24 4.08767
8.25 4.09085
8.26 4.09395
8.27 4.09698
8.28 4.09994
8.29 4.10282
8.3 4.10563
8.31 4.10837
8.32 4.11104
8.33 4.11364
8.34 4.11617
8.35 4.11862
8.36 4.12102
8.37 4.12334
8.38 4.1256
8.39 4.12779
8.4 4.12992
8.41 4.13199
8.42 4.13399
8.43 4.13593
8.44 4.13781
8.45 4.13963
8.46 4.14138
8.47 4.14308
8.48 4.14472
8.49 4.14631
8.5 4.14783
8.51 4.1493
8.52 4.15072
8.53 4.15208
8.54 4.15338
8.55 4.15464
8.56 4.15584
8.57 4.15699
8.58 4.15809
8.59 4.15913
8.6 4.16013
8.61 4.16108
8.62 4.16198
8.63 4.16283
8.64 4.16364
8.65 4.1644
8.66 4.16511
8.67 4.16578
8.68 4.16641
8.69 4.16699
8.7 4.16753
8.71 4.16802
8.72 4.16848
8.73 4.16889
8.74 4.16926
8.75 4.16959
8.76 4.16988
8.77 4.17014
8.78 4.17035
8.79 4.17053
8.8 4.17067
8.81 4.17077
8.82 4.17084
8.83 4.17087
8.84 4.17086
8.85 4.17082
8.86 4.17075
8.87 4.17065
8.88 4.17051
8.89 4.17033
8.9 4.17013
8.91 4.16989
8.92 4.16963
8.93 4.16933
8.94 4.169
8.95 4.16864
8.96 4.16826
8.97 4.16784
8.98 4.1674
8.99 4.16693
9 4.16643
9.01 4.1659
9.02 4.16535
9.03 4.16477
9.04 4.16416
9.05 4.16353
9.06 4.16287
9.07 4.16219
9.08 4.16149
9.09 4.16076
9.1 4.16
9.11 4.15923
9.12 4.15843
9.13 4.1576
9.14 4.15676
9.15 4.15589
9.16 4.15501
9.17 4.1541
9.18 4.15317
9.19 4.15222
9.2 4.15125
9.21 4.15025
9.22 4.14924
9.23 4.14821
9.24 4.14717
9.25 4.1461
9.26 4.14501
9.27 4.14391
9.28 4.14279
9.29 4.14165
9.3 4.14049
9.31 4.13931
9.32 4.13812
9.33 4.13691
9.34 4.13569
9.35 4.13445
9.36 4.13319
9.37 4.13192
9.38 4.13063
9.39 4.12933
9.4 4.12801
9.41 4.12668
9.42 4.12533
9.43 4.12397
9.44 4.12259
9.45 4.1212
9.46 4.1198
9.47 4.11838
9.48 4.11695
9.49 4.11551
9.5 4.11405
9.51 4.11258
9.52 4.1111
9.53 4.10961
9.54 4.1081
9.55 4.10658
9.56 4.10505
9.57 4.10351
9.58 4.10196
9.59 4.10039
9.6 4.09881
9.61 4.09723
9.62 4.09563
9.63 4.09402
9.64 4.0924
9.65 4.09077
9.66 4.08912
9.67 4.08747
9.68 4.08581
9.69 4.08414
9.7 4.08246
9.71 4.08077
9.72 4.07906
9.73 4.07735
9.74 4.07563
9.75 4.0739
9.76 4.07217
9.77 4.07042
9.78 4.06866
9.79 4.0669
9.8 4.06512
9.81 4.06334
9.82 4.06155
9.83 4.05975
9.84 4.05794
9.85 4.05612
9.86 4.0543
9.87 4.05247
9.88 4.05063
9.89 4.04878
9.9 4.04692
9.91 4.04506
9.92 4.04319
9.93 4.04131
9.94 4.03943
9.95 4.03753
9.96 4.03563
9.97 4.03373
9.98 4.03181
9.99 4.02989
10 4.02796
10.001 0
