0 5
0.01 4.36632
0.02 4.36722
0.03 4.36812
0.04 4.36904
0.05 4.36997
0.06 4.37091
0.07 4.37187
0.08 4.37284
0.09 4.37383
0.1 4.37482
0.11 4.37584
0.12 4.37686
0.13 4.3779
0.14 4.37896
0.15 4.38003
0.16 4.38112
0.17 4.38222
0.18 4.38334
0.19 4.38448
0.2 4.38563
0.21 4.3868
0.22 4.38799
0.23 4.3892
0.24 4.39042
0.25 4.39166
0.26 4.39292
0.27 4.3942
0.28 4.3955
0.29 4.39682
0.3 4.39815
0.31 4.39951
0.32 4.40089
0.33 4.40228
0.34 4.4037
0.35 4.40514
0.36 4.4066
0.37 4.40808
0.38 4.40958
0.39 4.41111
0.4 4.41266
0.41 4.41423
0.42 4.41582
0.43 4.41743
0.44 4.41907
0.45 4.42073
0.46 4.42242
0.47 4.42413
0.48 4.42586
0.49 4.42762
0.5 4.4294
0.51 4.43121
0.52 4.43304
0.53 4.4349
0.54 4.43678
0.55 4.43869
0.56 4.44062
0.57 4.44258
0.58 4.44457
0.59 4.44658
0.6 4.44862
0.61 4.45068
0.62 4.45277
0.63 4.45489
0.64 4.45704
0.65 4.45921
0.66 4.46141
0.67 4.46364
0.68 4.4659
0.69 4.46818
0.7 4.47049
0.71 4.47284
0.72 4.47521
0.73 4.4776
0.74 4.48003
0.75 4.48249
0.76 4.48497
0.77 4.48749
0.78 4.49004
0.79 4.49261
0.8 4.49522
0.81 4.49785
0.82 4.50052
0.83 4.50322
0.84 4.50595
0.85 4.50871
0.86 4.51151
0.87 4.51433
0.88 4.51719
0.89 4.52008
0.9 4.52301
0.91 4.52596
0.92 4.52896
0.93 4.53198
0.94 4.53504
0.95 4.53814
0.96 4.54127
0.97 4.54444
0.98 4.54764
0.99 4.55089
1 4.55417
1.01 4.55748
1.02 4.56084
1.03 4.56423
1.04 4.56767
1.05 4.57114
1.06 4.57466
1.07 4.57822
1.08 4.58182
1.09 4.58546
1.1 4.58915
1.11 4.59288
1.12 4.59665
1.13 4.60047
1.14 4.60434
1.15 4.60825
1.16 4.61222
1.17 4.61623
1.18 4.62029
1.19 4.6244
1.2 4.62856
1.21 4.63278
1.22 4.63704
1.23 4.64136
1.24 4.64574
1.25 4.65017
1.26 4.65466
1.27 4.6592
1.28 4.6638
1.29 4.66846
1.3 4.67318
1.31 4.67797
1.32 4.68281
1.33 4.68771
1.34 4.69268
1.35 4.69771
1.36 4.7028
1.37 4.70796
1.38 4.71319
1.39 4.71848
1.4 4.72384
1.41 4.72926
1.42 4.73476
1.43 4.74032
1.44 4.74595
1.45 4.75166
1.46 4.75743
1.47 4.76327
1.48 4.76919
1.49 4.77517
1.5 4.78123
1.51 4.78735
1.52 4.79355
1.53 4.79982
1.54 4.80616
1.55 4.81258
1.56 4.81906
1.57 4.82561
1.58 4.83224
1.59 4.83893
1.6 4.84569
1.61 4.85252
1.62 4.85942
1.63 4.86639
1.64 4.87342
1.65 4.88051
1.66 4.88767
1.67 4.89489
1.68 4.90218
1.69 4.90952
1.7 4.91692
1.71 4.92438
1.72 4.93189
1.73 4.93945
1.74 4.94707
1.75 4.95474
1.76 4.96245
1.77 4.97021
1.78 4.97801
1.79 4.98585
1.8 4.99373
1.81 5.00165
1.82 5.0096
1.83 5.01758
1.84 5.02558
1.85 5.03362
1.86 5.04168
1.87 5.04975
1.88 5.05785
1.89 5.06596
1.9 5.07408
1.91 5.08221
1.92 5.09034
1.93 5.09848
1.94 5.10662
1.95 5.11476
1.96 5.12289
1.97 5.13102
1.98 5.13913
1.99 5.14723
2 5.15531
2.01 5.16338
2.02 5.17142
2.03 5.17944
2.04 5.18743
2.05 5.19539
2.06 5.20332
2.07 5.21122
2.08 5.21907
2.09 5.2269
2.1 5.23468
2.11 5.24241
2.12 5.25011
2.13 5.25775
2.14 5.26535
2.15 5.2729
2.16 5.28039
2.17 5.28783
2.18 5.29522
2.19 5.30255
2.2 5.30982
2.21 5.31703
2.22 5.32419
2.23 5.33128
2.24 5.33831
2.25 5.34527
2.26 5.35218
2.27 5.35902
2.28 5.36579
2.29 5.3725
2.3 5.37914
2.31 5.38571
2.32 5.39222
2.33 5.39866
2.34 5.40503
2.35 5.41133
2.36 5.41757
2.37 5.42373
2.38 5.42983
2.39 5.43587
2.4 5.44183
2.41 5.44773
2.42 5.45356
2.43 5.45932
2.44 5.46501
2.45 5.47064
2.46 5.4762
2.47 5.4817
2.48 5.48713
2.49 5.49249
2.5 5.4978
2.51 5.50303
2.52 5.50821
2.53 5.51332
2.54 5.51837
2.55 5.52336
2.56 5.52828
2.57 5.53315
2.58 5.53796
2.59 5.5427
2.6 5.54739
2.61 5.55202
2.62 5.5566
2.63 5.56112
2.64 5.56558
2.65 5.56999
2.66 5.57434
2.67 5.57865
2.68 5.58289
2.69 5.58709
2.7 5.59124
2.71 5.59533
2.72 5.59938
2.73 5.60338
2.74 5.60733
2.75 5.61123
2.76 5.61508
2.77 5.61889
2.78 5.62265
2.79 5.62637
2.8 5.63005
2.81 5.63368
2.82 5.63727
2.83 5.64082
2.84 5.64433
2.85 5.64779
2.86 5.65122
2.87 5.65461
2.88 5.65796
2.89 5.66127
2.9 5.66455
2.91 5.66779
2.92 5.67099
2.93 5.67416
2.94 5.67729
2.95 5.68039
2.96 5.68345
2.97 5.68649
2.98 5.68949
2.99 5.69246
3 5.6954
3.01 5.6983
3.02 5.70118
3.03 5.70403
3.04 5.70685
3.05 5.70964
3.06 5.7124
3.07 5.71514
3.08 5.71785
3.09 5.72053
3.1 5.72319
3.11 5.72582
3.12 5.72843
3.13 5.73101
3.14 5.73357
3.15 5.7361
3.16 5.73862
3.17 5.74111
3.18 5.74357
3.19 5.74602
3.2 5.74844
3.21 5.75084
3.22 5.75323
3.23 5.75559
3.24 5.75793
3.25 5.76025
3.26 5.76256
3.27 5.76484
3.28 5.76711
3.29 5.76936
3.3 5.77159
3.31 5.7738
3.32 5.776
3.33 5.77818
3.34 5.78034
3.35 5.78249
3.36 5.78462
3.37 5.78674
3.38 5.78884
3.39 5.79093
3.4 5.793
3.41 5.79506
3.42 5.7971
3.43 5.79913
3.44 5.80115
3.45 5.80316
3.46 5.80515
3.47 5.80713
3.48 5.80909
3.49 5.81105
3.5 5.81299
3.51 5.81492
3.52 5.81684
3.53 5.81875
3.54 5.82065
3.55 5.82254
3.56 5.82442
3.57 5.82628
3.58 5.82814
3.59 5.82999
3.6 5.83183
3.61 5.83366
3.62 5.83547
3.63 5.83729
3.64 5.83909
3.65 5.84088
3.66 5.84267
3.67 5.84444
3.68 5.84621
3.69 5.84797
3.7 5.84973
3.71 5.85147
3.72 5.85321
3.73 5.85494
3.74 5.85667
3.75 5.85839
3.76 5.8601
3.77 5.8618
3.78 5.8635
3.79 5.86519
3.8 5.86688
3.81 5.86856
3.82 5.87024
3.83 5.87191
3.84 5.87357
3.85 5.87523
3.86 5.87688
3.87 5.87853
3.88 5.88017
3.89 5.88181
3.9 5.88345
3.91 5.88508
3.92 5.8867
3.93 5.88832
3.94 5.88994
3.95 5.89155
3.96 5.89316
3.97 5.89477
3.98 5.89637
3.99 5.89796
4 5.89956
4.01 5.90115
4.02 5.90274
4.03 5.90432
4.04 5.9059
4.05 5.90748
4.06 5.90905
4.07 5.91062
4.08 5.91219
4.09 5.91376
4.1 5.91532
4.11 5.91689
4.12 5.91845
4.13 5.92
4.14 5.92156
4.15 5.92311
4.16 5.92466
4.17 5.92621
4.18 5.92775
4.19 5.9293
4.2 5.93084
4.21 5.93238
4.22 5.93392
4.23 5.93546
4.24 5.93699
4.25 5.93853
4.26 5.94006
4.27 5.94159
4.28 5.94312
4.29 5.94465
4.3 5.94618
4.31 5.9477
4.32 5.94923
4.33 5.95075
4.34 5.95228
4.35 5.9538
4.36 5.95532
4.37 5.95684
4.38 5.95836
4.39 5.95988
4.4 5.9614
4.41 5.96292
4.42 5.96444
4.43 5.96595
4.44 5.96747
4.45 5.96898
4.46 5.9705
4.47 5.97201
4.48 5.97353
4.49 5.97504
4.5 5.97656
4.51 5.97807
4.52 5.97958
4.53 5.9811
4.54 5.98261
4.55 5.98412
4.56 5.98563
4.57 5.98715
4.58 5.98866
4.59 5.99017
4.6 5.99168
4.61 5.99319
4.62 5.99471
4.63 5.99622
4.64 5.99773
4.65 5.99924
4.66 6.00076
4.67 6.00227
4.68 6.00378
4.69 6.00529
4.7 6.00681
4.71 6.00832
4.72 6.00983
4.73 6.01135
4.74 6.01286
4.75 6.01438
4.76 6.01589
4.77 6.01741
4.78 6.01892
4.79 6.02044
4.8 6.02195
4.81 6.02347
4.82 6.02499
4.83 6.0265
4.84 6.02802
4.85 6.02954
4.86 6.03106
4.87 6.03257
4.88 6.03409
4.89 6.03561
4.9 6.03713
4.91 6.03865
4.92 6.04018
4.93 6.0417
4.94 6.04322
4.95 6.04474
4.96 6.04627
4.97 6.04779
4.98 6.04932
4.99 6.05084
5 6.05237
5.01 6.05389
5.02 6.05542
5.03 6.05695
5.04 6.05848
5.05 6.06001
5.06 6.06154
5.07 6.06307
5.08 6.0646
5.09 6.06613
5.1 6.06767
5.11 6.0692
5.12 6.07074
5.13 6.07228
5.14 6.07381
5.15 6.07535
5.16 6.07689
5.17 6.07843
5.18 6.07997
5.19 6.08152
5.2 6.08306
5.21 6.0846
5.22 6.08615
5.23 6.0877
5.24 6.08925
5.25 6.0908
5.26 6.09235
5.27 6.0939
5.28 6.09545
5.29 6.09701
5.3 6.09857
5.31 6.10012
5.32 6.10168
5.33 6.10325
5.34 6.10481
5.35 6.10637
5.36 6.10794
5.37 6.10951
5.38 6.11108
5.39 6.11265
5.4 6.11422
5.41 6.1158
5.42 6.11738
5.43 6.11896
5.44 6.12054
5.45 6.12212
5.46 6.12371
5.47 6.1253
5.48 6.12689
5.49 6.12848
5.5 6.13008
5.51 6.13167
5.52 6.13327
5.53 6.13488
5.54 6.13648
5.55 6.13809
5.56 6.1397
5.57 6.14131
5.58 6.14293
5.59 6.14455
5.6 6.14617
5.61 6.14779
5.62 6.14942
5.63 6.15105
5.64 6.15269
5.65 6.15432
5.66 6.15596
5.67 6.1576
5.68 6.15925
5.69 6.1609
5.7 6.16255
5.71 6.16421
5.72 6.16587
5.73 6.16753
5.74 6.1692
5.75 6.17086
5.76 6.17254
5.77 6.17421
5.78 6.17589
5.79 6.17757
5.8 6.17926
5.81 6.18095
5.82 6.18264
5.83 6.18434
5.84 6.18604
5.85 6.18774
5.86 6.18944
5.87 6.19115
5.88 6.19287
5.89 6.19458
5.9 6.1963
5.91 6.19802
5.92 6.19975
5.93 6.20147
5.94 6.2032
5.95 6.20494
5.96 6.20667
5.97 6.20841
5.98 6.21015
5.99 6.21189
6 6.21364
6.01 6.21538
6.02 6.21713
6.03 6.21888
6.04 6.22063
6.05 6.22239
6.06 6.22414
6.07 6.2259
6.08 6.22765
6.09 6.22941
6.1 6.23116
6.11 6.23292
6.12 6.23467
6.13 6.23643
6.14 6.23818
6.15 6.23994
6.16 6.24169
6.17 6.24344
6.18 6.24518
6.19 6.24693
6.2 6.24867
6.21 6.2504
6.22 6.25214
6.23 6.25387
6.24 6.25559
6.25 6.25731
6.26 6.25902
6.27 6.26073
6.28 6.26242
6.29 6.26412
6.3 6.2658
6.31 6.26747
6.32 6.26914
6.33 6.27079
6.34 6.27244
6.35 6.27407
6.36 6.27569
6.37 6.2773
6.38 6.2789
6.39 6.28048
6.4 6.28204
6.41 6.28359
6.42 6.28512
6.43 6.28664
6.44 6.28813
6.45 6.28961
6.46 6.29106
6.47 6.2925
6.48 6.29391
6.49 6.2953
6.5 6.29666
6.51 6.298
6.52 6.29932
6.53 6.3006
6.54 6.30186
6.55 6.30308
6.56 6.30428
6.57 6.30544
6.58 6.30657
6.59 6.30766
6.6 6.30872
6.61 6.30974
6.62 6.31072
6.63 6.31167
6.64 6.31257
6.65 6.31343
6.66 6.31424
6.67 6.31502
6.68 6.31574
6.69 6.31642
6.7 6.31704
6.71 6.31762
6.72 6.31814
6.73 6.31861
6.74 6.31903
6.75 6.31939
6.76 6.31969
6.77 6.31993
6.78 6.32011
6.79 6.32023
6.8 6.32028
6.81 6.32027
6.82 6.32019
6.83 6.32005
6.84 6.31983
6.85 6.31954
6.86 6.31918
6.87 6.31875
6.88 6.31824
6.89 6.31766
6.9 6.31699
6.91 6.31625
6.92 6.31543
6.93 6.31452
6.94 6.31353
6.95 6.31246
6.96 6.3113
6.97 6.31005
6.98 6.30872
6.99 6.3073
7 6.30578
7.01 6.30418
7.02 6.30248
7.03 6.30069
7.04 6.2988
7.05 6.29682
7.06 6.29475
7.07 6.29258
7.08 6.29031
7.09 6.28794
7.1 6.28547
7.11 6.28291
7.12 6.28024
7.13 6.27748
7.14 6.27462
7.15 6.27165
7.16 6.26859
7.17 6.26543
7.18 6.26216
7.19 6.2588
7.2 6.25533
7.21 6.25176
7.22 6.2481
7.23 6.24433
7.24 6.24047
7.25 6.23651
7.26 6.23245
7.27 6.22829
7.28 6.22403
7.29 6.21968
7.3 6.21524
7.31 6.2107
7.32 6.20607
7.33 6.20134
7.34 6.19653
7.35 6.19163
7.36 6.18664
7.37 6.18156
7.38 6.17639
7.39 6.17115
7.4 6.16582
7.41 6.16041
7.42 6.15492
7.43 6.14936
7.44 6.14372
7.45 6.13801
7.46 6.13222
7.47 6.12637
7.48 6.12045
7.49 6.11446
7.5 6.10841
7.51 6.1023
7.52 6.09613
7.53 6.08991
7.54 6.08362
7.55 6.07729
7.56 6.0709
7.57 6.06447
7.58 6.05799
7.59 6.05147
7.6 6.0449
7.61 6.0383
7.62 6.03166
7.63 6.02498
7.64 6.01827
7.65 6.01154
7.66 6.00477
7.67 5.99797
7.68 5.99116
7.69 5.98432
7.7 5.97746
7.71 5.97058
7.72 5.96369
7.73 5.95678
7.74 5.94987
7.75 5.94294
7.76 5.936
7.77 5.92906
7.78 5.92212
7.79 5.91517
7.8 5.90823
7.81 5.90128
7.82 5.89434
7.83 5.88741
7.84 5.88048
7.85 5.87355
7.86 5.86664
7.87 5.85974
7.88 5.85285
7.89 5.84598
7.9 5.83912
7.91 5.83228
7.92 5.82546
7.93 5.81865
7.94 5.81187
7.95 5.80511
7.96 5.79837
7.97 5.79165
7.98 5.78496
7.99 5.7783
8 5.77166
8.01 5.76506
8.02 5.75848
8.03 5.75193
8.04 5.74541
8.05 5.73892
8.06 5.73246
8.07 5.72604
8.08 5.71965
8.09 5.71329
8.1 5.70697
8.11 5.70069
8.12 5.69444
8.13 5.68823
8.14 5.68205
8.15 5.67591
8.16 5.66981
8.17 5.66374
8.18 5.65772
8.19 5.65173
8.2 5.64579
8.21 5.63988
8.22 5.63401
8.23 5.62818
8.24 5.6224
8.25 5.61665
8.26 5.61094
8.27 5.60528
8.28 5.59965
8.29 5.59407
8.3 5.58853
8.31 5.58303
8.32 5.57757
8.33 5.57215
8.34 5.56677
8.35 5.56143
8.36 5.55614
8.37 5.55089
8.38 5.54567
8.39 5.5405
8.4 5.53538
8.41 5.53029
8.42 5.52524
8.43 5.52024
8.44 5.51527
8.45 5.51035
8.46 5.50547
8.47 5.50062
8.48 5.49582
8.49 5.49106
8.5 5.48634
8.51 5.48166
8.52 5.47702
8.53 5.47242
8.54 5.46786
8.55 5.46334
8.56 5.45885
8.57 5.45441
8.58 5.45001
8.59 5.44564
8.6 5.44131
8.61 5.43702
8.62 5.43277
8.63 5.42855
8.64 5.42438
8.65 5.42024
8.66 5.41613
8.67 5.41207
8.68 5.40804
8.69 5.40405
8.7 5.40009
8.71 5.39617
8.72 5.39228
8.73 5.38843
8.74 5.38461
8.75 5.38083
8.76 5.37708
8.77 5.37337
8.78 5.36969
8.79 5.36605
8.8 5.36243
8.81 5.35885
8.82 5.35531
8.83 5.35179
8.84 5.34831
8.85 5.34486
8.86 5.34144
8.87 5.33805
8.88 5.3347
8.89 5.33137
8.9 5.32808
8.91 5.32481
8.92 5.32158
8.93 5.31838
8.94 5.3152
8.95 5.31205
8.96 5.30894
8.97 5.30585
8.98 5.30279
8.99 5.29976
9 5.29675
9.01 5.29378
9.02 5.29083
9.03 5.2879
9.04 5.28501
9.05 5.28214
9.06 5.2793
9.07 5.27648
9.08 5.27369
9.09 5.27092
9.1 5.26818
9.11 5.26547
9.12 5.26277
9.13 5.26011
9.14 5.25746
9.15 5.25485
9.16 5.25225
9.17 5.24968
9.18 5.24713
9.19 5.2446
9.2 5.2421
9.21 5.23962
9.22 5.23716
9.23 5.23472
9.24 5.23231
9.25 5.22992
9.26 5.22754
9.27 5.22519
9.28 5.22286
9.29 5.22055
9.3 5.21826
9.31 5.21599
9.32 5.21374
9.33 5.21151
9.34 5.2093
9.35 5.20711
9.36 5.20493
9.37 5.20278
9.38 5.20064
9.39 5.19853
9.4 5.19643
9.41 5.19435
9.42 5.19228
9.43 5.19024
9.44 5.18821
9.45 5.1862
9.46 5.1842
9.47 5.18222
9.48 5.18026
9.49 5.17832
9.5 5.17639
9.51 5.17447
9.52 5.17258
9.53 5.17069
9.54 5.16883
9.55 5.16697
9.56 5.16514
9.57 5.16332
9.58 5.16151
9.59 5.15972
9.6 5.15794
9.61 5.15617
9.62 5.15442
9.63 5.15269
9.64 5.15096
9.65 5.14925
9.66 5.14756
9.67 5.14587
9.68 5.1442
9.69 5.14255
9.7 5.1409
9.71 5.13927
9.72 5.13765
9.73 5.13604
9.74 5.13445
9.75 5.13286
9.76 5.13129
9.77 5.12973
9.78 5.12818
9.79 5.12664
9.8 5.12512
9.81 5.1236
9.82 5.1221
9.83 5.1206
9.84 5.11912
9.85 5.11765
9.86 5.11619
9.87 5.11473
9.88 5.11329
9.89 5.11186
9.9 5.11044
9.91 5.10903
9.92 5.10762
9.93 5.10623
9.94 5.10485
9.95 5.10347
9.96 5.10211
9.97 5.10075
9.98 5.09941
9.99 5.09807
10 5.09674
10.001 5
