0 5
0.01 4.35411
0.02 4.35481
0.03 4.35552
0.04 4.35624
0.05 4.35696
0.06 4.35768
0.07 4.35841
0.08 4.35915
0.09 4.35989
0.1 4.36064
0.11 4.36139
0.12 4.36215
0.13 4.36291
0.14 4.36368
0.15 4.36446
0.16 4.36524
0.17 4.36603
0.18 4.36682
0.19 4.36762
0.2 4.36843
0.21 4.36924
0.22 4.37006
0.23 4.37089
0.24 4.37173
0.25 4.37257
0.26 4.37342
0.27 4.37427
0.28 4.37514
0.29 4.37601
0.3 4.37689
0.31 4.37778
0.32 4.37867
0.33 4.37958
0.34 4.38049
0.35 4.38141
0.36 4.38234
0.37 4.38328
0.38 4.38423
0.39 4.38519
0.4 4.38616
0.41 4.38713
0.42 4.38812
0.43 4.38912
0.44 4.39013
0.45 4.39114
0.46 4.39217
0.47 4.39321
0.48 4.39426
0.49 4.39533
0.5 4.3964
0.51 4.39749
0.52 4.39858
0.53 4.39969
0.54 4.40081
0.55 4.40195
0.56 4.4031
0.57 4.40426
0.58 4.40543
0.59 4.40662
0.6 4.40782
0.61 4.40904
0.62 4.41027
0.63 4.41151
0.64 4.41277
0.65 4.41404
0.66 4.41533
0.67 4.41664
0.68 4.41796
0.69 4.41929
0.7 4.42065
0.71 4.42202
0.72 4.4234
0.73 4.42481
0.74 4.42623
0.75 4.42767
0.76 4.42912
0.77 4.4306
0.78 4.43209
0.79 4.4336
0.8 4.43513
0.81 4.43668
0.82 4.43825
0.83 4.43983
0.84 4.44144
0.85 4.44307
0.86 4.44472
0.87 4.44638
0.88 4.44807
0.89 4.44978
0.9 4.45151
0.91 4.45327
0.92 4.45504
0.93 4.45684
0.94 4.45866
0.95 4.4605
0.96 4.46236
0.97 4.46425
0.98 4.46615
0.99 4.46809
1 4.47004
1.01 4.47202
1.02 4.47402
1.03 4.47605
1.04 4.4781
1.05 4.48017
1.06 4.48227
1.07 4.48439
1.08 4.48654
1.09 4.48871
1.1 4.49091
1.11 4.49313
1.12 4.49538
1.13 4.49765
1.14 4.49995
1.15 4.50227
1.16 4.50462
1.17 4.507
1.18 4.5094
1.19 4.51183
1.2 4.51428
1.21 4.51676
1.22 4.51927
1.23 4.5218
1.24 4.52436
1.25 4.52695
1.26 4.52956
1.27 4.5322
1.28 4.53487
1.29 4.53757
1.3 4.54029
1.31 4.54304
1.32 4.54582
1.33 4.54862
1.34 4.55146
1.35 4.55432
1.36 4.55721
1.37 4.56013
1.38 4.56307
1.39 4.56605
1.4 4.56906
1.41 4.57209
1.42 4.57515
1.43 4.57824
1.44 4.58137
1.45 4.58452
1.46 4.5877
1.47 4.59091
1.48 4.59416
1.49 4.59743
1.5 4.60074
1.51 4.60407
1.52 4.60744
1.53 4.61084
1.54 4.61428
1.55 4.61774
1.56 4.62124
1.57 4.62478
1.58 4.62834
1.59 4.63195
1.6 4.63558
1.61 4.63926
1.62 4.64296
1.63 4.64671
1.64 4.65049
1.65 4.65431
1.66 4.65816
1.67 4.66206
1.68 4.66599
1.69 4.66997
1.7 4.67398
1.71 4.67804
1.72 4.68213
1.73 4.68627
1.74 4.69045
1.75 4.69468
1.76 4.69894
1.77 4.70326
1.78 4.70762
1.79 4.71202
1.8 4.71647
1.81 4.72097
1.82 4.72552
1.83 4.73011
1.84 4.73476
1.85 4.73946
1.86 4.7442
1.87 4.749
1.88 4.75385
1.89 4.75876
1.9 4.76371
1.91 4.76873
1.92 4.77379
1.93 4.77892
1.94 4.7841
1.95 4.78933
1.96 4.79463
1.97 4.79998
1.98 4.80539
1.99 4.81086
2 4.81639
2.01 4.82198
2.02 4.82763
2.03 4.83334
2.04 4.83911
2.05 4.84494
2.06 4.85084
2.07 4.85679
2.08 4.86281
2.09 4.86889
2.1 4.87503
2.11 4.88123
2.12 4.88749
2.13 4.89382
2.14 4.9002
2.15 4.90665
2.16 4.91315
2.17 4.91972
2.18 4.92634
2.19 4.93302
2.2 4.93976
2.21 4.94656
2.22 4.95341
2.23 4.96032
2.24 4.96728
2.25 4.97429
2.26 4.98136
2.27 4.98847
2.28 4.99563
2.29 5.00284
2.3 5.0101
2.31 5.0174
2.32 5.02474
2.33 5.03212
2.34 5.03954
2.35 5.047
2.36 5.05449
2.37 5.06202
2.38 5.06957
2.39 5.07716
2.4 5.08477
2.41 5.0924
2.42 5.10005
2.43 5.10772
2.44 5.11541
2.45 5.12312
2.46 5.13083
2.47 5.13856
2.48 5.14629
2.49 5.15402
2.5 5.16176
2.51 5.16949
2.52 5.17722
2.53 5.18495
2.54 5.19267
2.55 5.20037
2.56 5.20806
2.57 5.21574
2.58 5.22339
2.59 5.23103
2.6 5.23864
2.61 5.24623
2.62 5.25379
2.63 5.26132
2.64 5.26881
2.65 5.27628
2.66 5.2837
2.67 5.29109
2.68 5.29844
2.69 5.30574
2.7 5.313
2.71 5.32022
2.72 5.32739
2.73 5.33451
2.74 5.34158
2.75 5.3486
2.76 5.35557
2.77 5.36248
2.78 5.36934
2.79 5.37614
2.8 5.38288
2.81 5.38957
2.82 5.39619
2.83 5.40276
2.84 5.40927
2.85 5.41571
2.86 5.42209
2.87 5.42842
2.88 5.43468
2.89 5.44087
2.9 5.447
2.91 5.45307
2.92 5.45908
2.93 5.46502
2.94 5.4709
2.95 5.47672
2.96 5.48247
2.97 5.48815
2.98 5.49378
2.99 5.49934
3 5.50483
3.01 5.51027
3.02 5.51564
3.03 5.52095
3.04 5.52619
3.05 5.53138
3.06 5.5365
3.07 5.54157
3.08 5.54657
3.09 5.55151
3.1 5.5564
3.11 5.56122
3.12 5.56599
3.13 5.5707
3.14 5.57535
3.15 5.57995
3.16 5.58449
3.17 5.58897
3.18 5.5934
3.19 5.59778
3.2 5.6021
3.21 5.60637
3.22 5.61059
3.23 5.61476
3.24 5.61888
3.25 5.62294
3.26 5.62696
3.27 5.63093
3.28 5.63485
3.29 5.63872
3.3 5.64255
3.31 5.64633
3.32 5.65007
3.33 5.65376
3.34 5.65741
3.35 5.66101
3.36 5.66457
3.37 5.66809
3.38 5.67157
3.39 5.67501
3.4 5.67841
3.41 5.68177
3.42 5.68509
3.43 5.68837
3.44 5.69161
3.45 5.69482
3.46 5.69799
3.47 5.70113
3.48 5.70423
3.49 5.7073
3.5 5.71033
3.51 5.71333
3.52 5.71629
3.53 5.71923
3.54 5.72213
3.55 5.725
3.56 5.72784
3.57 5.73065
3.58 5.73343
3.59 5.73618
3.6 5.7389
3.61 5.7416
3.62 5.74427
3.63 5.74691
3.64 5.74952
3.65 5.75211
3.66 5.75467
3.67 5.7572
3.68 5.75971
3.69 5.7622
3.7 5.76466
3.71 5.7671
3.72 5.76952
3.73 5.77191
3.74 5.77428
3.75 5.77663
3.76 5.77896
3.77 5.78126
3.78 5.78355
3.79 5.78581
3.8 5.78805
3.81 5.79028
3.82 5.79248
3.83 5.79467
3.84 5.79684
3.85 5.79899
3.86 5.80112
3.87 5.80323
3.88 5.80532
3.89 5.8074
3.9 5.80946
3.91 5.81151
3.92 5.81354
3.93 5.81555
3.94 5.81755
3.95 5.81953
3.96 5.8215
3.97 5.82345
3.98 5.82539
3.99 5.82731
4 5.82922
4.01 5.83112
4.02 5.833
4.03 5.83487
4.04 5.83672
4.05 5.83857
4.06 5.8404
4.07 5.84221
4.08 5.84402
4.09 5.84581
4.1 5.8476
4.11 5.84937
4.12 5.85113
4.13 5.85288
4.14 5.85461
4.15 5.85634
4.16 5.85806
4.17 5.85976
4.18 5.86146
4.19 5.86315
4.2 5.86482
4.21 5.86649
4.22 5.86815
4.23 5.8698
4.24 5.87144
4.25 5.87307
4.26 5.87469
4.27 5.8763
4.28 5.87791
4.29 5.87951
4.3 5.8811
4.31 5.88268
4.32 5.88425
4.33 5.88582
4.34 5.88738
4.35 5.88893
4.36 5.89047
4.37 5.89201
4.38 5.89354
4.39 5.89507
4.4 5.89658
4.41 5.8981
4.42 5.8996
4.43 5.9011
4.44 5.90259
4.45 5.90408
4.46 5.90556
4.47 5.90703
4.48 5.9085
4.49 5.90997
4.5 5.91142
4.51 5.91288
4.52 5.91433
4.53 5.91577
4.54 5.91721
4.55 5.91864
4.56 5.92007
4.57 5.92149
4.58 5.92291
4.59 5.92432
4.6 5.92573
4.61 5.92714
4.62 5.92854
4.63 5.92994
4.64 5.93133
4.65 5.93272
4.66 5.93411
4.67 5.93549
4.68 5.93687
4.69 5.93825
4.7 5.93962
4.71 5.94099
4.72 5.94235
4.73 5.94371
4.74 5.94507
4.75 5.94643
4.76 5.94778
4.77 5.94913
4.78 5.95047
4.79 5.95182
4.8 5.95316
4.81 5.9545
4.82 5.95583
4.83 5.95716
4.84 5.95849
4.85 5.95982
4.86 5.96115
4.87 5.96247
4.88 5.96379
4.89 5.96511
4.9 5.96643
4.91 5.96774
4.92 5.96905
4.93 5.97037
4.94 5.97167
4.95 5.97298
4.96 5.97429
4.97 5.97559
4.98 5.97689
4.99 5.97819
5 5.97949
5.01 5.98079
5.02 5.98208
5.03 5.98338
5.04 5.98467
5.05 5.98596
5.06 5.98725
5.07 5.98854
5.08 5.98983
5.09 5.99111
5.1 5.9924
5.11 5.99368
5.12 5.99497
5.13 5.99625
5.14 5.99753
5.15 5.99881
5.16 6.00009
5.17 6.00137
5.18 6.00265
5.19 6.00393
5.2 6.0052
5.21 6.00648
5.22 6.00775
5.23 6.00903
5.24 6.0103
5.25 6.01158
5.26 6.01285
5.27 6.01412
5.28 6.0154
5.29 6.01667
5.3 6.01794
5.31 6.01921
5.32 6.02048
5.33 6.02175
5.34 6.02303
5.35 6.0243
5.36 6.02557
5.37 6.02684
5.38 6.02811
5.39 6.02938
5.4 6.03065
5.41 6.03192
5.42 6.03319
5.43 6.03446
5.44 6.03574
5.45 6.03701
5.46 6.03828
5.47 6.03955
5.48 6.04082
5.49 6.0421
5.5 6.04337
5.51 6.04464
5.52 6.04592
5.53 6.04719
5.54 6.04847
5.55 6.04974
5.56 6.05102
5.57 6.0523
5.58 6.05358
5.59 6.05486
5.6 6.05613
5.61 6.05742
5.62 6.0587
5.63 6.05998
5.64 6.06126
5.65 6.06255
5.66 6.06383
5.67 6.06512
5.68 6.06641
5.69 6.06769
5.7 6.06898
5.71 6.07028
5.72 6.07157
5.73 6.07286
5.74 6.07416
5.75 6.07545
5.76 6.07675
5.77 6.07805
5.78 6.07935
5.79 6.08066
5.8 6.08196
5.81 6.08327
5.82 6.08457
5.83 6.08588
5.84 6.0872
5.85 6.08851
5.86 6.08983
5.87 6.09114
5.88 6.09246
5.89 6.09379
5.9 6.09511
5.91 6.09644
5.92 6.09777
5.93 6.0991
5.94 6.10043
5.95 6.10177
5.96 6.10311
5.97 6.10445
5.98 6.10579
5.99 6.10714
6 6.10849
6.01 6.10985
6.02 6.1112
6.03 6.11256
6.04 6.11392
6.05 6.11529
6.06 6.11666
6.07 6.11803
6.08 6.1194
6.09 6.12078
6.1 6.12216
6.11 6.12355
6.12 6.12494
6.13 6.12633
6.14 6.12773
6.15 6.12913
6.16 6.13053
6.17 6.13194
6.18 6.13335
6.19 6.13477
6.2 6.13619
6.21 6.13761
6.22 6.13904
6.23 6.14047
6.24 6.14191
6.25 6.14335
6.26 6.1448
6.27 6.14625
6.28 6.1477
6.29 6.14916
6.3 6.15063
6.31 6.1521
6.32 6.15357
6.33 6.15505
6.34 6.15653
6.35 6.15802
6.36 6.15952
6.37 6.16101
6.38 6.16252
6.39 6.16403
6.4 6.16554
6.41 6.16706
6.42 6.16858
6.43 6.17011
6.44 6.17164
6.45 6.17318
6.46 6.17472
6.47 6.17627
6.48 6.17782
6.49 6.17938
6.5 6.18094
6.51 6.18251
6.52 6.18408
6.53 6.18566
6.54 6.18724
6.55 6.18883
6.56 6.19042
6.57 6.19201
6.58 6.19361
6.59 6.19522
6.6 6.19683
6.61 6.19844
6.62 6.20005
6.63 6.20167
6.64 6.20329
6.65 6.20492
6.66 6.20655
6.67 6.20818
6.68 6.20981
6.69 6.21145
6.7 6.21309
6.71 6.21473
6.72 6.21637
6.73 6.21801
6.74 6.21966
6.75 6.2213
6.76 6.22295
6.77 6.22459
6.78 6.22623
6.79 6.22788
6.8 6.22952
6.81 6.23116
6.82 6.2328
6.83 6.23443
6.84 6.23606
6.85 6.23769
6.86 6.23931
6.87 6.24093
6.88 6.24255
6.89 6.24415
6.9 6.24575
6.91 6.24734
6.92 6.24893
6.93 6.2505
6.94 6.25206
6.95 6.25362
6.96 6.25516
6.97 6.25669
6.98 6.25821
6.99 6.25971
7 6.26119
7.01 6.26267
7.02 6.26412
7.03 6.26555
7.04 6.26697
7.05 6.26837
7.06 6.26974
7.07 6.27109
7.08 6.27242
7.09 6.27372
7.1 6.275
7.11 6.27625
7.12 6.27747
7.13 6.27866
7.14 6.27982
7.15 6.28094
7.16 6.28204
7.17 6.28309
7.18 6.28411
7.19 6.28509
7.2 6.28603
7.21 6.28692
7.22 6.28777
7.23 6.28858
7.24 6.28934
7.25 6.29005
7.26 6.29072
7.27 6.29132
7.28 6.29188
7.29 6.29238
7.3 6.29282
7.31 6.29321
7.32 6.29353
7.33 6.29379
7.34 6.29399
7.35 6.29412
7.36 6.29418
7.37 6.29417
7.38 6.29409
7.39 6.29394
7.4 6.29371
7.41 6.29341
7.42 6.29303
7.43 6.29256
7.44 6.29201
7.45 6.29138
7.46 6.29067
7.47 6.28986
7.48 6.28897
7.49 6.28798
7.5 6.2869
7.51 6.28573
7.52 6.28447
7.53 6.2831
7.54 6.28164
7.55 6.28007
7.56 6.27841
7.57 6.27664
7.58 6.27477
7.59 6.27279
7.6 6.27071
7.61 6.26852
7.62 6.26622
7.63 6.26381
7.64 6.26129
7.65 6.25867
7.66 6.25592
7.67 6.25307
7.68 6.25011
7.69 6.24703
7.7 6.24384
7.71 6.24053
7.72 6.23711
7.73 6.23358
7.74 6.22993
7.75 6.22617
7.76 6.2223
7.77 6.21831
7.78 6.21421
7.79 6.21
7.8 6.20567
7.81 6.20124
7.82 6.19669
7.83 6.19204
7.84 6.18728
7.85 6.18241
7.86 6.17744
7.87 6.17237
7.88 6.16719
7.89 6.16191
7.9 6.15653
7.91 6.15105
7.92 6.14548
7.93 6.13981
7.94 6.13405
7.95 6.1282
7.96 6.12226
7.97 6.11624
7.98 6.11013
7.99 6.10395
8 6.09768
8.01 6.09134
8.02 6.08492
8.03 6.07843
8.04 6.07188
8.05 6.06525
8.06 6.05856
8.07 6.05182
8.08 6.04501
8.09 6.03815
8.1 6.03123
8.11 6.02426
8.12 6.01725
8.13 6.01019
8.14 6.00309
8.15 5.99595
8.16 5.98877
8.17 5.98156
8.18 5.97432
8.19 5.96704
8.2 5.95975
8.21 5.95242
8.22 5.94508
8.23 5.93772
8.24 5.93034
8.25 5.92294
8.26 5.91554
8.27 5.90812
8.28 5.9007
8.29 5.89328
8.3 5.88585
8.31 5.87842
8.32 5.87099
8.33 5.86357
8.34 5.85615
8.35 5.84874
8.36 5.84133
8.37 5.83394
8.38 5.82657
8.39 5.8192
8.4 5.81186
8.41 5.80453
8.42 5.79722
8.43 5.78993
8.44 5.78266
8.45 5.77542
8.46 5.7682
8.47 5.76101
8.48 5.75385
8.49 5.74671
8.5 5.7396
8.51 5.73253
8.52 5.72548
8.53 5.71847
8.54 5.71149
8.55 5.70455
8.56 5.69764
8.57 5.69076
8.58 5.68393
8.59 5.67713
8.6 5.67036
8.61 5.66364
8.62 5.65696
8.63 5.65031
8.64 5.6437
8.65 5.63714
8.66 5.63062
8.67 5.62413
8.68 5.61769
8.69 5.61129
8.7 5.60493
8.71 5.59862
8.72 5.59235
8.73 5.58612
8.74 5.57993
8.75 5.57379
8.76 5.56769
8.77 5.56163
8.78 5.55562
8.79 5.54965
8.8 5.54372
8.81 5.53784
8.82 5.532
8.83 5.52621
8.84 5.52046
8.85 5.51475
8.86 5.50909
8.87 5.50347
8.88 5.49789
8.89 5.49236
8.9 5.48687
8.91 5.48143
8.92 5.47602
8.93 5.47067
8.94 5.46535
8.95 5.46007
8.96 5.45484
8.97 5.44965
8.98 5.44451
8.99 5.4394
9 5.43434
9.01 5.42932
9.02 5.42434
9.03 5.4194
9.04 5.4145
9.05 5.40965
9.06 5.40483
9.07 5.40005
9.08 5.39532
9.09 5.39062
9.1 5.38597
9.11 5.38135
9.12 5.37677
9.13 5.37223
9.14 5.36774
9.15 5.36327
9.16 5.35885
9.17 5.35447
9.18 5.35012
9.19 5.34581
9.2 5.34153
9.21 5.3373
9.22 5.3331
9.23 5.32894
9.24 5.32481
9.25 5.32072
9.26 5.31666
9.27 5.31264
9.28 5.30866
9.29 5.3047
9.3 5.30079
9.31 5.29691
9.32 5.29306
9.33 5.28924
9.34 5.28546
9.35 5.28171
9.36 5.278
9.37 5.27431
9.38 5.27066
9.39 5.26704
9.4 5.26346
9.41 5.2599
9.42 5.25637
9.43 5.25288
9.44 5.24942
9.45 5.24599
9.46 5.24258
9.47 5.23921
9.48 5.23587
9.49 5.23255
9.5 5.22927
9.51 5.22601
9.52 5.22278
9.53 5.21958
9.54 5.21641
9.55 5.21327
9.56 5.21015
9.57 5.20706
9.58 5.204
9.59 5.20097
9.6 5.19796
9.61 5.19497
9.62 5.19202
9.63 5.18909
9.64 5.18618
9.65 5.1833
9.66 5.18044
9.67 5.17761
9.68 5.17481
9.69 5.17203
9.7 5.16927
9.71 5.16653
9.72 5.16382
9.73 5.16114
9.74 5.15847
9.75 5.15583
9.76 5.15321
9.77 5.15061
9.78 5.14804
9.79 5.14549
9.8 5.14296
9.81 5.14045
9.82 5.13796
9.83 5.13549
9.84 5.13305
9.85 5.13062
9.86 5.12822
9.87 5.12583
9.88 5.12347
9.89 5.12112
9.9 5.1188
9.91 5.11649
9.92 5.11421
9.93 5.11194
9.94 5.10969
9.95 5.10746
9.96 5.10525
9.97 5.10305
9.98 5.10088
9.99 5.09872
10 5.09658
10.001 5
