0 0
0.01 0.408216
0.02 0.406399
0.03 0.404571
0.04 0.402731
0.05 0.400881
0.06 0.399018
0.07 0.397145
0.08 0.39526
0.09 0.393363
0.1 0.391455
0.11 0.389535
0.12 0.387603
0.13 0.38566
0.14 0.383705
0.15 0.381738
0.16 0.37976
0.17 0.37777
0.18 0.375767
0.19 0.373753
0.2 0.371727
0.21 0.369689
0.22 0.36764
0.23 0.365578
0.24 0.363504
0.25 0.361418
0.26 0.359321
0.27 0.357211
0.28 0.355089
0.29 0.352955
0.3 0.35081
0.31 0.348652
0.32 0.346482
0.33 0.344301
0.34 0.342107
0.35 0.339902
0.36 0.337684
0.37 0.335455
0.38 0.333214
0.39 0.330961
0.4 0.328697
0.41 0.32642
0.42 0.324132
0.43 0.321832
0.44 0.319521
0.45 0.317199
0.46 0.314864
0.47 0.312519
0.48 0.310162
0.49 0.307794
0.5 0.305415
0.51 0.303025
0.52 0.300624
0.53 0.298212
0.54 0.29579
0.55 0.293357
0.56 0.290913
0.57 0.288459
0.58 0.285996
0.59 0.283522
0.6 0.281038
0.61 0.278544
0.62 0.276041
0.63 0.273529
0.64 0.271008
0.65 0.268477
0.66 0.265938
0.67 0.26339
0.68 0.260834
0.69 0.25827
0.7 0.255698
0.71 0.253118
0.72 0.250531
0.73 0.247937
0.74 0.245336
0.75 0.242729
0.76 0.240115
0.77 0.237496
0.78 0.234871
0.79 0.232241
0.8 0.229605
0.81 0.226966
0.82 0.224321
0.83 0.221674
0.84 0.219022
0.85 0.216368
0.86 0.213711
0.87 0.211052
0.88 0.208391
0.89 0.205729
0.9 0.203066
0.91 0.200402
0.92 0.197739
0.93 0.195076
0.94 0.192414
0.95 0.189754
0.96 0.187096
0.97 0.18444
0.98 0.181788
0.99 0.17914
1 0.176496
1.01 0.173857
1.02 0.171224
1.03 0.168596
1.04 0.165976
1.05 0.163363
1.06 0.160759
1.07 0.158163
1.08 0.155577
1.09 0.153001
1.1 0.150436
1.11 0.147883
1.12 0.145342
1.13 0.142814
1.14 0.1403
1.15 0.137801
1.16 0.135317
1.17 0.132849
1.18 0.130399
1.19 0.127966
1.2 0.125552
1.21 0.123158
1.22 0.120783
1.23 0.11843
1.24 0.116099
1.25 0.113791
1.26 0.111507
1.27 0.109247
1.28 0.107013
1.29 0.104805
1.3 0.102625
1.31 0.100473
1.32 0.0983498
1.33 0.0962568
1.34 0.0941949
1.35 0.0921649
1.36 0.0901676
1.37 0.0882042
1.38 0.0862755
1.39 0.0843823
1.4 0.0825258
1.41 0.0807067
1.42 0.0789261
1.43 0.0771849
1.44 0.0754839
1.45 0.0738242
1.46 0.0722066
1.47 0.0706322
1.48 0.0691017
1.49 0.0676162
1.5 0.0661765
1.51 0.0647836
1.52 0.0634384
1.53 0.0621417
1.54 0.0608944
1.55 0.0596974
1.56 0.0585516
1.57 0.0574579
1.58 0.0564171
1.59 0.05543
1.6 0.0544975
1.61 0.0536203
1.62 0.0527993
1.63 0.0520353
1.64 0.051329
1.65 0.0506812
1.66 0.0500926
1.67 0.0495639
1.68 0.049096
1.69 0.0486893
1.7 0.0483446
1.71 0.0480626
1.72 0.0478439
1.73 0.047689
1.74 0.0475985
1.75 0.047573
1.76 0.047613
1.77 0.047719
1.78 0.0478915
1.79 0.0481309
1.8 0.0484376
1.81 0.0488121
1.82 0.0492546
1.83 0.0497654
1.84 0.050345
1.85 0.0509934
1.86 0.0517109
1.87 0.0524978
1.88 0.0533541
1.89 0.0542799
1.9 0.0552753
1.91 0.0563404
1.92 0.057475
1.93 0.0586792
1.94 0.0599528
1.95 0.0612957
1.96 0.0627077
1.97 0.0641886
1.98 0.065738
1.99 0.0673556
2 0.0690411
2.01 0.070794
2.02 0.0726138
2.03 0.0745001
2.04 0.0764522
2.05 0.0784695
2.06 0.0805514
2.07 0.082697
2.08 0.0849058
2.09 0.0871767
2.1 0.089509
2.11 0.0919017
2.12 0.0943539
2.13 0.0968646
2.14 0.0994327
2.15 0.102057
2.16 0.104737
2.17 0.10747
2.18 0.110256
2.19 0.113094
2.2 0.115982
2.21 0.118918
2.22 0.121902
2.23 0.124932
2.24 0.128007
2.25 0.131125
2.26 0.134284
2.27 0.137483
2.28 0.140721
2.29 0.143996
2.3 0.147307
2.31 0.150651
2.32 0.154028
2.33 0.157435
2.34 0.160872
2.35 0.164336
2.36 0.167826
2.37 0.17134
2.38 0.174878
2.39 0.178436
2.4 0.182014
2.41 0.185611
2.42 0.189224
2.43 0.192853
2.44 0.196495
2.45 0.20015
2.46 0.203815
2.47 0.207491
2.48 0.211175
2.49 0.214866
2.5 0.218563
2.51 0.222265
2.52 0.22597
2.53 0.229678
2.54 0.233387
2.55 0.237097
2.56 0.240806
2.57 0.244514
2.58 0.24822
2.59 0.251922
2.6 0.255621
2.61 0.259316
2.62 0.263005
2.63 0.266689
2.64 0.270366
2.65 0.274037
2.66 0.2777
2.67 0.281356
2.68 0.285004
2.69 0.288643
2.7 0.292274
2.71 0.295896
2.72 0.299508
2.73 0.303112
2.74 0.306706
2.75 0.310291
2.76 0.313867
2.77 0.317432
2.78 0.320989
2.79 0.324535
2.8 0.328073
2.81 0.331601
2.82 0.33512
2.83 0.338629
2.84 0.34213
2.85 0.345622
2.86 0.349105
2.87 0.35258
2.88 0.356046
2.89 0.359505
2.9 0.362955
2.91 0.366398
2.92 0.369834
2.93 0.373263
2.94 0.376685
2.95 0.3801
2.96 0.383509
2.97 0.386912
2.98 0.39031
2.99 0.393702
3 0.397088
3.01 0.40047
3.02 0.403847
3.03 0.407219
3.04 0.410588
3.05 0.413952
3.06 0.417313
3.07 0.42067
3.08 0.424024
3.09 0.427375
3.1 0.430724
3.11 0.434069
3.12 0.437413
3.13 0.440754
3.14 0.444094
3.15 0.447431
3.16 0.450767
3.17 0.454102
3.18 0.457435
3.19 0.460768
3.2 0.464099
3.21 0.46743
3.22 0.47076
3.23 0.47409
3.24 0.47742
3.25 0.480749
3.26 0.484078
3.27 0.487407
3.28 0.490736
3.29 0.494066
3.3 0.497395
3.31 0.500725
3.32 0.504056
3.33 0.507387
3.34 0.510719
3.35 0.514051
3.36 0.517385
3.37 0.520719
3.38 0.524054
3.39 0.52739
3.4 0.530727
3.41 0.534065
3.42 0.537404
3.43 0.540745
3.44 0.544086
3.45 0.547429
3.46 0.550773
3.47 0.554119
3.48 0.557465
3.49 0.560814
3.5 0.564163
3.51 0.567515
3.52 0.570867
3.53 0.574222
3.54 0.577577
3.55 0.580935
3.56 0.584294
3.57 0.587655
3.58 0.591018
3.59 0.594382
3.6 0.597748
3.61 0.601117
3.62 0.604487
3.63 0.607859
3.64 0.611233
3.65 0.614609
3.66 0.617987
3.67 0.621367
3.68 0.624749
3.69 0.628134
3.7 0.63152
3.71 0.63491
3.72 0.638301
3.73 0.641695
3.74 0.645091
3.75 0.64849
3.76 0.651892
3.77 0.655296
3.78 0.658703
3.79 0.662113
3.8 0.665525
3.81 0.668941
3.82 0.672359
3.83 0.675781
3.84 0.679205
3.85 0.682633
3.86 0.686064
3.87 0.689499
3.88 0.692936
3.89 0.696378
3.9 0.699823
3.91 0.703271
3.92 0.706724
3.93 0.71018
3.94 0.71364
3.95 0.717105
3.96 0.720573
3.97 0.724046
3.98 0.727522
3.99 0.731004
4 0.73449
4.01 0.73798
4.02 0.741475
4.03 0.744975
4.04 0.74848
4.05 0.751989
4.06 0.755504
4.07 0.759024
4.08 0.76255
4.09 0.76608
4.1 0.769617
4.11 0.773159
4.12 0.776706
4.13 0.78026
4.14 0.783819
4.15 0.787385
4.16 0.790956
4.17 0.794534
4.18 0.798119
4.19 0.80171
4.2 0.805307
4.21 0.808912
4.22 0.812523
4.23 0.816141
4.24 0.819766
4.25 0.823398
4.26 0.827038
4.27 0.830685
4.28 0.83434
4.29 0.838002
4.3 0.841672
4.31 0.84535
4.32 0.849036
4.33 0.85273
4.34 0.856433
4.35 0.860143
4.36 0.863862
4.37 0.86759
4.38 0.871327
4.39 0.875072
4.4 0.878826
4.41 0.882589
4.42 0.886361
4.43 0.890143
4.44 0.893934
4.45 0.897734
4.46 0.901544
4.47 0.905364
4.48 0.909193
4.49 0.913033
4.5 0.916882
4.51 0.920742
4.52 0.924612
4.53 0.928492
4.54 0.932382
4.55 0.936283
4.56 0.940195
4.57 0.944118
4.58 0.948051
4.59 0.951996
4.6 0.955951
4.61 0.959918
4.62 0.963895
4.63 0.967885
4.64 0.971885
4.65 0.975897
4.66 0.979921
4.67 0.983956
4.68 0.988004
4.69 0.992063
4.7 0.996134
4.71 1.00022
4.72 1.00431
4.73 1.00842
4.74 1.01254
4.75 1.01667
4.76 1.02082
4.77 1.02497
4.78 1.02914
4.79 1.03333
4.8 1.03752
4.81 1.04173
4.82 1.04595
4.83 1.05018
4.84 1.05443
4.85 1.05869
4.86 1.06297
4.87 1.06725
4.88 1.07155
4.89 1.07586
4.9 1.08019
4.91 1.08453
4.92 1.08888
4.93 1.09325
4.94 1.09763
4.95 1.10202
4.96 1.10643
4.97 1.11085
4.98 1.11529
4.99 1.11974
5 1.1242
5.01 1.12868
5.02 1.13317
5.03 1.13767
5.04 1.14219
5.05 1.14672
5.06 1.15127
5.07 1.15583
5.08 1.1604
5.09 1.16499
5.1 1.16959
5.11 1.17421
5.12 1.17884
5.13 1.18348
5.14 1.18814
5.15 1.19281
5.16 1.1975
5.17 1.2022
5.18 1.20691
5.19 1.21164
5.2 1.21638
5.21 1.22114
5.22 1.22591
5.23 1.2307
5.24 1.2355
5.25 1.24031
5.26 1.24514
5.27 1.24998
5.28 1.25483
5.29 1.2597
5.3 1.26458
5.31 1.26948
5.32 1.27439
5.33 1.27932
5.34 1.28426
5.35 1.28921
5.36 1.29417
5.37 1.29915
5.38 1.30415
5.39 1.30916
5.4 1.31418
5.41 1.31921
5.42 1.32426
5.43 1.32932
5.44 1.3344
5.45 1.33949
5.46 1.34459
5.47 1.34971
5.48 1.35484
5.49 1.35998
5.5 1.36514
5.51 1.37031
5.52 1.37549
5.53 1.38069
5.54 1.3859
5.55 1.39112
5.56 1.39636
5.57 1.40161
5.58 1.40687
5.59 1.41215
5.6 1.41744
5.61 1.42274
5.62 1.42806
5.63 1.43339
5.64 1.43873
5.65 1.44409
5.66 1.44946
5.67 1.45484
5.68 1.46024
5.69 1.46565
5.7 1.47107
5.71 1.4765
5.72 1.48195
5.73 1.48741
5.74 1.49289
5.75 1.49838
5.76 1.50388
5.77 1.50939
5.78 1.51492
5.79 1.52046
5.8 1.52602
5.81 1.53159
5.82 1.53717
5.83 1.54277
5.84 1.54838
5.85 1.554
5.86 1.55964
5.87 1.5653
5.88 1.57096
5.89 1.57664
5.9 1.58234
5.91 1.58805
5.92 1.59377
5.93 1.59951
5.94 1.60527
5.95 1.61104
5.96 1.61682
5.97 1.62263
5.98 1.62844
5.99 1.63427
6 1.64012
6.01 1.64599
6.02 1.65187
6.03 1.65777
6.04 1.66368
6.05 1.66962
6.06 1.67557
6.07 1.68153
6.08 1.68752
6.09 1.69352
6.1 1.69954
6.11 1.70559
6.12 1.71165
6.13 1.71773
6.14 1.72383
6.15 1.72995
6.16 1.73609
6.17 1.74225
6.18 1.74843
6.19 1.75464
6.2 1.76086
6.21 1.76711
6.22 1.77338
6.23 1.77968
6.24 1.786
6.25 1.79234
6.26 1.79871
6.27 1.80511
6.28 1.81152
6.29 1.81797
6.3 1.82444
6.31 1.83094
6.32 1.83747
6.33 1.84402
6.34 1.85061
6.35 1.85722
6.36 1.86386
6.37 1.87054
6.38 1.87724
6.39 1.88398
6.4 1.89074
6.41 1.89755
6.42 1.90438
6.43 1.91125
6.44 1.91815
6.45 1.92509
6.46 1.93206
6.47 1.93908
6.48 1.94612
6.49 1.95321
6.5 1.96034
6.51 1.9675
6.52 1.9747
6.53 1.98195
6.54 1.98923
6.55 1.99656
6.56 2.00393
6.57 2.01135
6.58 2.0188
6.59 2.02631
6.6 2.03385
6.61 2.04145
6.62 2.04909
6.63 2.05678
6.64 2.06451
6.65 2.0723
6.66 2.08013
6.67 2.08802
6.68 2.09595
6.69 2.10394
6.7 2.11198
6.71 2.12007
6.72 2.12822
6.73 2.13642
6.74 2.14467
6.75 2.15298
6.76 2.16135
6.77 2.16977
6.78 2.17825
6.79 2.18679
6.8 2.19538
6.81 2.20404
6.82 2.21275
6.83 2.22153
6.84 2.23036
6.85 2.23926
6.86 2.24821
6.87 2.25723
6.88 2.26631
6.89 2.27545
6.9 2.28466
6.91 2.29393
6.92 2.30326
6.93 2.31266
6.94 2.32212
6.95 2.33164
6.96 2.34123
6.97 2.35088
6.98 2.3606
6.99 2.37039
7 2.38024
7.01 2.39015
7.02 2.40013
7.03 2.41017
7.04 2.42028
7.05 2.43046
7.06 2.44069
7.07 2.451
7.08 2.46137
7.09 2.4718
7.1 2.4823
7.11 2.49286
7.12 2.50348
7.13 2.51417
7.14 2.52492
7.15 2.53573
7.16 2.54661
7.17 2.55754
7.18 2.56854
7.19 2.5796
7.2 2.59071
7.21 2.60189
7.22 2.61312
7.23 2.62441
7.24 2.63576
7.25 2.64716
7.26 2.65862
7.27 2.67013
7.28 2.68169
7.29 2.69331
7.3 2.70498
7.31 2.71669
7.32 2.72846
7.33 2.74028
7.34 2.75214
7.35 2.76404
7.36 2.77599
7.37 2.78799
7.38 2.80002
7.39 2.8121
7.4 2.82421
7.41 2.83637
7.42 2.84856
7.43 2.86078
7.44 2.87304
7.45 2.88533
7.46 2.89765
7.47 2.90999
7.48 2.92237
7.49 2.93477
7.5 2.9472
7.51 2.95964
7.52 2.97211
7.53 2.9846
7.54 2.9971
7.55 3.00962
7.56 3.02216
7.57 3.0347
7.58 3.04726
7.59 3.05983
7.6 3.0724
7.61 3.08498
7.62 3.09756
7.63 3.11014
7.64 3.12272
7.65 3.1353
7.66 3.14787
7.67 3.16044
7.68 3.173
7.69 3.18554
7.7 3.19808
7.71 3.2106
7.72 3.22311
7.73 3.2356
7.74 3.24807
7.75 3.26051
7.76 3.27293
7.77 3.28533
7.78 3.2977
7.79 3.31003
7.8 3.32234
7.81 3.33461
7.82 3.34684
7.83 3.35904
7.84 3.37119
7.85 3.38331
7.86 3.39538
7.87 3.4074
7.88 3.41937
7.89 3.43129
7.9 3.44316
7.91 3.45497
7.92 3.46673
7.93 3.47843
7.94 3.49007
7.95 3.50164
7.96 3.51315
7.97 3.5246
7.98 3.53597
7.99 3.54728
8 3.55851
8.01 3.56967
8.02 3.58075
8.03 3.59176
8.04 3.60268
8.05 3.61353
8.06 3.62429
8.07 3.63496
8.08 3.64555
8.09 3.65606
8.1 3.66647
8.11 3.67679
8.12 3.68702
8.13 3.69716
8.14 3.7072
8.15 3.71715
8.16 3.727
8.17 3.73675
8.18 3.7464
8.19 3.75595
8.2 3.7654
8.21 3.77475
8.22 3.78399
8.23 3.79313
8.24 3.80216
8.25 3.81109
8.26 3.81991
8.27 3.82863
8.28 3.83723
8.29 3.84573
8.3 3.85412
8.31 3.8624
8.32 3.87057
8.33 3.87863
8.34 3.88658
8.35 3.89443
8.36 3.90216
8.37 3.90978
8.38 3.91729
8.39 3.92469
8.4 3.93198
8.41 3.93916
8.42 3.94623
8.43 3.95319
8.44 3.96004
8.45 3.96679
8.46 3.97342
8.47 3.97995
8.48 3.98636
8.49 3.99267
8.5 3.99887
8.51 4.00497
8.52 4.01096
8.53 4.01684
8.54 4.02262
8.55 4.0283
8.56 4.03387
8.57 4.03934
8.58 4.04471
8.59 4.04997
8.6 4.05513
8.61 4.0602
8.62 4.06516
8.63 4.07003
8.64 4.0748
8.65 4.07947
8.66 4.08404
8.67 4.08852
8.68 4.09291
8.69 4.0972
8.7 4.1014
8.71 4.10551
8.72 4.10953
8.73 4.11345
8.74 4.11729
8.75 4.12104
8.76 4.1247
8.77 4.12828
8.78 4.13177
8.79 4.13518
8.8 4.1385
8.81 4.14174
8.82 4.14489
8.83 4.14797
8.84 4.15097
8.85 4.15388
8.86 4.15672
8.87 4.15948
8.88 4.16217
8.89 4.16478
8.9 4.16731
8.91 4.16977
8.92 4.17216
8.93 4.17447
8.94 4.17672
8.95 4.17889
8.96 4.18099
8.97 4.18303
8.98 4.18499
8.99 4.18689
9 4.18873
9.01 4.1905
9.02 4.1922
9.03 4.19384
9.04 4.19542
9.05 4.19693
9.06 4.19838
9.07 4.19978
9.08 4.20111
9.09 4.20238
9.1 4.2036
9.11 4.20475
9.12 4.20585
9.13 4.2069
9.14 4.20789
9.15 4.20882
9.16 4.2097
9.17 4.21053
9.18 4.2113
9.19 4.21202
9.2 4.21269
9.21 4.21331
9.22 4.21388
9.23 4.2144
9.24 4.21488
9.25 4.2153
9.26 4.21568
9.27 4.21601
9.28 4.21629
9.29 4.21653
9.3 4.21672
9.31 4.21687
9.32 4.21698
9.33 4.21704
9.34 4.21707
9.35 4.21704
9.36 4.21698
9.37 4.21688
9.38 4.21674
9.39 4.21655
9.4 4.21633
9.41 4.21607
9.42 4.21577
9.43 4.21544
9.44 4.21507
9.45 4.21466
9.46 4.21421
9.47 4.21373
9.48 4.21322
9.49 4.21267
9.5 4.21209
9.51 4.21147
9.52 4.21082
9.53 4.21014
9.54 4.20943
9.55 4.20868
9.56 4.20791
9.57 4.2071
9.58 4.20627
9.59 4.2054
9.6 4.20451
9.61 4.20358
9.62 4.20263
9.63 4.20165
9.64 4.20064
9.65 4.19961
9.66 4.19855
9.67 4.19746
9.68 4.19635
9.69 4.19521
9.7 4.19404
9.71 4.19286
9.72 4.19164
9.73 4.19041
9.74 4.18915
9.75 4.18787
9.76 4.18656
9.77 4.18523
9.78 4.18388
9.79 4.18251
9.8 4.18112
9.81 4.1797
9.82 4.17827
9.83 4.17681
9.84 4.17534
9.85 4.17384
9.86 4.17233
9.87 4.17079
9.88 4.16924
9.89 4.16767
9.9 4.16608
9.91 4.16448
9.92 4.16285
9.93 4.16121
9.94 4.15955
9.95 4.15788
9.96 4.15619
9.97 4.15448
9.98 4.15276
9.99 4.15102
10 4.14926
10.001 0
