0 -10
0.01 -8.79965
0.02 -8.79541
0.03 -8.79115
0.04 -8.78686
0.05 -8.78255
0.06 -8.77822
0.07 -8.77387
0.08 -8.76949
0.09 -8.76509
0.1 -8.76067
0.11 -8.75622
0.12 -8.75175
0.13 -8.74726
0.14 -8.74274
0.15 -8.7382
0.16 -8.73364
0.17 -8.72905
0.18 -8.72443
0.19 -8.7198
0.2 -8.71514
0.21 -8.71045
0.22 -8.70574
0.23 -8.70101
0.24 -8.69625
0.25 -8.69147
0.26 -8.68666
0.27 -8.68183
0.28 -8.67698
0.29 -8.6721
0.3 -8.66719
0.31 -8.66227
0.32 -8.65731
0.33 -8.65233
0.34 -8.64733
0.35 -8.6423
0.36 -8.63725
0.37 -8.63217
0.38 -8.62707
0.39 -8.62194
0.4 -8.61679
0.41 -8.61161
0.42 -8.60641
0.43 -8.60118
0.44 -8.59593
0.45 -8.59065
0.46 -8.58535
0.47 -8.58002
0.48 -8.57467
0.49 -8.56929
0.5 -8.56388
0.51 -8.55846
0.52 -8.553
0.53 -8.54752
0.54 -8.54201
0.55 -8.53648
0.56 -8.53093
0.57 -8.52534
0.58 -8.51973
0.59 -8.5141
0.6 -8.50844
0.61 -8.50276
0.62 -8.49705
0.63 -8.49131
0.64 -8.48555
0.65 -8.47976
0.66 -8.47395
0.67 -8.46811
0.68 -8.46224
0.69 -8.45635
0.7 -8.45043
0.71 -8.44449
0.72 -8.43852
0.73 -8.43252
0.74 -8.4265
0.75 -8.42046
0.76 -8.41438
0.77 -8.40828
0.78 -8.40216
0.79 -8.396
0.8 -8.38983
0.81 -8.38362
0.82 -8.37739
0.83 -8.37113
0.84 -8.36485
0.85 -8.35853
0.86 -8.3522
0.87 -8.34583
0.88 -8.33944
0.89 -8.33302
0.9 -8.32657
0.91 -8.3201
0.92 -8.3136
0.93 -8.30707
0.94 -8.30051
0.95 -8.29393
0.96 -8.28731
0.97 -8.28067
0.98 -8.274
0.99 -8.26731
1 -8.26058
1.01 -8.25383
1.02 -8.24704
1.03 -8.24023
1.04 -8.23339
1.05 -8.22652
1.06 -8.21961
1.07 -8.21268
1.08 -8.20572
1.09 -8.19872
1.1 -8.1917
1.11 -8.18464
1.12 -8.17755
1.13 -8.17043
1.14 -8.16328
1.15 -8.15609
1.16 -8.14887
1.17 -8.14162
1.18 -8.13433
1.19 -8.12701
1.2 -8.11965
1.21 -8.11226
1.22 -8.10483
1.23 -8.09736
1.24 -8.08986
1.25 -8.08231
1.26 -8.07473
1.27 -8.06711
1.28 -8.05945
1.29 -8.05175
1.3 -8.044
1.31 -8.03622
1.32 -8.02839
1.33 -8.02052
1.34 -8.0126
1.35 -8.00464
1.36 -7.99663
1.37 -7.98857
1.38 -7.98046
1.39 -7.97231
1.4 -7.9641
1.41 -7.95584
1.42 -7.94753
1.43 -7.93917
1.44 -7.93075
1.45 -7.92227
1.46 -7.91374
1.47 -7.90514
1.48 -7.89649
1.49 -7.88778
1.5 -7.879
1.51 -7.87016
1.52 -7.86125
1.53 -7.85228
1.54 -7.84324
1.55 -7.83413
1.56 -7.82494
1.57 -7.81569
1.58 -7.80636
1.59 -7.79695
1.6 -7.78747
1.61 -7.77791
1.62 -7.76826
1.63 -7.75854
1.64 -7.74873
1.65 -7.73883
1.66 -7.72885
1.67 -7.71878
1.68 -7.70862
1.69 -7.69836
1.7 -7.68801
1.71 -7.67757
1.72 -7.66702
1.73 -7.65638
1.74 -7.64564
1.75 -7.6348
1.76 -7.62385
1.77 -7.61279
1.78 -7.60163
1.79 -7.59036
1.8 -7.57898
1.81 -7.56749
1.82 -7.55589
1.83 -7.54417
1.84 -7.53233
1.85 -7.52038
1.86 -7.50832
1.87 -7.49613
1.88 -7.48382
1.89 -7.4714
1.9 -7.45885
1.91 -7.44618
1.92 -7.43339
1.93 -7.42047
1.94 -7.40743
1.95 -7.39426
1.96 -7.38098
1.97 -7.36756
1.98 -7.35403
1.99 -7.34037
2 -7.32658
2.01 -7.31268
2.02 -7.29865
2.03 -7.2845
2.04 -7.27023
2.05 -7.25584
2.06 -7.24133
2.07 -7.22671
2.08 -7.21197
2.09 -7.19712
2.1 -7.18216
2.11 -7.16709
2.12 -7.15191
2.13 -7.13663
2.14 -7.12125
2.15 -7.10578
2.16 -7.0902
2.17 -7.07454
2.18 -7.05879
2.19 -7.04296
2.2 -7.02705
2.21 -7.01106
2.22 -6.995
2.23 -6.97887
2.24 -6.96269
2.25 -6.94644
2.26 -6.93015
2.27 -6.9138
2.28 -6.89742
2.29 -6.881
2.3 -6.86455
2.31 -6.84807
2.32 -6.83158
2.33 -6.81507
2.34 -6.79856
2.35 -6.78204
2.36 -6.76553
2.37 -6.74903
2.38 -6.73255
2.39 -6.71609
2.4 -6.69967
2.41 -6.68328
2.42 -6.66693
2.43 -6.65063
2.44 -6.63439
2.45 -6.61821
2.46 -6.6021
2.47 -6.58607
2.48 -6.57011
2.49 -6.55424
2.5 -6.53846
2.51 -6.52278
2.52 -6.5072
2.53 -6.49174
2.54 -6.47638
2.55 -6.46115
2.56 -6.44604
2.57 -6.43106
2.58 -6.41621
2.59 -6.4015
2.6 -6.38693
2.61 -6.37252
2.62 -6.35825
2.63 -6.34413
2.64 -6.33017
2.65 -6.31638
2.66 -6.30275
2.67 -6.28928
2.68 -6.27598
2.69 -6.26286
2.7 -6.24991
2.71 -6.23713
2.72 -6.22453
2.73 -6.21211
2.74 -6.19987
2.75 -6.18781
2.76 -6.17594
2.77 -6.16424
2.78 -6.15273
2.79 -6.1414
2.8 -6.13026
2.81 -6.1193
2.82 -6.10852
2.83 -6.09793
2.84 -6.08752
2.85 -6.07729
2.86 -6.06724
2.87 -6.05737
2.88 -6.04768
2.89 -6.03816
2.9 -6.02883
2.91 -6.01967
2.92 -6.01068
2.93 -6.00186
2.94 -5.99321
2.95 -5.98473
2.96 -5.97642
2.97 -5.96827
2.98 -5.96028
2.99 -5.95245
3 -5.94478
3.01 -5.93726
3.02 -5.9299
3.03 -5.92269
3.04 -5.91563
3.05 -5.90872
3.06 -5.90194
3.07 -5.89532
3.08 -5.88882
3.09 -5.88247
3.1 -5.87625
3.11 -5.87017
3.12 -5.86421
3.13 -5.85838
3.14 -5.85267
3.15 -5.84709
3.16 -5.84163
3.17 -5.83628
3.18 -5.83106
3.19 -5.82594
3.2 -5.82093
3.21 -5.81604
3.22 -5.81125
3.23 -5.80656
3.24 -5.80197
3.25 -5.79749
3.26 -5.7931
3.27 -5.78881
3.28 -5.78461
3.29 -5.7805
3.3 -5.77648
3.31 -5.77255
3.32 -5.7687
3.33 -5.76494
3.34 -5.76126
3.35 -5.75765
3.36 -5.75413
3.37 -5.75068
3.38 -5.7473
3.39 -5.744
3.4 -5.74077
3.41 -5.7376
3.42 -5.7345
3.43 -5.73147
3.44 -5.72851
3.45 -5.7256
3.46 -5.72276
3.47 -5.71997
3.48 -5.71725
3.49 -5.71458
3.5 -5.71196
3.51 -5.7094
3.52 -5.7069
3.53 -5.70444
3.54 -5.70203
3.55 -5.69968
3.56 -5.69737
3.57 -5.69511
3.58 -5.69289
3.59 -5.69071
3.6 -5.68858
3.61 -5.6865
3.62 -5.68445
3.63 -5.68244
3.64 -5.68047
3.65 -5.67854
3.66 -5.67665
3.67 -5.67479
3.68 -5.67297
3.69 -5.67119
3.7 -5.66943
3.71 -5.66771
3.72 -5.66602
3.73 -5.66436
3.74 -5.66274
3.75 -5.66114
3.76 -5.65957
3.77 -5.65803
3.78 -5.65651
3.79 -5.65503
3.8 -5.65357
3.81 -5.65213
3.82 -5.65072
3.83 -5.64933
3.84 -5.64797
3.85 -5.64663
3.86 -5.64531
3.87 -5.64401
3.88 -5.64274
3.89 -5.64148
3.9 -5.64025
3.91 -5.63903
3.92 -5.63784
3.93 -5.63666
3.94 -5.6355
3.95 -5.63436
3.96 -5.63324
3.97 -5.63213
3.98 -5.63104
3.99 -5.62997
4 -5.62891
4.01 -5.62787
4.02 -5.62684
4.03 -5.62583
4.04 -5.62483
4.05 -5.62384
4.06 -5.62287
4.07 -5.62191
4.08 -5.62096
4.09 -5.62003
4.1 -5.61911
4.11 -5.6182
4.12 -5.6173
4.13 -5.61642
4.14 -5.61554
4.15 -5.61468
4.16 -5.61382
4.17 -5.61298
4.18 -5.61215
4.19 -5.61132
4.2 -5.61051
4.21 -5.6097
4.22 -5.60891
4.23 -5.60812
4.24 -5.60734
4.25 -5.60657
4.26 -5.60581
4.27 -5.60505
4.28 -5.60431
4.29 -5.60357
4.3 -5.60284
4.31 -5.60211
4.32 -5.6014
4.33 -5.60069
4.34 -5.59998
4.35 -5.59929
4.36 -5.5986
4.37 -5.59791
4.38 -5.59723
4.39 -5.59656
4.4 -5.5959
4.41 -5.59524
4.42 -5.59458
4.43 -5.59393
4.44 -5.59329
4.45 -5.59265
4.46 -5.59202
4.47 -5.59139
4.48 -5.59077
4.49 -5.59015
4.5 -5.58953
4.51 -5.58892
4.52 -5.58832
4.53 -5.58772
4.54 -5.58712
4.55 -5.58653
4.56 -5.58594
4.57 -5.58536
4.58 -5.58478
4.59 -5.5842
4.6 -5.58363
4.61 -5.58306
4.62 -5.58249
4.63 -5.58193
4.64 -5.58137
4.65 -5.58082
4.66 -5.58026
4.67 -5.57972
4.68 -5.57917
4.69 -5.57863
4.7 -5.57809
4.71 -5.57755
4.72 -5.57702
4.73 -5.57649
4.74 -5.57596
4.75 -5.57543
4.76 -5.57491
4.77 -5.57439
4.78 -5.57387
4.79 -5.57336
4.8 -5.57285
4.81 -5.57234
4.82 -5.57183
4.83 -5.57132
4.84 -5.57082
4.85 -5.57032
4.86 -5.56982
4.87 -5.56933
4.88 -5.56883
4.89 -5.56834
4.9 -5.56785
4.91 -5.56737
4.92 -5.56688
4.93 -5.5664
4.94 -5.56592
4.95 -5.56544
4.96 -5.56496
4.97 -5.56448
4.98 -5.56401
4.99 -5.56354
5 -5.56307
5.01 -5.5626
5.02 -5.56213
5.03 -5.56167
5.04 -5.56121
5.05 -5.56075
5.06 -5.56029
5.07 -5.55983
5.08 -5.55937
5.09 -5.55892
5.1 -5.55846
5.11 -5.55801
5.12 -5.55756
5.13 -5.55711
5.14 -5.55667
5.15 -5.55622
5.16 -5.55578
5.17 -5.55533
5.18 -5.55489
5.19 -5.55445
5.2 -5.55401
5.21 -5.55357
5.22 -5.55314
5.23 -5.5527
5.24 -5.55227
5.25 -5.55184
5.26 -5.5514
5.27 -5.55097
5.28 -5.55054
5.29 -5.55012
5.3 -5.54969
5.31 -5.54926
5.32 -5.54884
5.33 -5.54842
5.34 -5.54799
5.35 -5.54757
5.36 -5.54715
5.37 -5.54673
5.38 -5.54631
5.39 -5.54589
5.4 -5.54547
5.41 -5.54506
5.42 -5.54464
5.43 -5.54423
5.44 -5.54381
5.45 -5.5434
5.46 -5.54298
5.47 -5.54257
5.48 -5.54216
5.49 -5.54175
5.5 -5.54134
5.51 -5.54092
5.52 -5.54051
5.53 -5.5401
5.54 -5.53969
5.55 -5.53928
5.56 -5.53888
5.57 -5.53847
5.58 -5.53806
5.59 -5.53765
5.6 -5.53724
5.61 -5.53683
5.62 -5.53642
5.63 -5.53601
5.64 -5.5356
5.65 -5.53519
5.66 -5.53478
5.67 -5.53437
5.68 -5.53396
5.69 -5.53355
5.7 -5.53314
5.71 -5.53273
5.72 -5.53231
5.73 -5.5319
5.74 -5.53149
5.75 -5.53107
5.76 -5.53065
5.77 -5.53024
5.78 -5.52982
5.79 -5.5294
5.8 -5.52898
5.81 -5.52856
5.82 -5.52814
5.83 -5.52771
5.84 -5.52729
5.85 -5.52686
5.86 -5.52643
5.87 -5.526
5.88 -5.52557
5.89 -5.52513
5.9 -5.5247
5.91 -5.52426
5.92 -5.52382
5.93 -5.52338
5.94 -5.52293
5.95 -5.52248
5.96 -5.52204
5.97 -5.52158
5.98 -5.52113
5.99 -5.52067
6 -5.52021
6.01 -5.51975
6.02 -5.51928
6.03 -5.51882
6.04 -5.51834
6.05 -5.51787
6.06 -5.51739
6.07 -5.51691
6.08 -5.51643
6.09 -5.51594
6.1 -5.51544
6.11 -5.51495
6.12 -5.51445
6.13 -5.51395
6.14 -5.51344
6.15 -5.51293
6.16 -5.51241
6.17 -5.51189
6.18 -5.51137
6.19 -5.51084
6.2 -5.51031
6.21 -5.50977
6.22 -5.50923
6.23 -5.50868
6.24 -5.50813
6.25 -5.50758
6.26 -5.50701
6.27 -5.50645
6.28 -5.50588
6.29 -5.5053
6.3 -5.50472
6.31 -5.50414
6.32 -5.50354
6.33 -5.50295
6.34 -5.50235
6.35 -5.50174
6.36 -5.50113
6.37 -5.50051
6.38 -5.49989
6.39 -5.49926
6.4 -5.49863
6.41 -5.49799
6.42 -5.49734
6.43 -5.49669
6.44 -5.49604
6.45 -5.49538
6.46 -5.49471
6.47 -5.49404
6.48 -5.49336
6.49 -5.49268
6.5 -5.492
6.51 -5.4913
6.52 -5.49061
6.53 -5.4899
6.54 -5.4892
6.55 -5.48849
6.56 -5.48777
6.57 -5.48705
6.58 -5.48632
6.59 -5.4856
6.6 -5.48486
6.61 -5.48412
6.62 -5.48338
6.63 -5.48264
6.64 -5.48189
6.65 -5.48114
6.66 -5.48039
6.67 -5.47963
6.68 -5.47887
6.69 -5.47811
6.7 -5.47735
6.71 -5.47658
6.72 -5.47582
6.73 -5.47505
6.74 -5.47428
6.75 -5.47351
6.76 -5.47275
6.77 -5.47198
6.78 -5.47122
6.79 -5.47045
6.8 -5.46969
6.81 -5.46893
6.82 -5.46818
6.83 -5.46742
6.84 -5.46667
6.85 -5.46593
6.86 -5.46519
6.87 -5.46446
6.88 -5.46373
6.89 -5.46302
6.9 -5.46231
6.91 -5.4616
6.92 -5.46091
6.93 -5.46023
6.94 -5.45956
6.95 -5.4589
6.96 -5.45825
6.97 -5.45762
6.98 -5.457
6.99 -5.45639
7 -5.45581
7.01 -5.45524
7.02 -5.45468
7.03 -5.45415
7.04 -5.45364
7.05 -5.45315
7.06 -5.45268
7.07 -5.45224
7.08 -5.45182
7.09 -5.45142
7.1 -5.45106
7.11 -5.45072
7.12 -5.45041
7.13 -5.45014
7.14 -5.44989
7.15 -5.44968
7.16 -5.44951
7.17 -5.44937
7.18 -5.44927
7.19 -5.44921
7.2 -5.44919
7.21 -5.44921
7.22 -5.44928
7.23 -5.44939
7.24 -5.44955
7.25 -5.44976
7.26 -5.45002
7.27 -5.45034
7.28 -5.4507
7.29 -5.45112
7.3 -5.4516
7.31 -5.45214
7.32 -5.45273
7.33 -5.45339
7.34 -5.45411
7.35 -5.4549
7.36 -5.45576
7.37 -5.45668
7.38 -5.45768
7.39 -5.45874
7.4 -5.45989
7.41 -5.4611
7.42 -5.4624
7.43 -5.46377
7.44 -5.46523
7.45 -5.46676
7.46 -5.46838
7.47 -5.47009
7.48 -5.47188
7.49 -5.47377
7.5 -5.47574
7.51 -5.47781
7.52 -5.47997
7.53 -5.48222
7.54 -5.48457
7.55 -5.48702
7.56 -5.48957
7.57 -5.49222
7.58 -5.49497
7.59 -5.49782
7.6 -5.50078
7.61 -5.50384
7.62 -5.50701
7.63 -5.51029
7.64 -5.51367
7.65 -5.51716
7.66 -5.52077
7.67 -5.52448
7.68 -5.52831
7.69 -5.53224
7.7 -5.53629
7.71 -5.54046
7.72 -5.54473
7.73 -5.54912
7.74 -5.55363
7.75 -5.55824
7.76 -5.56298
7.77 -5.56782
7.78 -5.57278
7.79 -5.57786
7.8 -5.58304
7.81 -5.58834
7.82 -5.59376
7.83 -5.59928
7.84 -5.60492
7.85 -5.61067
7.86 -5.61653
7.87 -5.62249
7.88 -5.62857
7.89 -5.63476
7.9 -5.64105
7.91 -5.64744
7.92 -5.65394
7.93 -5.66055
7.94 -5.66725
7.95 -5.67406
7.96 -5.68096
7.97 -5.68796
7.98 -5.69506
7.99 -5.70225
8 -5.70954
8.01 -5.71691
8.02 -5.72437
8.03 -5.73192
8.04 -5.73956
8.05 -5.74728
8.06 -5.75508
8.07 -5.76296
8.08 -5.77091
8.09 -5.77894
8.1 -5.78705
8.11 -5.79522
8.12 -5.80347
8.13 -5.81178
8.14 -5.82015
8.15 -5.82859
8.16 -5.83709
8.17 -5.84565
8.18 -5.85427
8.19 -5.86293
8.2 -5.87166
8.21 -5.88043
8.22 -5.88925
8.23 -5.89811
8.24 -5.90702
8.25 -5.91597
8.26 -5.92496
8.27 -5.93399
8.28 -5.94306
8.29 -5.95216
8.3 -5.96129
8.31 -5.97045
8.32 -5.97964
8.33 -5.98886
8.34 -5.9981
8.35 -6.00736
8.36 -6.01665
8.37 -6.02595
8.38 -6.03528
8.39 -6.04462
8.4 -6.05398
8.41 -6.06335
8.42 -6.07273
8.43 -6.08212
8.44 -6.09152
8.45 -6.10093
8.46 -6.11034
8.47 -6.11976
8.48 -6.12919
8.49 -6.13862
8.5 -6.14804
8.51 -6.15747
8.52 -6.1669
8.53 -6.17633
8.54 -6.18575
8.55 -6.19517
8.56 -6.20458
8.57 -6.21399
8.58 -6.22339
8.59 -6.23278
8.6 -6.24216
8.61 -6.25154
8.62 -6.2609
8.63 -6.27026
8.64 -6.2796
8.65 -6.28892
8.66 -6.29824
8.67 -6.30754
8.68 -6.31683
8.69 -6.3261
8.7 -6.33535
8.71 -6.34459
8.72 -6.35382
8.73 -6.36302
8.74 -6.37221
8.75 -6.38138
8.76 -6.39052
8.77 -6.39965
8.78 -6.40876
8.79 -6.41785
8.8 -6.42692
8.81 -6.43597
8.82 -6.445
8.83 -6.454
8.84 -6.46299
8.85 -6.47195
8.86 -6.48089
8.87 -6.4898
8.88 -6.4987
8.89 -6.50756
8.9 -6.51641
8.91 -6.52523
8.92 -6.53403
8.93 -6.5428
8.94 -6.55155
8.95 -6.56027
8.96 -6.56897
8.97 -6.57765
8.98 -6.58629
8.99 -6.59492
9 -6.60352
9.01 -6.61209
9.02 -6.62063
9.03 -6.62915
9.04 -6.63765
9.05 -6.64612
9.06 -6.65456
9.07 -6.66297
9.08 -6.67136
9.09 -6.67972
9.1 -6.68806
9.11 -6.69637
9.12 -6.70465
9.13 -6.71291
9.14 -6.72113
9.15 -6.72934
9.16 -6.73751
9.17 -6.74566
9.18 -6.75378
9.19 -6.76187
9.2 -6.76993
9.21 -6.77797
9.22 -6.78598
9.23 -6.79397
9.24 -6.80192
9.25 -6.80985
9.26 -6.81775
9.27 -6.82563
9.28 -6.83347
9.29 -6.84129
9.3 -6.84908
9.31 -6.85685
9.32 -6.86458
9.33 -6.87229
9.34 -6.87997
9.35 -6.88762
9.36 -6.89525
9.37 -6.90285
9.38 -6.91042
9.39 -6.91796
9.4 -6.92547
9.41 -6.93296
9.42 -6.94042
9.43 -6.94785
9.44 -6.95525
9.45 -6.96263
9.46 -6.96997
9.47 -6.97729
9.48 -6.98458
9.49 -6.99185
9.5 -6.99909
9.51 -7.00629
9.52 -7.01347
9.53 -7.02063
9.54 -7.02775
9.55 -7.03485
9.56 -7.04192
9.57 -7.04896
9.58 -7.05598
9.59 -7.06296
9.6 -7.06992
9.61 -7.07685
9.62 -7.08376
9.63 -7.09063
9.64 -7.09748
9.65 -7.1043
9.66 -7.11109
9.67 -7.11786
9.68 -7.12459
9.69 -7.1313
9.7 -7.13798
9.71 -7.14464
9.72 -7.15126
9.73 -7.15786
9.74 -7.16444
9.75 -7.17098
9.76 -7.1775
9.77 -7.18399
9.78 -7.19045
9.79 -7.19688
9.8 -7.20329
9.81 -7.20967
9.82 -7.21602
9.83 -7.22235
9.84 -7.22864
9.85 -7.23492
9.86 -7.24116
9.87 -7.24738
9.88 -7.25357
9.89 -7.25973
9.9 -7.26586
9.91 -7.27197
9.92 -7.27805
9.93 -7.28411
9.94 -7.29014
9.95 -7.29614
9.96 -7.30211
9.97 -7.30806
9.98 -7.31398
9.99 -7.31988
10 -7.32575
10.001 -10
