0 -10
0.01 -8.25058
0.02 -8.24548
0.03 -8.24036
0.04 -8.23522
0.05 -8.23006
0.06 -8.22489
0.07 -8.21969
0.08 -8.21448
0.09 -8.20924
0.1 -8.20399
0.11 -8.19871
0.12 -8.19342
0.13 -8.18811
0.14 -8.18277
0.15 -8.17741
0.16 -8.17204
0.17 -8.16664
0.18 -8.16122
0.19 -8.15578
0.2 -8.15031
0.21 -8.14483
0.22 -8.13932
0.23 -8.13379
0.24 -8.12824
0.25 -8.12266
0.26 -8.11706
0.27 -8.11143
0.28 -8.10578
0.29 -8.1001
0.3 -8.0944
0.31 -8.08868
0.32 -8.08293
0.33 -8.07715
0.34 -8.07134
0.35 -8.06551
0.36 -8.05965
0.37 -8.05376
0.38 -8.04784
0.39 -8.0419
0.4 -8.03592
0.41 -8.02991
0.42 -8.02387
0.43 -8.01781
0.44 -8.0117
0.45 -8.00557
0.46 -7.9994
0.47 -7.9932
0.48 -7.98697
0.49 -7.9807
0.5 -7.97439
0.51 -7.96805
0.52 -7.96167
0.53 -7.95525
0.54 -7.94879
0.55 -7.94229
0.56 -7.93576
0.57 -7.92918
0.58 -7.92256
0.59 -7.9159
0.6 -7.90919
0.61 -7.90244
0.62 -7.89564
0.63 -7.8888
0.64 -7.88191
0.65 -7.87497
0.66 -7.86798
0.67 -7.86094
0.68 -7.85385
0.69 -7.84671
0.7 -7.83951
0.71 -7.83226
0.72 -7.82495
0.73 -7.81759
0.74 -7.81017
0.75 -7.80269
0.76 -7.79515
0.77 -7.78755
0.78 -7.77988
0.79 -7.77215
0.8 -7.76436
0.81 -7.7565
0.82 -7.74857
0.83 -7.74057
0.84 -7.73251
0.85 -7.72437
0.86 -7.71616
0.87 -7.70787
0.88 -7.69951
0.89 -7.69107
0.9 -7.68256
0.91 -7.67396
0.92 -7.66529
0.93 -7.65653
0.94 -7.64769
0.95 -7.63877
0.96 -7.62975
0.97 -7.62066
0.98 -7.61147
0.99 -7.60219
1 -7.59282
1.01 -7.58336
1.02 -7.5738
1.03 -7.56415
1.04 -7.5544
1.05 -7.54456
1.06 -7.53461
1.07 -7.52457
1.08 -7.51443
1.09 -7.50418
1.1 -7.49383
1.11 -7.48337
1.12 -7.47281
1.13 -7.46215
1.14 -7.45137
1.15 -7.44049
1.16 -7.4295
1.17 -7.4184
1.18 -7.40719
1.19 -7.39587
1.2 -7.38443
1.21 -7.37289
1.22 -7.36123
1.23 -7.34946
1.24 -7.33758
1.25 -7.32558
1.26 -7.31348
1.27 -7.30125
1.28 -7.28892
1.29 -7.27647
1.3 -7.26391
1.31 -7.25124
1.32 -7.23846
1.33 -7.22557
1.34 -7.21257
1.35 -7.19945
1.36 -7.18623
1.37 -7.17291
1.38 -7.15948
1.39 -7.14594
1.4 -7.1323
1.41 -7.11856
1.42 -7.10473
1.43 -7.09079
1.44 -7.07676
1.45 -7.06264
1.46 -7.04843
1.47 -7.03413
1.48 -7.01974
1.49 -7.00528
1.5 -6.99073
1.51 -6.97611
1.52 -6.96141
1.53 -6.94665
1.54 -6.93182
1.55 -6.91693
1.56 -6.90198
1.57 -6.88698
1.58 -6.87193
1.59 -6.85683
1.6 -6.84169
1.61 -6.82651
1.62 -6.8113
1.63 -6.79606
1.64 -6.78081
1.65 -6.76553
1.66 -6.75024
1.67 -6.73494
1.68 -6.71964
1.69 -6.70434
1.7 -6.68905
1.71 -6.67378
1.72 -6.65852
1.73 -6.64328
1.74 -6.62808
1.75 -6.61291
1.76 -6.59778
1.77 -6.5827
1.78 -6.56767
1.79 -6.55269
1.8 -6.53778
1.81 -6.52293
1.82 -6.50816
1.83 -6.49346
1.84 -6.47885
1.85 -6.46432
1.86 -6.44989
1.87 -6.43555
1.88 -6.42132
1.89 -6.40719
1.9 -6.39318
1.91 -6.37928
1.92 -6.3655
1.93 -6.35185
1.94 -6.33833
1.95 -6.32493
1.96 -6.31167
1.97 -6.29856
1.98 -6.28558
1.99 -6.27275
2 -6.26006
2.01 -6.24753
2.02 -6.23515
2.03 -6.22293
2.04 -6.21087
2.05 -6.19896
2.06 -6.18722
2.07 -6.17564
2.08 -6.16422
2.09 -6.15298
2.1 -6.14189
2.11 -6.13098
2.12 -6.12023
2.13 -6.10966
2.14 -6.09925
2.15 -6.08902
2.16 -6.07895
2.17 -6.06905
2.18 -6.05932
2.19 -6.04977
2.2 -6.04038
2.21 -6.03115
2.22 -6.0221
2.23 -6.01321
2.24 -6.00449
2.25 -5.99593
2.26 -5.98753
2.27 -5.9793
2.28 -5.97122
2.29 -5.9633
2.3 -5.95554
2.31 -5.94794
2.32 -5.94049
2.33 -5.93319
2.34 -5.92604
2.35 -5.91904
2.36 -5.91218
2.37 -5.90547
2.38 -5.8989
2.39 -5.89247
2.4 -5.88618
2.41 -5.88002
2.42 -5.87399
2.43 -5.8681
2.44 -5.86234
2.45 -5.8567
2.46 -5.85119
2.47 -5.8458
2.48 -5.84053
2.49 -5.83538
2.5 -5.83035
2.51 -5.82543
2.52 -5.82062
2.53 -5.81592
2.54 -5.81132
2.55 -5.80684
2.56 -5.80245
2.57 -5.79817
2.58 -5.79398
2.59 -5.78989
2.6 -5.7859
2.61 -5.782
2.62 -5.77819
2.63 -5.77447
2.64 -5.77083
2.65 -5.76728
2.66 -5.76381
2.67 -5.76043
2.68 -5.75712
2.69 -5.75389
2.7 -5.75074
2.71 -5.74766
2.72 -5.74465
2.73 -5.74172
2.74 -5.73885
2.75 -5.73605
2.76 -5.73332
2.77 -5.73065
2.78 -5.72804
2.79 -5.7255
2.8 -5.72302
2.81 -5.72059
2.82 -5.71822
2.83 -5.71591
2.84 -5.71365
2.85 -5.71144
2.86 -5.70929
2.87 -5.70719
2.88 -5.70513
2.89 -5.70313
2.9 -5.70117
2.91 -5.69926
2.92 -5.69739
2.93 -5.69556
2.94 -5.69378
2.95 -5.69204
2.96 -5.69034
2.97 -5.68868
2.98 -5.68706
2.99 -5.68547
3 -5.68393
3.01 -5.68242
3.02 -5.68094
3.03 -5.6795
3.04 -5.67809
3.05 -5.67671
3.06 -5.67536
3.07 -5.67405
3.08 -5.67276
3.09 -5.67151
3.1 -5.67028
3.11 -5.66908
3.12 -5.66791
3.13 -5.66676
3.14 -5.66564
3.15 -5.66455
3.16 -5.66348
3.17 -5.66243
3.18 -5.66141
3.19 -5.66041
3.2 -5.65943
3.21 -5.65847
3.22 -5.65754
3.23 -5.65662
3.24 -5.65573
3.25 -5.65485
3.26 -5.654
3.27 -5.65316
3.28 -5.65234
3.29 -5.65154
3.3 -5.65075
3.31 -5.64999
3.32 -5.64924
3.33 -5.6485
3.34 -5.64778
3.35 -5.64708
3.36 -5.64639
3.37 -5.64571
3.38 -5.64505
3.39 -5.6444
3.4 -5.64377
3.41 -5.64315
3.42 -5.64254
3.43 -5.64194
3.44 -5.64136
3.45 -5.64079
3.46 -5.64023
3.47 -5.63968
3.48 -5.63914
3.49 -5.63861
3.5 -5.6381
3.51 -5.63759
3.52 -5.63709
3.53 -5.63661
3.54 -5.63613
3.55 -5.63566
3.56 -5.6352
3.57 -5.63475
3.58 -5.63431
3.59 -5.63387
3.6 -5.63345
3.61 -5.63303
3.62 -5.63262
3.63 -5.63222
3.64 -5.63182
3.65 -5.63144
3.66 -5.63106
3.67 -5.63068
3.68 -5.63031
3.69 -5.62995
3.7 -5.6296
3.71 -5.62925
3.72 -5.62891
3.73 -5.62857
3.74 -5.62824
3.75 -5.62792
3.76 -5.6276
3.77 -5.62729
3.78 -5.62698
3.79 -5.62668
3.8 -5.62638
3.81 -5.62608
3.82 -5.6258
3.83 -5.62551
3.84 -5.62523
3.85 -5.62496
3.86 -5.62469
3.87 -5.62442
3.88 -5.62416
3.89 -5.6239
3.9 -5.62365
3.91 -5.6234
3.92 -5.62315
3.93 -5.62291
3.94 -5.62267
3.95 -5.62244
3.96 -5.62221
3.97 -5.62198
3.98 -5.62175
3.99 -5.62153
4 -5.62131
4.01 -5.6211
4.02 -5.62089
4.03 -5.62068
4.04 -5.62047
4.05 -5.62027
4.06 -5.62007
4.07 -5.61987
4.08 -5.61967
4.09 -5.61948
4.1 -5.61929
4.11 -5.61911
4.12 -5.61892
4.13 -5.61874
4.14 -5.61856
4.15 -5.61838
4.16 -5.61821
4.17 -5.61804
4.18 -5.61787
4.19 -5.6177
4.2 -5.61753
4.21 -5.61737
4.22 -5.61721
4.23 -5.61705
4.24 -5.61689
4.25 -5.61674
4.26 -5.61658
4.27 -5.61643
4.28 -5.61629
4.29 -5.61614
4.3 -5.61599
4.31 -5.61585
4.32 -5.61571
4.33 -5.61557
4.34 -5.61543
4.35 -5.6153
4.36 -5.61516
4.37 -5.61503
4.38 -5.6149
4.39 -5.61477
4.4 -5.61464
4.41 -5.61452
4.42 -5.61439
4.43 -5.61427
4.44 -5.61415
4.45 -5.61403
4.46 -5.61392
4.47 -5.6138
4.48 -5.61369
4.49 -5.61358
4.5 -5.61347
4.51 -5.61336
4.52 -5.61325
4.53 -5.61315
4.54 -5.61304
4.55 -5.61294
4.56 -5.61284
4.57 -5.61274
4.58 -5.61264
4.59 -5.61255
4.6 -5.61245
4.61 -5.61236
4.62 -5.61227
4.63 -5.61218
4.64 -5.61209
4.65 -5.61201
4.66 -5.61192
4.67 -5.61184
4.68 -5.61176
4.69 -5.61168
4.7 -5.6116
4.71 -5.61152
4.72 -5.61145
4.73 -5.61137
4.74 -5.6113
4.75 -5.61123
4.76 -5.61116
4.77 -5.61109
4.78 -5.61103
4.79 -5.61096
4.8 -5.6109
4.81 -5.61084
4.82 -5.61078
4.83 -5.61072
4.84 -5.61067
4.85 -5.61061
4.86 -5.61056
4.87 -5.61051
4.88 -5.61046
4.89 -5.61041
4.9 -5.61036
4.91 -5.61032
4.92 -5.61028
4.93 -5.61024
4.94 -5.6102
4.95 -5.61016
4.96 -5.61012
4.97 -5.61009
4.98 -5.61005
4.99 -5.61002
5 -5.60999
5.01 -5.60996
5.02 -5.60994
5.03 -5.60991
5.04 -5.60989
5.05 -5.60987
5.06 -5.60985
5.07 -5.60983
5.08 -5.60981
5.09 -5.6098
5.1 -5.60979
5.11 -5.60978
5.12 -5.60977
5.13 -5.60976
5.14 -5.60975
5.15 -5.60975
5.16 -5.60974
5.17 -5.60974
5.18 -5.60974
5.19 -5.60974
5.2 -5.60975
5.21 -5.60975
5.22 -5.60976
5.23 -5.60976
5.24 -5.60977
5.25 -5.60978
5.26 -5.6098
5.27 -5.60981
5.28 -5.60982
5.29 -5.60984
5.3 -5.60986
5.31 -5.60988
5.32 -5.6099
5.33 -5.60992
5.34 -5.60994
5.35 -5.60997
5.36 -5.60999
5.37 -5.61002
5.38 -5.61005
5.39 -5.61008
5.4 -5.61011
5.41 -5.61014
5.42 -5.61017
5.43 -5.61021
5.44 -5.61024
5.45 -5.61028
5.46 -5.61031
5.47 -5.61035
5.48 -5.61039
5.49 -5.61042
5.5 -5.61046
5.51 -5.6105
5.52 -5.61054
5.53 -5.61058
5.54 -5.61062
5.55 -5.61066
5.56 -5.61071
5.57 -5.61075
5.58 -5.61079
5.59 -5.61083
5.6 -5.61087
5.61 -5.61091
5.62 -5.61095
5.63 -5.611
5.64 -5.61104
5.65 -5.61108
5.66 -5.61112
5.67 -5.61116
5.68 -5.61119
5.69 -5.61123
5.7 -5.61127
5.71 -5.6113
5.72 -5.61134
5.73 -5.61137
5.74 -5.6114
5.75 -5.61143
5.76 -5.61146
5.77 -5.61149
5.78 -5.61151
5.79 -5.61154
5.8 -5.61156
5.81 -5.61158
5.82 -5.61159
5.83 -5.61161
5.84 -5.61162
5.85 -5.61163
5.86 -5.61163
5.87 -5.61163
5.88 -5.61163
5.89 -5.61163
5.9 -5.61162
5.91 -5.61161
5.92 -5.6116
5.93 -5.61158
5.94 -5.61156
5.95 -5.61153
5.96 -5.6115
5.97 -5.61146
5.98 -5.61142
5.99 -5.61137
6 -5.61132
6.01 -5.61127
6.02 -5.61121
6.03 -5.61114
6.04 -5.61107
6.05 -5.61099
6.06 -5.6109
6.07 -5.61081
6.08 -5.61071
6.09 -5.61061
6.1 -5.61049
6.11 -5.61038
6.12 -5.61025
6.13 -5.61012
6.14 -5.60997
6.15 -5.60982
6.16 -5.60967
6.17 -5.6095
6.18 -5.60933
6.19 -5.60914
6.2 -5.60895
6.21 -5.60875
6.22 -5.60854
6.23 -5.60832
6.24 -5.60809
6.25 -5.60785
6.26 -5.6076
6.27 -5.60734
6.28 -5.60707
6.29 -5.60679
6.3 -5.6065
6.31 -5.6062
6.32 -5.60588
6.33 -5.60556
6.34 -5.60522
6.35 -5.60487
6.36 -5.60451
6.37 -5.60414
6.38 -5.60375
6.39 -5.60335
6.4 -5.60294
6.41 -5.60252
6.42 -5.60208
6.43 -5.60163
6.44 -5.60117
6.45 -5.60069
6.46 -5.6002
6.47 -5.59969
6.48 -5.59917
6.49 -5.59864
6.5 -5.59809
6.51 -5.59753
6.52 -5.59695
6.53 -5.59636
6.54 -5.59576
6.55 -5.59514
6.56 -5.5945
6.57 -5.59385
6.58 -5.59318
6.59 -5.5925
6.6 -5.5918
6.61 -5.59109
6.62 -5.59037
6.63 -5.58962
6.64 -5.58886
6.65 -5.58809
6.66 -5.5873
6.67 -5.5865
6.68 -5.58568
6.69 -5.58484
6.7 -5.58399
6.71 -5.58312
6.72 -5.58224
6.73 -5.58134
6.74 -5.58043
6.75 -5.5795
6.76 -5.57856
6.77 -5.57761
6.78 -5.57663
6.79 -5.57565
6.8 -5.57465
6.81 -5.57363
6.82 -5.5726
6.83 -5.57156
6.84 -5.57051
6.85 -5.56944
6.86 -5.56836
6.87 -5.56726
6.88 -5.56616
6.89 -5.56504
6.9 -5.56391
6.91 -5.56277
6.92 -5.56161
6.93 -5.56045
6.94 -5.55928
6.95 -5.5581
6.96 -5.55691
6.97 -5.55571
6.98 -5.5545
6.99 -5.55329
7 -5.55206
7.01 -5.55084
7.02 -5.5496
7.03 -5.54837
7.04 -5.54712
7.05 -5.54588
7.06 -5.54463
7.07 -5.54338
7.08 -5.54213
7.09 -5.54087
7.1 -5.53962
7.11 -5.53837
7.12 -5.53712
7.13 -5.53588
7.14 -5.53463
7.15 -5.5334
7.16 -5.53217
7.17 -5.53094
7.18 -5.52973
7.19 -5.52852
7.2 -5.52732
7.21 -5.52613
7.22 -5.52496
7.23 -5.5238
7.24 -5.52265
7.25 -5.52152
7.26 -5.52041
7.27 -5.51932
7.28 -5.51824
7.29 -5.51719
7.3 -5.51616
7.31 -5.51515
7.32 -5.51417
7.33 -5.51321
7.34 -5.51229
7.35 -5.51139
7.36 -5.51052
7.37 -5.50969
7.38 -5.50888
7.39 -5.50812
7.4 -5.50739
7.41 -5.5067
7.42 -5.50605
7.43 -5.50544
7.44 -5.50488
7.45 -5.50436
7.46 -5.50388
7.47 -5.50346
7.48 -5.50308
7.49 -5.50276
7.5 -5.50248
7.51 -5.50227
7.52 -5.50211
7.53 -5.50201
7.54 -5.50196
7.55 -5.50198
7.56 -5.50206
7.57 -5.50221
7.58 -5.50242
7.59 -5.5027
7.6 -5.50306
7.61 -5.50348
7.62 -5.50397
7.63 -5.50454
7.64 -5.50519
7.65 -5.50591
7.66 -5.50671
7.67 -5.5076
7.68 -5.50856
7.69 -5.50961
7.7 -5.51075
7.71 -5.51197
7.72 -5.51328
7.73 -5.51468
7.74 -5.51617
7.75 -5.51775
7.76 -5.51943
7.77 -5.5212
7.78 -5.52306
7.79 -5.52503
7.8 -5.52709
7.81 -5.52925
7.82 -5.53151
7.83 -5.53388
7.84 -5.53634
7.85 -5.53891
7.86 -5.54158
7.87 -5.54436
7.88 -5.54725
7.89 -5.55023
7.9 -5.55333
7.91 -5.55653
7.92 -5.55985
7.93 -5.56327
7.94 -5.56679
7.95 -5.57043
7.96 -5.57418
7.97 -5.57803
7.98 -5.582
7.99 -5.58608
8 -5.59026
8.01 -5.59455
8.02 -5.59896
8.03 -5.60347
8.04 -5.60809
8.05 -5.61282
8.06 -5.61766
8.07 -5.6226
8.08 -5.62766
8.09 -5.63281
8.1 -5.63808
8.11 -5.64345
8.12 -5.64892
8.13 -5.65449
8.14 -5.66017
8.15 -5.66595
8.16 -5.67183
8.17 -5.6778
8.18 -5.68388
8.19 -5.69005
8.2 -5.69631
8.21 -5.70267
8.22 -5.70912
8.23 -5.71566
8.24 -5.72229
8.25 -5.729
8.26 -5.7358
8.27 -5.74269
8.28 -5.74966
8.29 -5.7567
8.3 -5.76383
8.31 -5.77103
8.32 -5.77831
8.33 -5.78566
8.34 -5.79308
8.35 -5.80057
8.36 -5.80812
8.37 -5.81575
8.38 -5.82343
8.39 -5.83117
8.4 -5.83898
8.41 -5.84684
8.42 -5.85475
8.43 -5.86271
8.44 -5.87073
8.45 -5.87879
8.46 -5.8869
8.47 -5.89506
8.48 -5.90325
8.49 -5.91149
8.5 -5.91976
8.51 -5.92807
8.52 -5.93641
8.53 -5.94479
8.54 -5.95319
8.55 -5.96162
8.56 -5.97007
8.57 -5.97855
8.58 -5.98705
8.59 -5.99557
8.6 -6.00411
8.61 -6.01266
8.62 -6.02123
8.63 -6.02981
8.64 -6.0384
8.65 -6.047
8.66 -6.0556
8.67 -6.06421
8.68 -6.07283
8.69 -6.08144
8.7 -6.09006
8.71 -6.09868
8.72 -6.10729
8.73 -6.1159
8.74 -6.1245
8.75 -6.1331
8.76 -6.14169
8.77 -6.15027
8.78 -6.15884
8.79 -6.16739
8.8 -6.17594
8.81 -6.18447
8.82 -6.19298
8.83 -6.20148
8.84 -6.20996
8.85 -6.21842
8.86 -6.22686
8.87 -6.23528
8.88 -6.24368
8.89 -6.25205
8.9 -6.26041
8.91 -6.26874
8.92 -6.27704
8.93 -6.28532
8.94 -6.29357
8.95 -6.3018
8.96 -6.30999
8.97 -6.31816
8.98 -6.32631
8.99 -6.33442
9 -6.3425
9.01 -6.35055
9.02 -6.35857
9.03 -6.36656
9.04 -6.37451
9.05 -6.38244
9.06 -6.39033
9.07 -6.39819
9.08 -6.40602
9.09 -6.41381
9.1 -6.42157
9.11 -6.42929
9.12 -6.43698
9.13 -6.44463
9.14 -6.45225
9.15 -6.45984
9.16 -6.46739
9.17 -6.4749
9.18 -6.48238
9.19 -6.48982
9.2 -6.49723
9.21 -6.5046
9.22 -6.51193
9.23 -6.51923
9.24 -6.5265
9.25 -6.53372
9.26 -6.54091
9.27 -6.54807
9.28 -6.55519
9.29 -6.56227
9.3 -6.56931
9.31 -6.57632
9.32 -6.5833
9.33 -6.59023
9.34 -6.59713
9.35 -6.604
9.36 -6.61083
9.37 -6.61762
9.38 -6.62438
9.39 -6.6311
9.4 -6.63779
9.41 -6.64444
9.42 -6.65106
9.43 -6.65764
9.44 -6.66418
9.45 -6.67069
9.46 -6.67717
9.47 -6.68361
9.48 -6.69002
9.49 -6.69639
9.5 -6.70273
9.51 -6.70903
9.52 -6.7153
9.53 -6.72153
9.54 -6.72774
9.55 -6.73391
9.56 -6.74004
9.57 -6.74614
9.58 -6.75221
9.59 -6.75825
9.6 -6.76425
9.61 -6.77022
9.62 -6.77616
9.63 -6.78207
9.64 -6.78795
9.65 -6.79379
9.66 -6.7996
9.67 -6.80538
9.68 -6.81113
9.69 -6.81685
9.7 -6.82254
9.71 -6.8282
9.72 -6.83383
9.73 -6.83943
9.74 -6.84499
9.75 -6.85053
9.76 -6.85604
9.77 -6.86152
9.78 -6.86697
9.79 -6.87239
9.8 -6.87778
9.81 -6.88315
9.82 -6.88848
9.83 -6.89379
9.84 -6.89907
9.85 -6.90432
9.86 -6.90955
9.87 -6.91474
9.88 -6.91991
9.89 -6.92506
9.9 -6.93017
9.91 -6.93526
9.92 -6.94033
9.93 -6.94536
9.94 -6.95037
9.95 -6.95536
9.96 -6.96032
9.97 -6.96525
9.98 -6.97016
9.99 -6.97505
10 -6.97991
10.001 -10
