0 5
0.01 4.11849
0.02 4.11942
0.03 4.12037
0.04 4.12132
0.05 4.12228
0.06 4.12326
0.07 4.12424
0.08 4.12523
0.09 4.12624
0.1 4.12725
0.11 4.12828
0.12 4.12931
0.13 4.13036
0.14 4.13142
0.15 4.13249
0.16 4.13357
0.17 4.13466
0.18 4.13577
0.19 4.13689
0.2 4.13802
0.21 4.13916
0.22 4.14032
0.23 4.14148
0.24 4.14267
0.25 4.14386
0.26 4.14507
0.27 4.14629
0.28 4.14753
0.29 4.14878
0.3 4.15005
0.31 4.15133
0.32 4.15262
0.33 4.15393
0.34 4.15526
0.35 4.1566
0.36 4.15796
0.37 4.15933
0.38 4.16072
0.39 4.16212
0.4 4.16355
0.41 4.16499
0.42 4.16644
0.43 4.16792
0.44 4.16941
0.45 4.17092
0.46 4.17245
0.47 4.174
0.48 4.17556
0.49 4.17715
0.5 4.17875
0.51 4.18038
0.52 4.18202
0.53 4.18369
0.54 4.18537
0.55 4.18708
0.56 4.1888
0.57 4.19055
0.58 4.19232
0.59 4.19411
0.6 4.19593
0.61 4.19777
0.62 4.19963
0.63 4.20151
0.64 4.20342
0.65 4.20535
0.66 4.20731
0.67 4.20929
0.68 4.2113
0.69 4.21333
0.7 4.21539
0.71 4.21747
0.72 4.21959
0.73 4.22173
0.74 4.2239
0.75 4.22609
0.76 4.22832
0.77 4.23057
0.78 4.23286
0.79 4.23517
0.8 4.23752
0.81 4.2399
0.82 4.24231
0.83 4.24475
0.84 4.24723
0.85 4.24974
0.86 4.25228
0.87 4.25486
0.88 4.25748
0.89 4.26013
0.9 4.26282
0.91 4.26555
0.92 4.26831
0.93 4.27112
0.94 4.27396
0.95 4.27685
0.96 4.27978
0.97 4.28275
0.98 4.28576
0.99 4.28882
1 4.29193
1.01 4.29507
1.02 4.29827
1.03 4.30152
1.04 4.30481
1.05 4.30815
1.06 4.31155
1.07 4.31499
1.08 4.31849
1.09 4.32205
1.1 4.32565
1.11 4.32932
1.12 4.33304
1.13 4.33682
1.14 4.34066
1.15 4.34456
1.16 4.34852
1.17 4.35254
1.18 4.35663
1.19 4.36078
1.2 4.365
1.21 4.36929
1.22 4.37365
1.23 4.37808
1.24 4.38257
1.25 4.38715
1.26 4.39179
1.27 4.39651
1.28 4.40131
1.29 4.40618
1.3 4.41113
1.31 4.41617
1.32 4.42128
1.33 4.42648
1.34 4.43176
1.35 4.43712
1.36 4.44257
1.37 4.44811
1.38 4.45373
1.39 4.45945
1.4 4.46525
1.41 4.47114
1.42 4.47713
1.43 4.48321
1.44 4.48938
1.45 4.49564
1.46 4.502
1.47 4.50846
1.48 4.51501
1.49 4.52165
1.5 4.5284
1.51 4.53524
1.52 4.54217
1.53 4.5492
1.54 4.55633
1.55 4.56356
1.56 4.57088
1.57 4.57829
1.58 4.5858
1.59 4.59341
1.6 4.60111
1.61 4.6089
1.62 4.61679
1.63 4.62476
1.64 4.63283
1.65 4.64098
1.66 4.64922
1.67 4.65754
1.68 4.66595
1.69 4.67444
1.7 4.68301
1.71 4.69165
1.72 4.70037
1.73 4.70915
1.74 4.71801
1.75 4.72693
1.76 4.73592
1.77 4.74497
1.78 4.75407
1.79 4.76322
1.8 4.77243
1.81 4.78168
1.82 4.79098
1.83 4.80032
1.84 4.80969
1.85 4.81909
1.86 4.82852
1.87 4.83797
1.88 4.84745
1.89 4.85694
1.9 4.86644
1.91 4.87595
1.92 4.88547
1.93 4.89498
1.94 4.90449
1.95 4.91399
1.96 4.92348
1.97 4.93295
1.98 4.94241
1.99 4.95183
2 4.96124
2.01 4.97061
2.02 4.97994
2.03 4.98924
2.04 4.99849
2.05 5.0077
2.06 5.01686
2.07 5.02597
2.08 5.03503
2.09 5.04403
2.1 5.05297
2.11 5.06184
2.12 5.07065
2.13 5.07939
2.14 5.08807
2.15 5.09667
2.16 5.10519
2.17 5.11365
2.18 5.12202
2.19 5.13032
2.2 5.13853
2.21 5.14667
2.22 5.15472
2.23 5.16268
2.24 5.17056
2.25 5.17836
2.26 5.18607
2.27 5.19369
2.28 5.20123
2.29 5.20868
2.3 5.21603
2.31 5.2233
2.32 5.23049
2.33 5.23758
2.34 5.24458
2.35 5.2515
2.36 5.25833
2.37 5.26507
2.38 5.27172
2.39 5.27828
2.4 5.28476
2.41 5.29115
2.42 5.29746
2.43 5.30368
2.44 5.30982
2.45 5.31587
2.46 5.32184
2.47 5.32772
2.48 5.33353
2.49 5.33925
2.5 5.3449
2.51 5.35046
2.52 5.35595
2.53 5.36136
2.54 5.3667
2.55 5.37196
2.56 5.37714
2.57 5.38225
2.58 5.38729
2.59 5.39226
2.6 5.39715
2.61 5.40198
2.62 5.40674
2.63 5.41143
2.64 5.41606
2.65 5.42062
2.66 5.42511
2.67 5.42955
2.68 5.43392
2.69 5.43822
2.7 5.44247
2.71 5.44666
2.72 5.45079
2.73 5.45486
2.74 5.45887
2.75 5.46283
2.76 5.46674
2.77 5.47059
2.78 5.47438
2.79 5.47813
2.8 5.48182
2.81 5.48547
2.82 5.48906
2.83 5.4926
2.84 5.4961
2.85 5.49955
2.86 5.50296
2.87 5.50631
2.88 5.50963
2.89 5.5129
2.9 5.51612
2.91 5.51931
2.92 5.52245
2.93 5.52555
2.94 5.52861
2.95 5.53163
2.96 5.53462
2.97 5.53756
2.98 5.54047
2.99 5.54334
3 5.54617
3.01 5.54897
3.02 5.55173
3.03 5.55446
3.04 5.55716
3.05 5.55982
3.06 5.56245
3.07 5.56505
3.08 5.56761
3.09 5.57015
3.1 5.57265
3.11 5.57513
3.12 5.57758
3.13 5.57999
3.14 5.58238
3.15 5.58474
3.16 5.58708
3.17 5.58938
3.18 5.59167
3.19 5.59392
3.2 5.59615
3.21 5.59835
3.22 5.60053
3.23 5.60269
3.24 5.60482
3.25 5.60693
3.26 5.60901
3.27 5.61108
3.28 5.61312
3.29 5.61514
3.3 5.61713
3.31 5.61911
3.32 5.62107
3.33 5.623
3.34 5.62492
3.35 5.62681
3.36 5.62869
3.37 5.63055
3.38 5.63239
3.39 5.63421
3.4 5.63601
3.41 5.63779
3.42 5.63956
3.43 5.64131
3.44 5.64304
3.45 5.64476
3.46 5.64646
3.47 5.64814
3.48 5.64981
3.49 5.65146
3.5 5.6531
3.51 5.65472
3.52 5.65633
3.53 5.65792
3.54 5.6595
3.55 5.66107
3.56 5.66262
3.57 5.66415
3.58 5.66568
3.59 5.66719
3.6 5.66869
3.61 5.67017
3.62 5.67164
3.63 5.6731
3.64 5.67455
3.65 5.67599
3.66 5.67741
3.67 5.67882
3.68 5.68022
3.69 5.68161
3.7 5.68299
3.71 5.68436
3.72 5.68571
3.73 5.68706
3.74 5.6884
3.75 5.68972
3.76 5.69104
3.77 5.69234
3.78 5.69364
3.79 5.69492
3.8 5.6962
3.81 5.69747
3.82 5.69873
3.83 5.69997
3.84 5.70121
3.85 5.70244
3.86 5.70367
3.87 5.70488
3.88 5.70609
3.89 5.70728
3.9 5.70847
3.91 5.70965
3.92 5.71083
3.93 5.71199
3.94 5.71315
3.95 5.7143
3.96 5.71544
3.97 5.71657
3.98 5.7177
3.99 5.71882
4 5.71993
4.01 5.72104
4.02 5.72214
4.03 5.72323
4.04 5.72432
4.05 5.72539
4.06 5.72647
4.07 5.72753
4.08 5.72859
4.09 5.72964
4.1 5.73069
4.11 5.73173
4.12 5.73276
4.13 5.73379
4.14 5.73481
4.15 5.73583
4.16 5.73684
4.17 5.73785
4.18 5.73885
4.19 5.73984
4.2 5.74083
4.21 5.74181
4.22 5.74279
4.23 5.74376
4.24 5.74472
4.25 5.74568
4.26 5.74664
4.27 5.74759
4.28 5.74854
4.29 5.74948
4.3 5.75041
4.31 5.75134
4.32 5.75227
4.33 5.75319
4.34 5.75411
4.35 5.75502
4.36 5.75592
4.37 5.75683
4.38 5.75772
4.39 5.75862
4.4 5.75951
4.41 5.76039
4.42 5.76127
4.43 5.76214
4.44 5.76301
4.45 5.76388
4.46 5.76474
4.47 5.7656
4.48 5.76645
4.49 5.7673
4.5 5.76815
4.51 5.76899
4.52 5.76983
4.53 5.77066
4.54 5.77149
4.55 5.77231
4.56 5.77314
4.57 5.77395
4.58 5.77477
4.59 5.77557
4.6 5.77638
4.61 5.77718
4.62 5.77798
4.63 5.77877
4.64 5.77956
4.65 5.78035
4.66 5.78113
4.67 5.78191
4.68 5.78269
4.69 5.78346
4.7 5.78423
4.71 5.78499
4.72 5.78575
4.73 5.78651
4.74 5.78726
4.75 5.78801
4.76 5.78876
4.77 5.7895
4.78 5.79024
4.79 5.79098
4.8 5.79171
4.81 5.79244
4.82 5.79317
4.83 5.79389
4.84 5.79461
4.85 5.79533
4.86 5.79604
4.87 5.79675
4.88 5.79745
4.89 5.79816
4.9 5.79886
4.91 5.79955
4.92 5.80025
4.93 5.80094
4.94 5.80162
4.95 5.80231
4.96 5.80299
4.97 5.80367
4.98 5.80434
4.99 5.80501
5 5.80568
5.01 5.80635
5.02 5.80701
5.03 5.80767
5.04 5.80833
5.05 5.80898
5.06 5.80963
5.07 5.81028
5.08 5.81093
5.09 5.81157
5.1 5.81221
5.11 5.81285
5.12 5.81348
5.13 5.81411
5.14 5.81474
5.15 5.81537
5.16 5.81599
5.17 5.81661
5.18 5.81723
5.19 5.81785
5.2 5.81846
5.21 5.81907
5.22 5.81968
5.23 5.82028
5.24 5.82089
5.25 5.82149
5.26 5.82209
5.27 5.82269
5.28 5.82328
5.29 5.82387
5.3 5.82446
5.31 5.82505
5.32 5.82564
5.33 5.82622
5.34 5.8268
5.35 5.82738
5.36 5.82796
5.37 5.82854
5.38 5.82911
5.39 5.82969
5.4 5.83026
5.41 5.83083
5.42 5.8314
5.43 5.83196
5.44 5.83253
5.45 5.83309
5.46 5.83365
5.47 5.83421
5.48 5.83477
5.49 5.83533
5.5 5.83589
5.51 5.83645
5.52 5.837
5.53 5.83755
5.54 5.83811
5.55 5.83866
5.56 5.83921
5.57 5.83976
5.58 5.84031
5.59 5.84086
5.6 5.84141
5.61 5.84196
5.62 5.84251
5.63 5.84306
5.64 5.84361
5.65 5.84416
5.66 5.8447
5.67 5.84525
5.68 5.8458
5.69 5.84635
5.7 5.8469
5.71 5.84745
5.72 5.848
5.73 5.84855
5.74 5.8491
5.75 5.84965
5.76 5.85021
5.77 5.85076
5.78 5.85132
5.79 5.85187
5.8 5.85243
5.81 5.85299
5.82 5.85355
5.83 5.85411
5.84 5.85468
5.85 5.85524
5.86 5.85581
5.87 5.85638
5.88 5.85695
5.89 5.85753
5.9 5.8581
5.91 5.85868
5.92 5.85926
5.93 5.85985
5.94 5.86043
5.95 5.86102
5.96 5.86161
5.97 5.86221
5.98 5.86281
5.99 5.86341
6 5.86402
6.01 5.86463
6.02 5.86524
6.03 5.86586
6.04 5.86648
6.05 5.8671
6.06 5.86773
6.07 5.86836
6.08 5.869
6.09 5.86964
6.1 5.87029
6.11 5.87094
6.12 5.8716
6.13 5.87226
6.14 5.87292
6.15 5.8736
6.16 5.87427
6.17 5.87496
6.18 5.87564
6.19 5.87634
6.2 5.87704
6.21 5.87774
6.22 5.87845
6.23 5.87917
6.24 5.87989
6.25 5.88062
6.26 5.88136
6.27 5.8821
6.28 5.88285
6.29 5.88361
6.3 5.88437
6.31 5.88514
6.32 5.88592
6.33 5.88671
6.34 5.8875
6.35 5.8883
6.36 5.8891
6.37 5.88992
6.38 5.89074
6.39 5.89157
6.4 5.89241
6.41 5.89325
6.42 5.8941
6.43 5.89496
6.44 5.89583
6.45 5.89671
6.46 5.89759
6.47 5.89849
6.48 5.89939
6.49 5.9003
6.5 5.90121
6.51 5.90214
6.52 5.90307
6.53 5.90402
6.54 5.90497
6.55 5.90592
6.56 5.90689
6.57 5.90787
6.58 5.90885
6.59 5.90984
6.6 5.91084
6.61 5.91185
6.62 5.91287
6.63 5.91389
6.64 5.91493
6.65 5.91597
6.66 5.91701
6.67 5.91807
6.68 5.91913
6.69 5.92021
6.7 5.92128
6.71 5.92237
6.72 5.92346
6.73 5.92456
6.74 5.92567
6.75 5.92678
6.76 5.9279
6.77 5.92903
6.78 5.93016
6.79 5.9313
6.8 5.93244
6.81 5.93359
6.82 5.93474
6.83 5.9359
6.84 5.93706
6.85 5.93823
6.86 5.93939
6.87 5.94057
6.88 5.94174
6.89 5.94292
6.9 5.9441
6.91 5.94528
6.92 5.94646
6.93 5.94765
6.94 5.94883
6.95 5.95001
6.96 5.9512
6.97 5.95238
6.98 5.95355
6.99 5.95473
7 5.9559
7.01 5.95707
7.02 5.95824
7.03 5.95939
7.04 5.96055
7.05 5.96169
7.06 5.96283
7.07 5.96396
7.08 5.96508
7.09 5.96619
7.1 5.96729
7.11 5.96838
7.12 5.96945
7.13 5.97051
7.14 5.97156
7.15 5.97259
7.16 5.9736
7.17 5.9746
7.18 5.97558
7.19 5.97653
7.2 5.97747
7.21 5.97838
7.22 5.97927
7.23 5.98014
7.24 5.98098
7.25 5.98179
7.26 5.98257
7.27 5.98332
7.28 5.98404
7.29 5.98473
7.3 5.98539
7.31 5.98601
7.32 5.98659
7.33 5.98713
7.34 5.98764
7.35 5.9881
7.36 5.98852
7.37 5.98889
7.38 5.98922
7.39 5.9895
7.4 5.98973
7.41 5.9899
7.42 5.99003
7.43 5.9901
7.44 5.99012
7.45 5.99007
7.46 5.98997
7.47 5.98981
7.48 5.98958
7.49 5.98928
7.5 5.98892
7.51 5.9885
7.52 5.988
7.53 5.98743
7.54 5.98678
7.55 5.98606
7.56 5.98526
7.57 5.98439
7.58 5.98343
7.59 5.98239
7.6 5.98126
7.61 5.98005
7.62 5.97875
7.63 5.97736
7.64 5.97588
7.65 5.97431
7.66 5.97264
7.67 5.97088
7.68 5.96901
7.69 5.96705
7.7 5.96499
7.71 5.96282
7.72 5.96056
7.73 5.95818
7.74 5.9557
7.75 5.95311
7.76 5.95042
7.77 5.94761
7.78 5.94469
7.79 5.94166
7.8 5.93851
7.81 5.93525
7.82 5.93188
7.83 5.92839
7.84 5.92478
7.85 5.92105
7.86 5.91721
7.87 5.91325
7.88 5.90916
7.89 5.90496
7.9 5.90064
7.91 5.8962
7.92 5.89163
7.93 5.88695
7.94 5.88215
7.95 5.87722
7.96 5.87218
7.97 5.86702
7.98 5.86174
7.99 5.85633
8 5.85082
8.01 5.84518
8.02 5.83943
8.03 5.83356
8.04 5.82757
8.05 5.82148
8.06 5.81527
8.07 5.80895
8.08 5.80252
8.09 5.79598
8.1 5.78934
8.11 5.78259
8.12 5.77574
8.13 5.76879
8.14 5.76174
8.15 5.75459
8.16 5.74734
8.17 5.74001
8.18 5.73258
8.19 5.72507
8.2 5.71747
8.21 5.70978
8.22 5.70202
8.23 5.69418
8.24 5.68626
8.25 5.67827
8.26 5.67021
8.27 5.66208
8.28 5.65389
8.29 5.64564
8.3 5.63733
8.31 5.62897
8.32 5.62055
8.33 5.61208
8.34 5.60357
8.35 5.59502
8.36 5.58642
8.37 5.57779
8.38 5.56913
8.39 5.56043
8.4 5.55171
8.41 5.54296
8.42 5.53419
8.43 5.52541
8.44 5.51661
8.45 5.50779
8.46 5.49897
8.47 5.49014
8.48 5.48131
8.49 5.47247
8.5 5.46364
8.51 5.45481
8.52 5.446
8.53 5.43719
8.54 5.42839
8.55 5.41961
8.56 5.41085
8.57 5.40211
8.58 5.39339
8.59 5.3847
8.6 5.37603
8.61 5.36739
8.62 5.35879
8.63 5.35022
8.64 5.34168
8.65 5.33319
8.66 5.32473
8.67 5.31632
8.68 5.30794
8.69 5.29961
8.7 5.29133
8.71 5.2831
8.72 5.27492
8.73 5.26678
8.74 5.2587
8.75 5.25068
8.76 5.2427
8.77 5.23479
8.78 5.22693
8.79 5.21912
8.8 5.21138
8.81 5.2037
8.82 5.19607
8.83 5.18851
8.84 5.18101
8.85 5.17358
8.86 5.1662
8.87 5.15889
8.88 5.15165
8.89 5.14446
8.9 5.13735
8.91 5.1303
8.92 5.12331
8.93 5.11639
8.94 5.10954
8.95 5.10275
8.96 5.09603
8.97 5.08938
8.98 5.08279
8.99 5.07627
9 5.06982
9.01 5.06343
9.02 5.05711
9.03 5.05085
9.04 5.04467
9.05 5.03854
9.06 5.03249
9.07 5.02649
9.08 5.02057
9.09 5.01471
9.1 5.00891
9.11 5.00318
9.12 4.99751
9.13 4.99191
9.14 4.98636
9.15 4.98089
9.16 4.97547
9.17 4.97011
9.18 4.96482
9.19 4.95959
9.2 4.95442
9.21 4.94931
9.22 4.94425
9.23 4.93926
9.24 4.93433
9.25 4.92945
9.26 4.92463
9.27 4.91987
9.28 4.91517
9.29 4.91052
9.3 4.90592
9.31 4.90138
9.32 4.8969
9.33 4.89246
9.34 4.88808
9.35 4.88376
9.36 4.87948
9.37 4.87526
9.38 4.87108
9.39 4.86696
9.4 4.86289
9.41 4.85886
9.42 4.85489
9.43 4.85096
9.44 4.84708
9.45 4.84324
9.46 4.83945
9.47 4.83571
9.48 4.83201
9.49 4.82836
9.5 4.82475
9.51 4.82118
9.52 4.81765
9.53 4.81417
9.54 4.81073
9.55 4.80733
9.56 4.80397
9.57 4.80065
9.58 4.79737
9.59 4.79413
9.6 4.79093
9.61 4.78776
9.62 4.78463
9.63 4.78154
9.64 4.77849
9.65 4.77547
9.66 4.77248
9.67 4.76953
9.68 4.76662
9.69 4.76374
9.7 4.76089
9.71 4.75807
9.72 4.75529
9.73 4.75254
9.74 4.74982
9.75 4.74713
9.76 4.74448
9.77 4.74185
9.78 4.73925
9.79 4.73668
9.8 4.73414
9.81 4.73163
9.82 4.72915
9.83 4.7267
9.84 4.72427
9.85 4.72187
9.86 4.71949
9.87 4.71715
9.88 4.71482
9.89 4.71253
9.9 4.71026
9.91 4.70801
9.92 4.70579
9.93 4.70359
9.94 4.70141
9.95 4.69926
9.96 4.69713
9.97 4.69503
9.98 4.69294
9.99 4.69088
10 4.68884
10.001 5
