0 0
0.01 0.287513
0.02 0.286204
0.03 0.284902
0.04 0.283607
0.05 0.28232
0.06 0.28104
0.07 0.279768
0.08 0.278504
0.09 0.277249
0.1 0.276002
0.11 0.274765
0.12 0.273536
0.13 0.272317
0.14 0.271108
0.15 0.26991
0.16 0.268721
0.17 0.267544
0.18 0.266377
0.19 0.265222
0.2 0.264078
0.21 0.262947
0.22 0.261828
0.23 0.260721
0.24 0.259628
0.25 0.258548
0.26 0.257481
0.27 0.256429
0.28 0.255391
0.29 0.254368
0.3 0.25336
0.31 0.252367
0.32 0.251391
0.33 0.25043
0.34 0.249487
0.35 0.24856
0.36 0.247651
0.37 0.24676
0.38 0.245887
0.39 0.245032
0.4 0.244197
0.41 0.243381
0.42 0.242586
0.43 0.24181
0.44 0.241056
0.45 0.240323
0.46 0.239611
0.47 0.238922
0.48 0.238255
0.49 0.237611
0.5 0.236991
0.51 0.236395
0.52 0.235824
0.53 0.235277
0.54 0.234756
0.55 0.234261
0.56 0.233792
0.57 0.23335
0.58 0.232936
0.59 0.23255
0.6 0.232192
0.61 0.231863
0.62 0.231564
0.63 0.231294
0.64 0.231055
0.65 0.230848
0.66 0.230671
0.67 0.230527
0.68 0.230415
0.69 0.230337
0.7 0.230292
0.71 0.230282
0.72 0.230306
0.73 0.230365
0.74 0.23046
0.75 0.230592
0.76 0.23076
0.77 0.230966
0.78 0.231209
0.79 0.231491
0.8 0.231812
0.81 0.232172
0.82 0.232572
0.83 0.233012
0.84 0.233494
0.85 0.234017
0.86 0.234581
0.87 0.235188
0.88 0.235838
0.89 0.236531
0.9 0.237268
0.91 0.238049
0.92 0.238875
0.93 0.239745
0.94 0.240662
0.95 0.241623
0.96 0.242631
0.97 0.243686
0.98 0.244787
0.99 0.245936
1 0.247132
1.01 0.248376
1.02 0.249668
1.03 0.251008
1.04 0.252396
1.05 0.253834
1.06 0.25532
1.07 0.256855
1.08 0.258439
1.09 0.260073
1.1 0.261756
1.11 0.263488
1.12 0.265269
1.13 0.2671
1.14 0.268979
1.15 0.270908
1.16 0.272886
1.17 0.274913
1.18 0.276988
1.19 0.279111
1.2 0.281282
1.21 0.283501
1.22 0.285767
1.23 0.28808
1.24 0.29044
1.25 0.292845
1.26 0.295295
1.27 0.29779
1.28 0.300329
1.29 0.302911
1.3 0.305536
1.31 0.308203
1.32 0.31091
1.33 0.313657
1.34 0.316443
1.35 0.319268
1.36 0.322129
1.37 0.325026
1.38 0.327957
1.39 0.330922
1.4 0.33392
1.41 0.336948
1.42 0.340006
1.43 0.343093
1.44 0.346206
1.45 0.349345
1.46 0.352508
1.47 0.355693
1.48 0.358899
1.49 0.362125
1.5 0.365368
1.51 0.368627
1.52 0.371902
1.53 0.375189
1.54 0.378487
1.55 0.381795
1.56 0.385111
1.57 0.388433
1.58 0.391759
1.59 0.395089
1.6 0.39842
1.61 0.401751
1.62 0.40508
1.63 0.408406
1.64 0.411726
1.65 0.41504
1.66 0.418346
1.67 0.421643
1.68 0.424929
1.69 0.428203
1.7 0.431464
1.71 0.434711
1.72 0.437941
1.73 0.441156
1.74 0.444352
1.75 0.44753
1.76 0.450689
1.77 0.453827
1.78 0.456944
1.79 0.46004
1.8 0.463115
1.81 0.466166
1.82 0.469195
1.83 0.472201
1.84 0.475183
1.85 0.478142
1.86 0.481078
1.87 0.48399
1.88 0.48688
1.89 0.489746
1.9 0.492589
1.91 0.49541
1.92 0.49821
1.93 0.500987
1.94 0.503744
1.95 0.506481
1.96 0.509198
1.97 0.511896
1.98 0.514577
1.99 0.51724
2 0.519886
2.01 0.522517
2.02 0.525134
2.03 0.527737
2.04 0.530327
2.05 0.532905
2.06 0.535473
2.07 0.538032
2.08 0.540582
2.09 0.543124
2.1 0.54566
2.11 0.548191
2.12 0.550717
2.13 0.55324
2.14 0.555761
2.15 0.55828
2.16 0.560799
2.17 0.563319
2.18 0.565841
2.19 0.568365
2.2 0.570892
2.21 0.573424
2.22 0.575961
2.23 0.578505
2.24 0.581055
2.25 0.583612
2.26 0.586178
2.27 0.588753
2.28 0.591338
2.29 0.593932
2.3 0.596538
2.31 0.599156
2.32 0.601785
2.33 0.604427
2.34 0.607081
2.35 0.609749
2.36 0.612431
2.37 0.615127
2.38 0.617838
2.39 0.620563
2.4 0.623303
2.41 0.626058
2.42 0.628829
2.43 0.631615
2.44 0.634417
2.45 0.637235
2.46 0.640069
2.47 0.642919
2.48 0.645785
2.49 0.648666
2.5 0.651564
2.51 0.654478
2.52 0.657408
2.53 0.660353
2.54 0.663315
2.55 0.666292
2.56 0.669284
2.57 0.672292
2.58 0.675315
2.59 0.678352
2.6 0.681405
2.61 0.684472
2.62 0.687554
2.63 0.69065
2.64 0.69376
2.65 0.696883
2.66 0.70002
2.67 0.703169
2.68 0.706332
2.69 0.709507
2.7 0.712695
2.71 0.715894
2.72 0.719105
2.73 0.722328
2.74 0.725561
2.75 0.728806
2.76 0.73206
2.77 0.735326
2.78 0.7386
2.79 0.741885
2.8 0.745179
2.81 0.748481
2.82 0.751793
2.83 0.755112
2.84 0.75844
2.85 0.761776
2.86 0.765119
2.87 0.768469
2.88 0.771826
2.89 0.77519
2.9 0.77856
2.91 0.781936
2.92 0.785318
2.93 0.788706
2.94 0.792099
2.95 0.795497
2.96 0.7989
2.97 0.802308
2.98 0.80572
2.99 0.809136
3 0.812556
3.01 0.81598
3.02 0.819407
3.03 0.822838
3.04 0.826271
3.05 0.829708
3.06 0.833148
3.07 0.83659
3.08 0.840035
3.09 0.843482
3.1 0.846931
3.11 0.850383
3.12 0.853836
3.13 0.857291
3.14 0.860747
3.15 0.864206
3.16 0.867665
3.17 0.871126
3.18 0.874589
3.19 0.878052
3.2 0.881517
3.21 0.884983
3.22 0.888449
3.23 0.891917
3.24 0.895385
3.25 0.898854
3.26 0.902324
3.27 0.905795
3.28 0.909266
3.29 0.912738
3.3 0.916211
3.31 0.919685
3.32 0.923159
3.33 0.926633
3.34 0.930109
3.35 0.933585
3.36 0.937061
3.37 0.940539
3.38 0.944017
3.39 0.947495
3.4 0.950975
3.41 0.954455
3.42 0.957936
3.43 0.961418
3.44 0.964901
3.45 0.968385
3.46 0.97187
3.47 0.975356
3.48 0.978844
3.49 0.982332
3.5 0.985822
3.51 0.989313
3.52 0.992805
3.53 0.996299
3.54 0.999795
3.55 1.00329
3.56 1.00679
3.57 1.01029
3.58 1.0138
3.59 1.0173
3.6 1.02081
3.61 1.02432
3.62 1.02783
3.63 1.03134
3.64 1.03486
3.65 1.03838
3.66 1.0419
3.67 1.04543
3.68 1.04895
3.69 1.05249
3.7 1.05602
3.71 1.05956
3.72 1.0631
3.73 1.06664
3.74 1.07019
3.75 1.07375
3.76 1.0773
3.77 1.08086
3.78 1.08443
3.79 1.088
3.8 1.09157
3.81 1.09515
3.82 1.09873
3.83 1.10232
3.84 1.10591
3.85 1.10951
3.86 1.11312
3.87 1.11673
3.88 1.12034
3.89 1.12396
3.9 1.12759
3.91 1.13122
3.92 1.13486
3.93 1.1385
3.94 1.14215
3.95 1.14581
3.96 1.14947
3.97 1.15314
3.98 1.15682
3.99 1.16051
4 1.1642
4.01 1.1679
4.02 1.17161
4.03 1.17532
4.04 1.17904
4.05 1.18277
4.06 1.18651
4.07 1.19026
4.08 1.19402
4.09 1.19778
4.1 1.20155
4.11 1.20533
4.12 1.20912
4.13 1.21292
4.14 1.21673
4.15 1.22055
4.16 1.22437
4.17 1.22821
4.18 1.23206
4.19 1.23591
4.2 1.23978
4.21 1.24366
4.22 1.24754
4.23 1.25144
4.24 1.25535
4.25 1.25926
4.26 1.26319
4.27 1.26713
4.28 1.27108
4.29 1.27505
4.3 1.27902
4.31 1.283
4.32 1.287
4.33 1.29101
4.34 1.29503
4.35 1.29906
4.36 1.3031
4.37 1.30716
4.38 1.31123
4.39 1.31531
4.4 1.3194
4.41 1.32351
4.42 1.32762
4.43 1.33176
4.44 1.3359
4.45 1.34006
4.46 1.34423
4.47 1.34841
4.48 1.35261
4.49 1.35682
4.5 1.36104
4.51 1.36528
4.52 1.36953
4.53 1.3738
4.54 1.37808
4.55 1.38237
4.56 1.38668
4.57 1.391
4.58 1.39534
4.59 1.39969
4.6 1.40406
4.61 1.40844
4.62 1.41284
4.63 1.41725
4.64 1.42167
4.65 1.42611
4.66 1.43057
4.67 1.43504
4.68 1.43952
4.69 1.44403
4.7 1.44854
4.71 1.45308
4.72 1.45762
4.73 1.46219
4.74 1.46677
4.75 1.47136
4.76 1.47597
4.77 1.4806
4.78 1.48524
4.79 1.4899
4.8 1.49457
4.81 1.49927
4.82 1.50397
4.83 1.5087
4.84 1.51343
4.85 1.51819
4.86 1.52296
4.87 1.52775
4.88 1.53256
4.89 1.53738
4.9 1.54221
4.91 1.54707
4.92 1.55194
4.93 1.55683
4.94 1.56173
4.95 1.56665
4.96 1.57159
4.97 1.57654
4.98 1.58151
4.99 1.5865
5 1.5915
5.01 1.59652
5.02 1.60155
5.03 1.60661
5.04 1.61168
5.05 1.61676
5.06 1.62187
5.07 1.62699
5.08 1.63212
5.09 1.63727
5.1 1.64244
5.11 1.64763
5.12 1.65283
5.13 1.65805
5.14 1.66328
5.15 1.66853
5.16 1.6738
5.17 1.67908
5.18 1.68438
5.19 1.6897
5.2 1.69503
5.21 1.70038
5.22 1.70574
5.23 1.71112
5.24 1.71652
5.25 1.72193
5.26 1.72736
5.27 1.7328
5.28 1.73826
5.29 1.74374
5.3 1.74923
5.31 1.75473
5.32 1.76025
5.33 1.76579
5.34 1.77134
5.35 1.77691
5.36 1.78249
5.37 1.78808
5.38 1.7937
5.39 1.79932
5.4 1.80496
5.41 1.81062
5.42 1.81629
5.43 1.82197
5.44 1.82767
5.45 1.83338
5.46 1.83911
5.47 1.84485
5.48 1.85061
5.49 1.85637
5.5 1.86216
5.51 1.86795
5.52 1.87376
5.53 1.87959
5.54 1.88542
5.55 1.89127
5.56 1.89714
5.57 1.90301
5.58 1.9089
5.59 1.9148
5.6 1.92072
5.61 1.92665
5.62 1.93259
5.63 1.93854
5.64 1.94451
5.65 1.95049
5.66 1.95648
5.67 1.96248
5.68 1.9685
5.69 1.97452
5.7 1.98056
5.71 1.98662
5.72 1.99268
5.73 1.99876
5.74 2.00484
5.75 2.01094
5.76 2.01706
5.77 2.02318
5.78 2.02932
5.79 2.03546
5.8 2.04162
5.81 2.0478
5.82 2.05398
5.83 2.06018
5.84 2.06638
5.85 2.0726
5.86 2.07883
5.87 2.08508
5.88 2.09133
5.89 2.0976
5.9 2.10388
5.91 2.11017
5.92 2.11648
5.93 2.1228
5.94 2.12913
5.95 2.13547
5.96 2.14183
5.97 2.1482
5.98 2.15458
5.99 2.16098
6 2.16739
6.01 2.17381
6.02 2.18025
6.03 2.1867
6.04 2.19316
6.05 2.19964
6.06 2.20614
6.07 2.21265
6.08 2.21917
6.09 2.22571
6.1 2.23227
6.11 2.23884
6.12 2.24543
6.13 2.25204
6.14 2.25866
6.15 2.2653
6.16 2.27196
6.17 2.27864
6.18 2.28533
6.19 2.29205
6.2 2.29878
6.21 2.30554
6.22 2.31231
6.23 2.3191
6.24 2.32592
6.25 2.33276
6.26 2.33961
6.27 2.3465
6.28 2.3534
6.29 2.36033
6.3 2.36728
6.31 2.37426
6.32 2.38126
6.33 2.38829
6.34 2.39534
6.35 2.40242
6.36 2.40953
6.37 2.41666
6.38 2.42383
6.39 2.43102
6.4 2.43824
6.41 2.4455
6.42 2.45278
6.43 2.4601
6.44 2.46745
6.45 2.47483
6.46 2.48225
6.47 2.4897
6.48 2.49718
6.49 2.5047
6.5 2.51226
6.51 2.51985
6.52 2.52748
6.53 2.53515
6.54 2.54286
6.55 2.55061
6.56 2.5584
6.57 2.56623
6.58 2.57411
6.59 2.58202
6.6 2.58998
6.61 2.59798
6.62 2.60603
6.63 2.61412
6.64 2.62226
6.65 2.63045
6.66 2.63868
6.67 2.64696
6.68 2.65529
6.69 2.66367
6.7 2.6721
6.71 2.68058
6.72 2.68911
6.73 2.69769
6.74 2.70632
6.75 2.71501
6.76 2.72375
6.77 2.73255
6.78 2.7414
6.79 2.7503
6.8 2.75926
6.81 2.76828
6.82 2.77735
6.83 2.78648
6.84 2.79567
6.85 2.80492
6.86 2.81422
6.87 2.82358
6.88 2.83301
6.89 2.84249
6.9 2.85203
6.91 2.86162
6.92 2.87128
6.93 2.881
6.94 2.89078
6.95 2.90062
6.96 2.91052
6.97 2.92048
6.98 2.93051
6.99 2.94059
7 2.95073
7.01 2.96093
7.02 2.9712
7.03 2.98152
7.04 2.9919
7.05 3.00235
7.06 3.01285
7.07 3.02341
7.08 3.03403
7.09 3.04471
7.1 3.05545
7.11 3.06624
7.12 3.07709
7.13 3.088
7.14 3.09896
7.15 3.10998
7.16 3.12106
7.17 3.13219
7.18 3.14337
7.19 3.1546
7.2 3.16589
7.21 3.17722
7.22 3.18861
7.23 3.20005
7.24 3.21153
7.25 3.22306
7.26 3.23464
7.27 3.24626
7.28 3.25792
7.29 3.26963
7.3 3.28138
7.31 3.29317
7.32 3.30499
7.33 3.31686
7.34 3.32876
7.35 3.34069
7.36 3.35266
7.37 3.36466
7.38 3.3767
7.39 3.38876
7.4 3.40084
7.41 3.41296
7.42 3.4251
7.43 3.43726
7.44 3.44944
7.45 3.46164
7.46 3.47386
7.47 3.4861
7.48 3.49835
7.49 3.51061
7.5 3.52289
7.51 3.53517
7.52 3.54747
7.53 3.55976
7.54 3.57207
7.55 3.58437
7.56 3.59668
7.57 3.60899
7.58 3.62129
7.59 3.63359
7.6 3.64589
7.61 3.65818
7.62 3.67045
7.63 3.68272
7.64 3.69498
7.65 3.70722
7.66 3.71944
7.67 3.73165
7.68 3.74384
7.69 3.756
7.7 3.76815
7.71 3.78027
7.72 3.79237
7.73 3.80443
7.74 3.81648
7.75 3.82849
7.76 3.84046
7.77 3.85241
7.78 3.86432
7.79 3.8762
7.8 3.88804
7.81 3.89984
7.82 3.9116
7.83 3.92332
7.84 3.935
7.85 3.94663
7.86 3.95822
7.87 3.96976
7.88 3.98125
7.89 3.9927
7.9 4.0041
7.91 4.01544
7.92 4.02673
7.93 4.03797
7.94 4.04916
7.95 4.06029
7.96 4.07136
7.97 4.08237
7.98 4.09333
7.99 4.10423
8 4.11506
8.01 4.12584
8.02 4.13655
8.03 4.14719
8.04 4.15778
8.05 4.16829
8.06 4.17874
8.07 4.18912
8.08 4.19944
8.09 4.20968
8.1 4.21985
8.11 4.22995
8.12 4.23998
8.13 4.24994
8.14 4.25982
8.15 4.26963
8.16 4.27936
8.17 4.28901
8.18 4.29859
8.19 4.30809
8.2 4.31751
8.21 4.32685
8.22 4.3361
8.23 4.34528
8.24 4.35437
8.25 4.36338
8.26 4.37231
8.27 4.38115
8.28 4.3899
8.29 4.39857
8.3 4.40715
8.31 4.41564
8.32 4.42405
8.33 4.43236
8.34 4.44059
8.35 4.44872
8.36 4.45676
8.37 4.46471
8.38 4.47257
8.39 4.48034
8.4 4.48801
8.41 4.49559
8.42 4.50307
8.43 4.51046
8.44 4.51775
8.45 4.52494
8.46 4.53204
8.47 4.53905
8.48 4.54595
8.49 4.55276
8.5 4.55947
8.51 4.56608
8.52 4.57259
8.53 4.57901
8.54 4.58533
8.55 4.59155
8.56 4.59767
8.57 4.60369
8.58 4.60961
8.59 4.61543
8.6 4.62116
8.61 4.62678
8.62 4.63231
8.63 4.63774
8.64 4.64307
8.65 4.6483
8.66 4.65344
8.67 4.65847
8.68 4.66341
8.69 4.66826
8.7 4.673
8.71 4.67765
8.72 4.6822
8.73 4.68666
8.74 4.69102
8.75 4.69529
8.76 4.69947
8.77 4.70355
8.78 4.70753
8.79 4.71143
8.8 4.71523
8.81 4.71894
8.82 4.72256
8.83 4.72609
8.84 4.72953
8.85 4.73289
8.86 4.73615
8.87 4.73933
8.88 4.74242
8.89 4.74542
8.9 4.74834
8.91 4.75118
8.92 4.75393
8.93 4.7566
8.94 4.75918
8.95 4.76169
8.96 4.76412
8.97 4.76646
8.98 4.76873
8.99 4.77092
9 4.77303
9.01 4.77507
9.02 4.77703
9.03 4.77892
9.04 4.78073
9.05 4.78247
9.06 4.78414
9.07 4.78574
9.08 4.78727
9.09 4.78873
9.1 4.79012
9.11 4.79144
9.12 4.7927
9.13 4.79389
9.14 4.79502
9.15 4.79608
9.16 4.79708
9.17 4.79802
9.18 4.7989
9.19 4.79972
9.2 4.80047
9.21 4.80117
9.22 4.80181
9.23 4.8024
9.24 4.80293
9.25 4.8034
9.26 4.80382
9.27 4.80418
9.28 4.80449
9.29 4.80475
9.3 4.80496
9.31 4.80512
9.32 4.80523
9.33 4.80529
9.34 4.8053
9.35 4.80526
9.36 4.80518
9.37 4.80505
9.38 4.80488
9.39 4.80466
9.4 4.8044
9.41 4.8041
9.42 4.80375
9.43 4.80336
9.44 4.80294
9.45 4.80247
9.46 4.80196
9.47 4.80141
9.48 4.80083
9.49 4.80021
9.5 4.79955
9.51 4.79885
9.52 4.79812
9.53 4.79735
9.54 4.79655
9.55 4.79572
9.56 4.79485
9.57 4.79395
9.58 4.79302
9.59 4.79206
9.6 4.79106
9.61 4.79004
9.62 4.78898
9.63 4.7879
9.64 4.78679
9.65 4.78564
9.66 4.78448
9.67 4.78328
9.68 4.78206
9.69 4.78081
9.7 4.77953
9.71 4.77823
9.72 4.77691
9.73 4.77556
9.74 4.77418
9.75 4.77278
9.76 4.77136
9.77 4.76992
9.78 4.76845
9.79 4.76697
9.8 4.76546
9.81 4.76393
9.82 4.76237
9.83 4.7608
9.84 4.75921
9.85 4.7576
9.86 4.75597
9.87 4.75432
9.88 4.75265
9.89 4.75096
9.9 4.74926
9.91 4.74753
9.92 4.74579
9.93 4.74404
9.94 4.74226
9.95 4.74047
9.96 4.73867
9.97 4.73685
9.98 4.73501
9.99 4.73316
10 4.73129
10.001 0
